m: 250
n: 50
k: 8

Distancias:
56 63 85 68 59 35 25 54 86 51 91 12 50 72 9 11 36 14 72 25 16 20 98 49 87 87 58 98 99 94 83 60 65 21 10 32 84 87 33 96 65 62 11 56 56 79 70 93 33 50
72 22 33 46 73 98 55 43 75 48 83 50 21 16 2 94 70 3 53 87 80 86 66 7 75 35 31 8 74 93 42 19 35 39 57 96 15 59 67 34 24 57 87 89 22 13 46 14 13 61
72 53 85 90 45 85 42 55 22 54 9 60 56 25 89 23 19 82 45 62 61 72 5 83 89 46 93 56 35 36 17 40 87 35 60 42 5 10 80 54 81 37 87 11 50 53 72 3 51 38
32 78 84 12 33 48 53 54 3 36 68 23 14 87 57 11 53 15 88 9 17 79 13 62 72 68 85 6 23 12 80 82 72 81 31 55 52 58 44 29 21 6 90 81 88 42 27 89 9 73
19 58 7 74 93 80 32 70 73 23 93 4 51 53 37 31 54 45 63 30 59 45 70 80 56 14 37 86 8 36 35 74 6 55 28 23 72 96 1 66 29 11 13 9 85 25 26 62 82 69
34 53 73 73 30 44 85 4 11 39 43 12 66 29 95 5 83 46 39 46 13 59 75 51 38 58 25 62 32 18 91 92 42 58 10 38 31 75 40 51 50 52 11 51 32 50 82 84 94 34
4 96 68 18 48 8 61 71 83 96 49 52 58 74 56 50 2 29 57 93 6 24 52 50 13 97 64 13 68 33 60 31 53 91 8 73 90 68 15 70 59 16 14 39 59 17 31 74 78 63
72 78 48 2 20 42 68 54 17 13 62 89 2 76 71 47 66 33 7 89 60 75 26 7 80 98 75 49 10 55 2 6 81 49 61 69 52 88 77 84 50 62 3 44 74 71 21 81 79 40
54 67 34 33 92 85 97 85 94 25 1 22 22 13 65 61 14 94 90 38 28 42 60 23 97 79 40 95 12 98 5 16 60 77 30 90 52 47 46 90 49 75 91 89 73 26 30 94 48 43
34 33 43 67 64 81 93 60 94 19 44 84 3 41 93 25 19 81 65 46 16 55 76 77 32 65 19 28 23 3 29 57 3 7 95 75 13 13 40 83 89 89 49 86 6 61 56 41 68 12
55 7 91 8 19 73 67 41 42 73 89 31 33 88 26 41 37 97 96 58 22 87 78 36 84 77 49 37 85 33 14 11 9 83 32 8 3 44 96 59 98 16 27 42 9 25 72 42 48 3
95 73 58 68 72 7 80 3 33 35 38 42 6 3 63 71 81 8 5 92 68 37 13 60 52 70 68 86 20 90 67 95 7 63 40 96 50 28 24 19 50 6 61 75 26 69 73 35 23 97
79 79 28 5 22 48 96 90 56 7 52 72 33 15 94 38 65 33 25 39 52 27 9 36 30 32 81 9 94 4 64 34 46 61 55 2 72 73 3 33 43 44 67 28 93 13 41 40 73 98
25 30 26 21 74 74 92 13 88 66 24 5 19 64 88 43 83 89 20 10 54 90 22 46 41 52 27 84 52 53 16 65 16 50 19 81 10 9 38 66 55 16 1 87 36 50 28 33 13 70
55 86 8 74 88 3 2 73 95 58 5 16 36 26 61 23 64 70 28 97 33 86 10 61 81 24 64 87 54 55 52 80 51 80 48 16 21 56 54 85 87 82 54 22 69 34 41 84 11 55
53 40 1 67 24 78 71 92 8 56 60 80 46 77 10 80 82 61 36 48 16 13 40 85 9 39 20 47 29 82 62 60 60 98 81 61 61 53 74 85 78 63 18 11 95 2 63 11 12 94
26 95 22 9 87 74 43 66 52 52 43 3 32 81 71 59 45 4 52 91 75 55 31 45 4 57 48 19 65 99 29 82 94 99 56 8 47 25 1 42 42 96 18 74 75 79 19 31 27 89
43 38 88 37 64 29 21 1 2 63 16 59 50 60 82 23 62 66 41 76 88 63 24 17 38 15 39 74 74 29 80 80 82 86 42 28 59 94 3 91 23 83 53 29 14 49 61 61 5 48
73 12 40 92 50 73 82 43 66 33 14 39 73 23 41 61 64 99 68 1 31 91 68 4 52 89 12 70 8 36 16 9 93 28 62 24 16 9 54 46 55 85 83 1 15 82 13 90 24 79
93 98 74 25 65 63 8 11 24 83 16 17 12 26 60 13 97 78 91 72 13 28 80 35 44 24 61 59 83 49 85 18 85 85 1 16 52 8 57 94 96 46 51 81 76 31 80 33 67 10
85 89 26 12 31 48 48 37 66 98 52 6 25 75 35 47 42 38 66 99 36 17 29 13 80 78 84 87 12 69 10 15 30 58 7 63 20 89 82 10 95 73 60 43 82 29 64 41 11 91
36 5 51 18 40 6 54 14 6 18 92 72 2 99 4 39 47 78 76 30 32 56 16 11 91 82 99 48 18 41 93 50 95 39 34 55 30 59 54 98 91 8 79 31 17 34 45 30 46 10
51 20 30 44 49 79 98 75 66 52 71 53 28 83 36 33 18 34 35 98 48 60 42 65 44 11 9 87 23 50 46 64 55 29 56 73 46 48 61 1 13 41 4 87 96 7 79 60 17 61
14 58 41 4 35 54 60 1 91 62 22 14 10 88 93 16 51 26 25 36 1 23 59 58 33 19 9 84 59 36 98 59 96 3 10 15 5 80 95 98 78 42 78 95 26 74 8 97 77 30
70 33 38 50 98 81 72 26 76 23 34 97 54 15 88 81 31 37 35 16 17 87 86 82 62 12 39 36 89 52 83 28 41 23 23 27 19 26 78 77 11 78 89 53 14 36 42 24 73 34
1 94 57 1 30 65 66 91 42 84 23 53 16 44 20 22 46 14 61 90 26 63 69 43 68 28 81 21 79 40 77 50 83 42 65 38 29 78 2 55 5 41 29 98 48 49 69 8 72 70
48 67 90 86 55 93 76 36 27 89 39 36 24 48 25 64 69 59 45 12 1 63 54 64 85 99 97 12 42 46 33 62 65 82 15 4 81 14 34 62 33 13 45 4 44 9 59 37 14 68
44 48 7 52 53 61 49 73 70 7 7 55 49 79 88 22 35 77 96 87 63 58 23 41 43 29 83 63 13 24 22 15 47 7 71 26 52 83 15 41 51 40 84 81 20 40 84 79 6 13
16 61 45 61 17 2 95 42 92 53 25 74 15 82 57 50 2 73 83 49 52 87 50 99 94 32 44 38 78 38 21 20 76 54 66 95 52 29 10 57 41 31 58 10 90 54 55 68 33 26
67 49 99 93 86 24 75 19 36 54 31 86 36 28 98 30 20 29 57 44 19 38 92 39 62 30 8 85 32 40 15 18 14 79 82 65 74 92 77 71 92 68 38 69 60 33 9 26 88 90
91 6 15 29 10 49 47 54 42 20 98 19 92 33 59 60 24 12 45 67 72 95 16 56 35 11 41 64 29 51 27 74 92 70 61 39 15 10 19 53 24 12 51 91 9 8 78 11 72 63
36 29 7 52 11 80 55 11 95 60 96 72 71 1 64 29 97 89 32 25 86 13 57 84 94 64 82 59 25 92 84 97 84 65 92 24 21 19 56 94 49 3 56 81 93 59 20 35 3 52
67 35 18 5 27 94 42 17 85 12 88 84 80 10 70 13 81 49 40 35 18 35 99 98 36 94 26 13 15 44 18 7 39 96 57 69 42 76 19 47 80 93 11 38 18 30 26 31 31 92
82 27 29 82 19 50 47 87 32 4 65 88 37 49 20 60 9 79 99 47 21 33 74 39 44 86 30 80 47 80 18 87 4 20 76 26 3 72 80 73 86 56 83 38 9 69 16 80 28 94
98 1 58 13 78 59 99 30 11 63 33 40 99 20 13 89 76 38 97 84 54 17 10 17 56 12 12 49 48 48 31 68 53 36 86 43 52 17 35 51 74 28 50 68 26 55 54 17 78 40
88 10 31 50 17 80 58 8 44 58 18 82 7 64 38 40 94 86 60 34 4 13 49 50 87 2 36 70 76 32 85 39 17 41 18 62 14 77 90 71 48 99 90 80 1 40 83 24 7 97
4 86 45 23 25 79 18 99 98 70 64 87 97 23 84 82 11 1 84 60 33 80 26 76 20 71 3 4 88 43 93 12 50 41 52 63 1 99 9 99 95 20 64 53 51 20 58 36 98 52
46 92 91 89 85 31 74 81 90 6 85 32 87 26 65 82 70 38 36 69 90 35 32 78 42 35 51 57 39 58 10 55 20 90 43 79 23 83 44 91 35 93 18 36 65 31 24 24 84 99
12 5 78 37 76 82 69 17 79 39 65 57 31 10 46 73 95 85 36 15 62 41 72 43 43 34 21 94 42 24 18 93 12 76 83 1 9 62 9 94 78 22 19 74 83 31 80 28 89 9
16 79 20 71 9 83 79 5 87 81 83 84 82 51 30 6 26 4 25 73 5 23 70 39 24 12 14 42 91 59 66 31 81 72 56 43 69 38 90 47 7 74 33 26 50 7 53 11 53 34
40 37 29 90 13 88 64 84 9 27 49 33 20 75 5 80 71 47 11 76 1 42 53 42 93 64 5 81 81 43 66 78 35 65 34 28 80 40 35 47 2 30 89 50 97 31 96 78 92 93
45 88 40 41 39 71 25 39 48 12 32 98 51 82 75 29 10 1 86 11 34 75 70 3 8 61 57 58 8 87 30 57 90 36 64 42 59 5 71 67 5 76 40 78 63 12 70 78 52 87
34 46 82 68 71 80 19 94 13 5 28 11 39 43 82 34 17 60 7 96 75 52 11 40 21 65 88 50 5 1 84 45 74 84 33 5 53 89 91 51 63 88 71 60 80 97 76 7 47 71
31 70 41 70 42 81 87 14 96 18 95 34 59 77 72 16 29 35 73 80 31 12 25 16 80 78 57 78 12 82 48 85 69 74 13 10 66 28 9 19 70 62 41 71 24 37 54 63 73 71
46 41 6 88 52 81 44 66 75 7 98 77 37 50 62 68 30 50 25 48 32 94 81 21 37 24 24 47 51 84 57 59 79 72 46 78 59 28 50 98 82 2 34 75 29 78 79 53 20 78
13 83 2 67 3 26 91 17 32 50 73 11 72 8 72 77 61 87 87 84 39 22 67 30 78 7 14 87 77 81 80 2 69 11 95 4 45 30 82 94 43 41 80 4 39 8 86 94 1 28
41 7 12 8 5 67 1 19 53 92 18 57 8 49 7 47 22 59 92 57 74 82 80 54 60 60 41 22 69 95 33 52 22 38 49 14 28 1 82 30 37 80 86 88 84 25 20 33 59 67
22 11 60 77 23 48 34 81 5 79 12 15 61 13 16 93 29 35 18 27 71 15 27 74 65 14 11 51 25 7 75 15 87 11 19 72 87 1 86 82 72 1 78 89 68 34 59 16 74 12
3 1 62 45 4 98 86 19 58 84 35 86 40 35 73 50 4 10 92 96 49 15 44 83 30 93 90 65 76 1 69 53 56 47 22 79 32 46 89 69 95 41 55 42 86 21 3 60 84 6
15 94 35 65 19 99 30 24 83 65 77 10 49 53 43 20 85 34 44 65 85 67 98 74 91 38 61 22 24 61 93 88 22 97 99 87 61 76 32 31 10 10 85 84 3 96 29 19 66 54
68 14 51 31 6 29 71 6 77 7 25 5 66 62 11 53 42 41 6 51 61 9 72 5 13 17 17 81 5 19 3 54 4 27 43 83 21 95 69 71 23 17 86 31 30 39 49 54 80 47
34 28 80 85 28 81 13 36 22 86 44 31 76 6 78 55 99 89 5 76 44 49 5 10 60 82 62 80 68 41 94 45 63 10 16 93 93 68 52 24 15 93 2 84 66 15 87 3 62 8
56 34 83 97 71 12 31 75 82 37 85 28 96 19 99 9 74 45 32 12 92 36 26 34 93 38 14 43 80 43 89 91 62 58 99 86 22 37 2 19 29 33 45 65 10 17 84 67 38 97
30 51 75 31 3 45 47 43 25 61 2 45 59 94 31 17 92 67 8 42 88 91 90 87 45 44 76 67 56 74 16 12 60 23 23 55 93 79 60 37 29 26 39 48 55 95 43 98 96 59
88 13 97 13 43 57 87 57 2 75 10 37 52 79 27 59 55 88 82 38 32 36 16 77 17 77 1 14 69 71 82 8 49 9 4 24 25 26 5 86 63 30 26 72 46 66 86 79 12 41
59 56 39 7 66 80 49 86 15 36 16 88 58 4 27 1 41 3 99 93 67 58 11 31 7 11 2 51 7 97 47 96 78 58 1 80 4 74 75 56 41 69 21 3 17 77 30 90 32 21
7 38 96 48 45 98 26 5 38 79 70 21 91 54 76 48 79 6 31 15 43 8 33 41 98 99 3 19 30 85 73 24 10 13 7 43 9 98 80 96 74 35 74 90 30 47 49 31 58 57
26 30 88 96 70 72 7 19 1 31 91 15 84 33 5 72 12 10 94 90 56 77 30 9 87 9 22 77 56 38 46 6 44 26 57 82 96 65 81 53 18 86 46 61 3 24 12 29 7 30
73 60 83 39 87 74 83 83 99 42 54 51 37 35 64 86 23 55 30 92 5 99 53 81 76 24 34 36 75 49 21 31 62 15 88 57 47 73 46 57 72 26 93 25 38 82 16 71 86 29
32 37 94 52 25 90 92 94 95 38 6 88 44 75 24 64 67 96 80 27 10 80 47 71 72 36 38 69 87 26 37 47 19 65 41 98 29 42 5 44 41 72 71 42 75 91 5 61 30 37
46 41 29 20 85 48 59 20 30 25 66 15 62 11 59 84 51 47 52 77 81 60 21 97 58 67 53 27 69 4 71 73 22 88 63 85 6 50 10 67 60 38 13 41 33 59 52 62 29 78
64 84 59 51 56 55 58 33 63 70 16 63 12 56 98 83 64 99 26 35 78 82 68 57 75 77 99 61 61 13 33 72 86 44 87 74 5 49 33 74 9 57 90 96 41 76 32 49 71 85
63 33 15 8 1 77 74 50 45 9 1 69 10 61 87 14 97 94 9 94 16 21 95 46 66 54 16 73 33 48 86 17 65 96 92 30 52 63 99 8 53 96 90 59 66 20 90 11 90 18
18 81 9 2 35 29 61 30 76 65 20 61 68 88 37 26 35 60 72 24 48 73 77 44 1 37 79 70 9 92 51 97 27 85 71 60 76 7 97 91 73 6 96 78 12 95 78 78 11 92
45 72 82 57 24 47 22 85 80 15 11 60 51 45 42 52 86 23 71 14 19 19 2 56 33 34 12 80 20 73 6 95 72 55 11 89 84 36 68 47 35 22 96 68 98 22 5 67 90 15
79 18 33 46 39 1 62 1 65 59 39 89 36 12 68 75 12 8 13 6 84 99 63 32 22 58 86 5 9 89 77 85 40 78 14 6 57 98 56 78 5 87 52 63 30 39 50 8 58 41
72 4 60 15 44 31 81 20 38 62 29 67 93 34 85 61 17 86 46 33 64 94 9 30 57 1 79 98 96 97 5 40 62 75 59 60 97 39 33 70 42 63 20 51 24 97 39 43 25 11
13 15 30 86 1 60 66 56 75 74 39 39 96 1 13 95 53 69 41 38 96 24 58 98 83 51 42 43 5 57 64 83 69 2 28 64 15 21 4 6 15 51 98 73 91 60 52 25 20 26
43 68 69 73 93 43 37 15 96 86 83 30 62 34 10 38 33 46 6 85 83 46 53 59 37 97 90 1 56 48 99 95 29 26 23 81 34 35 53 17 1 59 62 24 87 36 83 56 25 47
14 69 45 4 43 51 22 13 61 9 17 56 28 58 31 55 56 17 69 75 16 87 18 13 64 86 51 84 62 70 68 9 35 88 14 45 86 75 1 5 5 98 86 97 9 66 18 79 40 15
1 95 59 43 28 50 75 66 89 35 99 91 70 48 73 32 42 27 90 90 84 93 3 81 45 80 54 91 23 79 85 83 82 56 10 96 66 46 31 4 18 29 31 85 50 45 99 76 44 21
75 54 77 23 67 32 67 29 80 56 24 56 95 50 42 95 26 79 11 66 79 87 36 49 56 43 95 37 83 94 96 93 95 66 7 7 7 34 14 87 1 85 52 75 68 64 37 83 73 91
89 20 85 71 41 16 35 96 32 13 90 78 80 55 88 33 92 27 83 43 20 37 7 40 62 34 22 6 48 38 24 39 40 78 66 38 35 30 75 92 13 97 97 98 90 22 5 56 76 66
27 52 35 57 53 95 18 95 59 98 41 11 3 99 46 97 97 54 29 44 10 82 94 60 38 27 32 73 89 38 16 42 22 6 6 66 87 57 22 81 61 15 91 10 28 9 17 28 62 38
17 9 97 72 5 3 81 73 92 7 82 4 96 72 41 59 50 1 1 17 85 36 27 69 9 51 52 74 86 43 50 33 49 60 76 12 97 41 91 85 56 10 28 39 71 66 12 39 14 69
80 93 67 69 46 36 51 80 83 82 11 85 25 8 8 16 31 90 24 72 67 51 45 56 63 70 35 12 82 9 96 43 60 5 69 62 27 48 17 3 78 66 63 99 82 78 10 93 81 51
19 30 7 22 85 38 50 72 77 64 17 14 9 5 79 16 8 33 16 5 18 47 6 64 58 50 93 22 65 79 25 35 95 21 54 2 88 58 18 21 26 9 33 50 41 91 88 68 45 82
38 40 47 42 62 66 91 98 52 41 22 15 75 67 78 75 12 44 83 10 71 68 85 19 11 25 35 90 12 50 17 96 55 15 82 23 69 83 52 5 35 83 76 71 48 26 93 61 84 62
37 6 56 23 75 98 64 7 89 61 60 54 92 26 18 30 38 29 58 68 27 59 70 4 49 68 76 93 24 22 67 12 74 46 54 78 39 39 49 6 10 6 56 43 4 92 52 9 63 2
20 1 94 10 13 33 83 45 53 28 75 69 56 48 83 41 66 54 88 13 75 78 95 34 1 3 83 11 87 67 76 35 42 8 21 77 17 30 2 47 46 20 31 4 34 58 60 70 75 19
57 76 75 53 49 1 44 5 79 50 69 1 19 98 75 99 50 86 4 61 55 50 41 3 47 98 45 44 33 60 72 81 9 95 86 83 24 14 65 51 26 77 30 22 85 10 57 67 12 36
81 71 82 21 62 6 98 69 57 48 18 22 49 99 78 81 49 4 67 7 98 77 52 50 21 88 23 56 88 95 54 68 80 4 72 33 95 94 58 52 70 32 66 39 10 46 90 1 44 92
95 10 6 32 85 4 26 22 51 13 5 85 80 52 71 63 41 5 78 92 5 62 90 38 79 57 9 20 84 39 49 42 49 17 48 21 64 12 50 68 42 37 73 87 11 71 97 2 59 33
59 52 87 6 36 1 75 98 48 90 40 70 42 26 8 25 61 79 99 69 48 9 12 20 29 3 78 88 7 42 55 5 31 49 18 43 59 12 9 66 76 39 24 93 45 66 77 58 64 24
67 91 45 96 12 34 2 49 6 74 55 48 16 7 31 35 70 96 29 87 81 52 67 64 79 28 68 25 87 66 54 5 72 71 30 44 79 15 39 90 90 48 53 89 25 72 55 70 86 86
66 48 82 94 21 74 85 98 93 84 77 1 63 82 53 55 76 19 86 48 34 52 58 84 84 90 62 51 85 25 89 4 71 7 63 52 12 51 71 59 80 90 89 82 67 67 75 59 9 49
43 23 12 17 8 9 51 49 58 42 6 39 76 27 93 67 2 35 13 64 29 21 83 62 67 76 50 83 11 3 96 55 61 84 89 9 77 22 14 38 72 2 33 83 3 10 3 5 70 50
70 15 91 17 14 73 78 66 90 48 36 15 18 82 31 5 45 25 35 7 83 41 26 62 19 95 23 74 32 41 84 63 78 97 5 59 56 83 32 99 15 45 96 24 36 69 25 69 83 49
38 80 89 49 7 67 2 90 73 50 38 74 67 18 71 68 22 55 64 89 35 15 83 78 70 28 44 40 63 12 40 99 26 66 28 39 65 89 38 47 41 24 27 88 21 67 25 99 14 13
61 88 78 43 11 8 31 84 24 37 33 44 70 71 71 45 95 62 91 25 56 91 24 15 25 65 33 39 81 74 20 47 79 44 13 60 41 38 90 53 56 97 31 2 69 97 45 88 18 58
81 95 62 94 44 79 63 53 23 20 29 32 54 46 64 76 88 99 80 84 69 85 32 59 9 56 87 13 75 26 69 31 22 57 70 93 66 30 84 88 46 12 92 2 46 28 40 47 10 70
26 46 14 11 60 11 71 30 88 5 37 2 40 5 68 22 60 65 50 50 60 14 13 15 96 62 99 80 84 38 75 29 86 1 84 11 95 58 66 58 35 72 49 5 12 45 38 18 62 35
83 47 85 31 49 29 59 30 6 14 66 1 43 23 48 13 78 6 10 19 42 69 21 31 36 39 12 87 54 1 26 39 37 90 59 63 4 81 90 69 7 10 87 1 45 29 38 58 32 36
93 34 70 11 40 41 16 90 22 90 55 29 96 62 49 69 81 23 89 88 55 64 94 71 18 92 95 79 70 13 53 73 42 87 76 36 24 37 94 21 21 6 88 19 70 45 32 53 79 8
27 88 84 30 11 45 14 73 48 12 44 25 21 48 59 33 4 6 26 46 30 38 87 44 73 34 78 39 47 31 52 96 54 93 88 52 83 60 69 76 9 38 34 72 67 59 53 73 20 15
86 17 8 98 13 27 79 47 1 83 72 92 67 39 40 49 75 17 52 37 26 68 45 53 37 85 20 13 85 61 67 18 1 86 43 20 55 46 44 38 26 48 31 59 80 34 53 2 21 27
25 38 66 10 22 47 2 21 34 69 71 20 26 33 90 96 90 17 5 81 22 66 95 97 26 75 69 47 77 72 22 3 8 41 4 84 74 57 74 73 15 8 89 42 28 6 46 34 13 80
92 32 92 48 79 99 15 77 92 56 57 78 74 15 8 34 7 17 91 84 24 56 48 98 89 53 50 84 4 32 51 41 92 45 3 73 73 74 50 77 7 46 53 95 50 91 41 68 99 51
11 54 26 39 56 10 19 14 62 96 21 61 25 21 35 84 68 1 83 24 72 74 83 83 61 58 62 85 74 27 78 41 20 42 77 6 27 7 4 71 70 4 63 86 79 35 56 44 65 11
37 2 51 64 39 49 72 80 53 48 46 27 27 23 56 62 38 58 19 31 98 49 95 42 36 65 72 32 79 93 5 27 34 72 79 29 6 34 69 46 7 3 3 11 41 80 96 22 23 81
24 96 63 39 44 11 39 71 65 95 92 31 70 89 74 9 72 41 1 26 36 37 74 21 77 5 7 25 24 84 8 62 68 87 13 31 78 75 84 35 14 22 7 26 19 52 63 21 58 98
59 18 97 59 42 51 66 40 39 58 15 84 92 77 44 52 40 44 73 94 15 13 17 9 65 26 39 6 76 35 25 73 24 47 58 61 97 87 63 50 3 89 42 32 69 36 82 86 86 69
69 36 61 95 17 62 21 37 36 87 44 76 28 83 16 29 74 45 13 42 7 54 57 62 46 80 25 50 60 51 28 95 27 18 80 24 16 78 65 7 68 25 96 27 2 41 52 29 72 26
93 57 47 50 9 27 14 91 53 52 59 37 11 60 26 17 96 8 42 53 74 29 2 67 24 3 46 53 98 84 30 53 39 85 55 94 24 97 85 81 2 61 56 63 18 1 40 28 22 78
29 85 80 80 48 64 3 60 13 44 53 98 93 7 82 9 53 52 12 27 98 31 38 20 3 58 23 29 58 19 81 40 77 93 95 37 51 9 26 92 57 55 97 39 53 63 3 64 53 35
30 12 62 49 33 71 90 49 28 30 52 21 67 36 54 55 86 48 8 52 13 64 50 34 75 74 1 14 78 83 70 80 96 44 41 74 22 10 74 96 84 8 83 40 89 98 9 70 36 36
50 71 99 59 93 42 33 23 48 95 90 89 5 81 27 16 81 32 19 69 56 11 50 22 78 84 8 75 9 94 49 76 62 18 72 29 53 94 24 47 88 87 79 87 95 51 99 98 90 74
73 19 58 16 9 71 56 39 70 12 77 28 50 63 73 46 43 43 75 29 38 31 45 91 26 90 93 63 69 11 82 40 44 50 28 9 77 25 11 42 13 85 54 7 62 29 55 95 3 94
93 24 3 40 70 3 53 9 87 10 67 47 62 32 1 98 37 93 35 67 29 83 46 38 63 19 86 86 54 7 8 14 21 43 66 24 28 47 46 66 72 31 69 7 5 30 64 84 20 53
92 71 97 25 23 77 15 67 17 9 91 59 80 25 87 32 96 22 51 87 55 90 81 94 92 85 37 61 75 29 17 28 13 66 7 46 33 65 76 91 26 36 24 46 42 90 12 18 68 16
70 50 18 53 21 38 71 64 70 61 77 46 67 87 53 7 39 91 77 45 72 54 86 36 41 17 6 82 69 78 28 26 2 33 69 1 4 95 82 17 98 46 56 26 59 66 97 5 49 90
28 55 65 14 52 80 67 2 77 82 77 3 50 37 48 82 85 86 83 73 72 81 59 23 58 84 27 49 51 70 78 39 33 5 43 13 99 68 3 17 83 16 24 31 11 20 80 1 18 70
34 79 38 49 1 78 68 31 2 50 85 59 71 26 52 59 10 62 23 47 89 98 72 31 53 64 64 33 42 64 30 43 30 44 80 92 36 77 71 49 42 54 29 63 65 73 76 5 20 71
70 2 66 95 14 85 25 56 72 92 20 19 59 91 9 57 46 59 80 13 97 88 50 72 13 49 70 35 76 27 23 58 8 68 7 80 25 94 62 82 53 45 43 66 9 22 52 1 68 16
72 93 18 48 84 17 76 65 45 59 60 52 84 7 19 89 15 81 99 31 11 88 91 16 50 98 66 61 25 48 56 96 42 48 61 65 26 73 57 81 38 78 18 26 91 18 83 85 6 55
55 89 56 16 11 67 25 60 83 66 58 5 27 46 83 95 66 80 79 20 97 76 31 17 67 48 14 73 2 20 36 73 38 90 91 20 53 3 40 38 93 63 4 52 90 47 36 40 39 69
47 69 72 31 42 10 70 1 86 31 60 47 35 68 85 41 88 71 72 18 88 46 14 66 17 91 24 94 18 82 89 86 81 4 75 47 3 77 7 91 43 81 11 92 41 64 64 7 83 1
92 1 56 35 58 17 3 27 30 92 33 62 28 94 86 92 30 45 61 1 49 56 35 94 59 11 66 80 61 60 62 56 69 41 67 96 31 91 87 72 70 98 8 1 90 30 59 97 49 25
39 93 83 88 89 94 71 3 14 67 79 31 19 79 67 74 12 23 99 27 1 85 92 63 6 36 35 47 31 39 48 82 15 15 25 66 28 36 46 22 7 37 82 99 69 62 41 88 52 49
51 53 80 28 63 40 40 52 29 87 7 98 95 63 57 52 27 86 30 29 67 1 60 3 34 2 55 61 50 47 7 82 83 12 42 25 14 75 90 38 94 22 21 34 41 79 25 51 1 36
42 6 36 23 18 82 73 33 44 8 88 12 76 71 2 47 86 55 46 6 90 95 6 22 10 86 94 76 9 24 20 90 35 90 89 8 51 83 54 52 45 47 2 97 90 67 64 6 9 61
88 62 85 60 79 61 54 74 14 87 67 54 72 61 53 2 86 71 55 12 18 53 41 29 64 38 22 55 46 90 4 53 43 80 95 5 97 99 52 44 9 4 57 83 32 27 41 63 11 74
38 39 50 70 27 46 86 28 30 18 17 55 72 12 20 53 28 44 79 47 57 38 66 48 84 76 78 85 84 51 53 28 93 41 85 70 94 62 64 99 96 19 13 36 1 93 3 44 10 58
41 38 12 51 80 7 64 65 89 95 76 91 32 25 89 93 41 92 65 44 96 65 2 19 95 78 61 34 73 57 15 75 2 74 22 2 32 56 63 71 35 75 64 53 9 57 67 7 1 85
50 31 2 27 16 68 68 51 73 22 12 80 29 92 81 41 54 42 75 64 93 9 33 54 41 92 67 99 55 1 56 43 23 47 68 28 2 24 30 56 44 74 28 71 67 31 43 71 19 34
71 86 12 64 28 85 26 30 31 73 50 63 52 7 44 21 86 71 49 77 77 63 78 1 43 69 17 61 34 31 74 68 77 29 93 60 14 16 31 55 73 58 13 2 32 87 60 58 47 3
22 84 71 32 75 30 63 90 18 75 98 72 23 8 49 18 29 37 21 69 13 33 88 76 2 91 33 19 78 29 6 49 63 72 67 17 43 4 84 62 79 58 41 58 7 84 20 83 36 47
82 16 18 50 72 30 45 93 51 62 80 28 61 80 36 2 66 59 68 83 80 50 6 1 28 14 49 49 19 86 22 50 46 97 69 56 79 62 43 75 23 23 34 52 86 49 82 84 56 85
42 81 9 56 14 96 79 77 40 11 71 14 41 38 13 89 99 97 57 19 61 45 73 16 35 94 51 19 65 59 16 70 20 7 58 55 85 23 45 7 86 42 89 51 31 43 17 36 73 11
42 66 57 54 96 17 67 6 41 41 54 49 72 59 50 14 96 37 87 12 84 54 67 23 77 74 50 50 49 89 76 10 76 84 15 62 37 57 2 35 69 64 56 51 97 35 77 22 24 32
56 81 98 81 98 25 59 27 96 55 20 77 81 56 48 84 80 82 13 47 87 78 75 25 59 67 80 93 71 97 1 85 87 35 83 97 55 85 12 14 85 18 26 83 4 24 46 86 91 93
52 97 43 41 99 52 36 19 50 89 59 21 31 70 27 85 29 22 87 28 99 11 82 96 74 29 83 52 46 50 39 5 89 24 10 65 78 36 10 59 79 38 34 69 99 78 89 79 83 96
33 21 22 82 30 82 21 71 59 7 35 46 75 50 92 17 87 39 25 28 51 23 66 27 12 66 80 24 32 14 25 9 76 57 29 29 46 14 97 95 54 58 64 30 39 69 27 8 19 99
68 63 65 26 29 59 59 49 82 92 82 10 61 51 31 62 51 81 67 35 2 21 53 91 82 85 16 20 84 48 13 22 74 21 83 20 72 95 28 13 38 15 35 98 65 86 49 75 36 98
83 38 54 26 23 79 47 36 75 50 72 65 49 81 43 47 39 13 86 80 35 62 38 26 43 36 59 88 2 51 57 92 44 55 62 59 40 23 70 97 51 66 70 57 7 78 99 33 42 28
41 12 41 96 72 85 99 27 24 85 97 49 94 73 32 45 17 82 35 62 82 53 34 81 26 53 34 94 38 80 54 1 89 72 77 27 84 30 80 16 94 14 19 63 77 8 36 40 35 23
73 40 9 30 33 75 98 17 39 93 77 30 48 27 52 69 58 11 6 57 33 51 83 34 3 67 99 87 66 25 75 97 68 88 84 68 49 76 99 52 35 77 3 22 3 64 11 71 40 89
24 10 95 4 52 38 23 37 21 25 27 10 75 60 99 88 20 5 29 22 12 92 8 51 77 79 27 14 39 3 98 30 41 60 7 58 43 99 7 39 25 68 94 55 65 18 91 45 50 60
88 56 48 9 61 43 64 7 34 68 31 94 82 18 96 20 16 65 85 14 99 6 99 44 50 81 60 11 64 78 39 32 65 98 13 99 82 49 1 44 39 12 62 77 80 7 39 51 50 97
69 81 36 23 28 15 15 6 62 57 25 13 11 30 60 43 82 87 12 17 19 20 19 18 63 50 22 75 4 64 50 48 41 7 89 36 48 52 85 74 92 2 96 51 92 57 88 24 55 87
51 40 43 73 72 23 51 83 89 70 84 23 54 89 90 50 64 87 82 46 28 21 15 71 52 55 47 95 82 8 99 36 56 55 66 52 33 48 70 83 48 88 36 98 92 1 77 98 10 75
27 51 78 8 24 68 66 26 81 44 14 42 32 30 73 86 68 1 70 88 75 33 39 17 72 70 19 90 98 36 13 12 98 21 7 82 19 13 33 48 10 40 27 44 82 84 2 91 94 98
88 6 16 85 34 60 82 29 44 93 89 86 24 17 47 77 45 29 31 2 35 56 48 30 46 25 78 85 79 13 94 35 4 72 47 59 13 14 74 15 33 30 33 17 2 6 27 27 77 39
66 15 47 38 57 35 33 51 74 16 46 82 30 37 4 28 64 12 4 33 83 50 22 52 98 46 65 6 21 71 66 41 7 88 35 92 6 28 5 26 54 38 60 74 75 65 27 30 52 15
55 22 90 28 65 82 16 1 87 87 50 17 4 97 62 54 33 44 15 21 65 76 36 89 19 18 89 93 37 77 28 16 23 38 13 66 92 84 99 42 48 92 14 82 63 57 88 22 24 20
41 75 1 1 52 84 17 11 93 75 67 53 25 2 33 54 79 36 95 17 26 29 8 89 41 21 98 27 11 69 18 95 1 4 41 71 28 1 9 77 56 7 84 68 35 96 3 2 64 43
68 30 56 81 17 89 22 33 18 5 83 2 63 45 14 70 19 36 40 97 66 22 93 5 73 22 46 59 60 34 30 13 47 91 92 96 38 67 70 83 54 92 28 66 61 30 10 47 41 67
81 41 34 24 78 67 76 33 53 67 4 42 53 80 58 24 67 24 62 35 2 78 63 93 66 43 52 79 26 82 81 86 18 39 23 94 26 43 64 40 69 21 51 88 9 9 95 41 38 51
90 64 65 56 69 47 25 71 98 5 54 98 2 99 19 24 37 32 77 38 61 4 23 81 99 47 31 98 10 61 30 35 70 90 9 99 97 65 21 58 79 12 53 50 54 59 49 41 8 77
46 49 4 11 77 77 39 91 61 94 65 8 92 60 20 19 78 96 15 6 44 80 81 4 41 24 67 48 81 71 53 1 61 58 67 87 27 42 62 75 58 65 3 24 43 97 79 16 18 22
20 61 89 16 70 4 1 54 58 28 8 18 21 47 27 5 67 85 1 76 60 42 90 5 57 24 11 36 70 98 92 14 10 5 32 19 43 82 82 77 1 75 71 75 14 74 74 96 63 8
11 55 4 92 20 19 56 11 21 24 31 85 78 30 28 86 50 17 62 35 17 77 22 94 76 34 15 54 55 7 81 31 62 46 8 8 63 49 48 48 46 67 37 52 5 24 8 88 96 18
10 17 84 4 75 6 90 23 70 14 72 25 11 84 47 59 4 40 56 53 21 47 52 15 74 45 85 23 2 55 13 12 73 94 31 68 68 32 57 98 39 39 18 11 37 29 51 53 3 86
84 15 91 15 21 82 76 24 79 84 26 40 54 11 85 54 40 53 52 51 68 85 23 69 7 67 1 9 24 82 59 62 20 31 86 67 28 89 3 52 55 24 4 49 57 59 24 23 72 71
62 75 29 39 34 73 75 29 50 35 76 81 78 27 76 99 13 93 6 67 4 20 88 92 94 69 24 89 97 94 40 52 60 62 58 96 28 26 55 95 71 86 5 73 34 40 44 9 1 43
49 35 27 25 52 80 24 40 38 44 58 2 54 10 86 59 78 56 72 88 14 78 98 82 95 90 84 14 32 97 9 14 81 56 54 6 80 57 20 40 45 49 60 71 63 70 99 5 76 99
83 43 61 70 57 25 54 51 42 95 10 48 25 89 5 57 43 30 20 95 90 56 42 29 83 5 48 23 23 57 84 27 68 38 34 41 16 60 34 31 23 85 35 78 74 72 96 69 13 88
38 16 16 92 3 80 99 16 63 33 37 67 56 47 85 22 25 90 46 88 19 88 47 24 78 20 6 2 67 4 26 50 99 50 27 56 91 72 71 16 42 90 44 19 13 83 75 29 40 39
14 60 2 84 46 52 18 41 14 99 39 7 4 62 21 15 77 81 69 82 77 79 18 88 78 42 92 27 44 97 54 33 36 51 11 27 44 53 15 6 39 76 23 53 41 91 31 54 74 93
22 45 20 83 33 96 95 99 8 27 20 21 74 60 41 24 46 74 7 49 13 49 3 97 47 24 3 51 64 40 52 42 36 55 13 97 50 94 67 96 11 15 54 72 92 51 20 91 59 66
83 51 37 49 13 64 19 27 93 93 56 25 1 10 20 23 93 69 69 95 45 97 77 33 5 41 85 50 6 58 72 54 31 33 45 97 37 52 46 4 77 52 99 61 76 38 91 91 10 54
42 66 77 83 93 21 97 44 92 35 95 2 20 67 79 35 17 97 66 68 55 71 84 56 80 10 98 90 15 61 96 98 53 2 24 68 13 74 44 41 82 2 83 68 75 79 52 45 71 70
22 69 41 31 1 87 18 38 80 31 52 72 22 32 18 4 27 80 8 48 51 52 63 84 36 94 94 12 32 72 42 78 41 58 35 8 23 18 67 62 23 18 65 69 11 55 70 28 40 95
62 89 24 81 7 27 57 45 23 37 40 2 48 64 35 47 61 55 72 89 51 77 61 39 87 18 5 33 13 37 29 49 27 75 70 91 49 47 32 45 45 44 91 57 47 6 52 44 8 56
45 19 19 16 96 57 21 60 78 54 45 50 72 99 45 60 43 92 94 19 34 20 95 1 58 29 2 68 16 19 70 87 28 46 56 60 59 90 57 82 84 65 53 44 58 8 52 99 65 37
23 15 66 65 25 78 96 54 79 42 60 50 41 28 50 39 13 13 14 78 21 10 44 97 11 3 96 23 23 22 69 72 33 21 27 24 8 15 49 49 36 74 14 30 31 56 1 3 36 45
31 87 23 86 89 12 78 91 88 84 45 29 24 30 52 15 46 21 37 39 36 66 29 57 29 43 86 4 21 58 10 13 15 83 50 27 50 98 3 58 71 83 13 99 13 61 67 41 91 68
82 16 40 14 85 63 66 66 24 76 89 85 38 62 79 58 71 65 4 23 93 25 4 79 22 93 48 81 17 48 20 36 98 24 22 55 3 45 42 22 39 92 16 63 96 16 22 84 90 93
91 20 76 70 19 14 24 3 46 52 10 24 81 81 6 3 68 32 7 88 65 80 99 22 83 74 97 62 17 72 65 76 81 12 96 72 3 67 67 37 19 31 73 66 20 47 67 91 17 63
12 18 44 15 55 99 16 72 83 79 74 80 78 22 96 6 97 9 24 72 42 24 31 44 78 29 27 79 7 25 59 97 4 65 14 48 1 89 52 21 92 30 32 45 79 32 77 30 7 95
85 86 63 85 46 98 85 81 67 76 49 81 70 84 4 58 10 34 1 88 43 57 56 57 94 69 42 3 31 39 78 42 12 84 84 20 61 66 74 26 88 43 30 29 26 76 76 11 57 2
84 9 67 86 17 1 49 3 3 30 19 50 55 34 62 11 6 84 60 47 83 77 32 63 5 94 48 81 60 47 1 57 87 73 85 98 78 92 81 43 16 16 95 31 84 4 6 26 1 90
23 76 63 17 88 85 48 1 51 97 43 12 38 71 54 11 73 7 46 10 15 62 35 23 86 10 51 69 63 19 21 93 21 38 92 15 97 95 75 24 57 45 49 10 3 64 29 6 69 87
38 77 6 14 79 22 97 65 69 29 62 88 90 33 94 57 13 97 82 85 47 15 55 53 31 46 80 79 49 6 28 23 40 8 57 42 93 54 47 54 47 42 31 73 3 23 85 74 55 38
39 78 73 91 57 79 11 3 9 21 71 43 86 16 43 6 35 34 4 16 75 97 63 87 97 86 59 6 43 1 85 77 10 47 95 98 61 23 87 27 39 1 9 58 8 17 41 59 55 17
26 31 17 96 16 47 56 10 20 73 26 48 58 22 31 74 97 75 7 66 77 86 53 77 59 39 79 1 13 67 54 48 47 13 24 22 19 5 55 21 15 2 78 89 31 81 11 76 7 64
68 91 3 44 7 70 96 32 11 12 15 87 77 19 77 31 26 41 33 25 47 61 89 83 49 89 17 42 63 72 24 50 47 12 56 32 96 10 49 71 83 19 41 70 60 2 78 82 47 42
20 17 89 61 72 89 22 4 52 61 20 75 58 51 95 85 31 45 37 7 45 60 34 30 20 14 57 83 34 2 2 36 19 79 23 81 67 23 87 29 38 97 8 83 2 73 99 11 81 76
62 91 58 74 37 34 30 1 50 31 1 42 44 81 45 8 60 72 53 25 70 30 96 63 78 57 24 84 38 41 94 3 61 84 98 29 94 59 15 33 77 57 17 96 7 31 18 62 58 51
12 98 79 31 81 41 94 88 70 26 91 93 43 91 47 65 85 27 96 46 5 42 81 80 17 57 34 24 54 55 11 47 72 22 29 49 62 86 54 53 76 26 45 79 62 14 75 96 1 46
11 15 61 18 81 47 71 51 19 88 7 68 77 88 79 52 99 62 22 39 44 9 2 4 59 6 24 19 69 45 45 8 50 71 86 29 6 51 20 17 90 10 62 95 83 23 81 65 93 43
42 70 43 55 28 96 22 91 43 13 35 22 4 75 16 57 47 46 39 78 11 85 25 59 28 98 5 13 95 51 8 23 12 78 93 7 43 55 5 51 99 99 92 74 48 85 69 57 11 61
88 13 20 71 26 20 61 68 71 73 71 58 62 73 92 43 82 58 41 30 67 61 26 96 27 72 50 10 68 20 14 15 91 57 28 97 77 92 26 72 13 56 70 59 69 72 45 84 7 78
86 78 83 91 58 68 7 72 47 18 68 24 11 14 16 8 44 26 32 69 16 94 75 51 54 85 94 93 88 38 99 54 33 27 37 72 49 64 96 81 82 42 34 89 13 77 98 59 15 27
54 3 81 98 88 30 62 59 82 99 69 58 12 32 85 19 36 38 43 73 70 83 4 26 42 80 40 76 51 31 15 84 29 74 78 82 36 36 10 37 47 11 3 92 73 27 4 3 1 98
13 50 83 29 25 50 83 27 73 22 53 37 36 9 32 58 53 70 33 86 46 98 57 23 17 16 29 20 72 61 66 33 55 1 6 18 38 40 3 40 51 78 72 76 69 9 65 61 96 92
59 3 69 22 23 93 75 69 58 78 23 21 26 44 84 73 89 97 56 21 44 75 61 65 11 11 20 37 91 22 56 70 62 91 81 30 14 91 48 60 74 33 25 33 97 10 42 47 65 16
92 83 90 17 14 21 87 43 79 38 72 32 79 48 88 22 92 24 83 85 55 37 26 39 38 92 38 82 6 61 30 2 22 54 73 39 64 84 73 92 60 70 13 93 77 54 44 91 43 61
31 69 78 37 74 73 79 90 66 34 1 16 81 4 2 95 82 51 7 16 71 97 23 2 1 41 30 27 14 47 78 94 84 35 22 72 9 6 59 11 99 46 13 48 26 80 40 44 77 10
56 2 80 12 29 91 99 89 33 69 22 53 12 70 97 24 99 84 19 36 48 39 30 9 38 72 18 61 49 8 10 12 64 99 38 47 69 87 2 95 38 52 39 30 48 65 35 33 29 44
58 66 97 77 29 96 99 43 95 29 95 1 80 9 40 89 31 94 43 2 96 20 15 51 91 33 85 71 67 93 70 14 13 83 5 3 32 9 97 82 97 63 42 26 78 86 95 92 1 99
63 75 90 59 94 87 25 15 6 91 43 31 75 64 41 86 56 26 99 23 99 90 66 77 80 71 8 72 85 36 29 68 38 38 90 78 69 3 18 2 18 46 9 71 57 18 4 61 94 48
19 29 71 14 53 43 75 98 57 54 65 93 33 84 40 75 71 36 98 42 78 79 35 32 68 34 89 10 44 26 63 75 68 65 39 94 72 81 35 78 87 15 1 2 82 82 39 96 37 3
98 79 5 83 41 88 17 94 30 10 29 12 24 50 61 28 45 47 17 86 54 12 40 52 53 56 88 78 87 45 79 76 49 86 64 44 12 86 80 54 87 61 64 94 9 97 65 18 80 71
16 47 29 63 57 79 88 22 11 12 59 9 57 14 79 29 85 65 92 78 19 22 84 66 44 76 99 65 31 85 68 22 15 60 93 21 15 80 57 62 94 8 42 3 59 45 75 55 35 16
86 80 92 14 52 25 30 56 59 11 98 12 81 32 9 96 92 45 9 19 73 48 67 87 46 37 95 22 72 57 46 7 87 16 10 27 34 82 19 10 85 23 21 19 53 58 52 95 33 5
88 56 75 62 64 71 80 78 26 57 40 52 33 67 24 8 59 23 71 18 66 78 27 74 1 76 57 46 43 13 67 23 38 8 82 81 92 74 11 59 12 87 10 36 58 68 47 46 70 47
34 60 7 16 91 25 13 46 50 40 41 58 85 78 45 53 63 96 2 49 65 19 23 96 40 59 81 31 91 32 46 99 77 11 75 66 61 72 24 76 25 87 65 3 29 58 64 88 61 24
90 83 70 79 11 38 34 14 69 43 87 47 59 11 78 31 18 6 41 5 3 46 94 59 71 51 36 42 46 55 98 55 65 45 14 38 4 27 68 48 58 39 29 27 25 36 24 6 16 21
89 89 15 4 38 36 97 2 19 9 77 55 69 20 24 70 66 75 56 63 42 82 37 72 92 2 29 7 89 2 83 5 82 18 89 23 1 15 4 88 16 8 83 61 73 99 18 47 2 23
33 2 12 86 20 15 22 78 39 38 59 86 67 80 58 49 88 56 47 71 87 22 15 72 96 17 48 70 40 22 99 29 80 96 62 5 55 36 15 73 92 48 4 77 49 32 72 1 50 89
83 41 86 66 46 68 5 73 75 61 43 3 36 37 56 88 58 77 32 96 60 56 75 12 80 29 60 22 35 18 65 4 47 6 10 31 10 77 32 12 67 34 95 68 52 18 43 24 3 19
72 64 37 3 11 50 51 63 86 21 97 57 92 25 38 61 30 21 78 56 44 2 8 98 46 79 58 18 40 9 85 86 53 93 24 37 18 40 58 34 1 19 57 38 93 1 88 48 27 71
62 6 98 14 54 87 70 40 59 87 37 43 45 48 23 18 74 60 6 88 29 56 90 60 6 80 17 78 93 71 61 92 71 63 2 64 3 1 17 11 6 99 47 59 9 63 95 76 45 57
53 36 68 1 82 36 22 78 2 1 65 21 97 17 91 84 4 75 39 95 35 11 13 30 63 46 66 26 51 51 58 35 4 49 83 47 94 97 69 76 66 29 28 36 15 62 40 54 97 28
1 86 10 4 42 44 33 82 32 90 60 9 51 7 90 5 79 96 89 22 45 59 35 59 89 62 99 2 1 76 22 18 8 45 52 64 23 68 48 47 62 52 19 7 31 58 11 58 13 88
66 97 99 65 11 33 53 95 54 58 67 68 18 39 88 47 40 18 15 92 45 80 35 92 22 22 24 73 51 60 16 91 1 28 36 82 6 17 33 16 83 53 21 27 37 83 8 16 67 88
11 1 73 18 31 39 90 93 94 90 61 35 56 63 63 42 88 72 79 39 89 78 20 46 98 92 46 74 36 64 5 94 60 37 66 32 96 66 69 52 83 31 10 48 36 37 58 10 67 69
87 72 27 39 60 73 23 86 17 9 28 74 7 59 60 22 29 41 73 82 34 82 71 91 99 41 27 80 64 41 33 34 88 23 64 97 61 21 8 72 6 92 40 5 17 48 7 40 34 74
79 56 53 2 60 31 45 5 15 70 69 24 14 42 77 92 33 85 90 8 87 17 30 76 4 18 52 47 26 84 57 37 37 97 57 43 9 11 66 74 9 35 66 76 74 38 78 65 4 28
19 28 80 2 78 92 75 96 4 10 28 92 42 48 64 74 9 19 43 78 47 36 5 1 15 45 72 84 51 67 37 19 57 23 83 33 5 34 49 67 63 9 9 51 94 57 72 59 1 64
58 97 10 64 51 26 69 38 16 41 16 2 95 41 38 21 37 14 1 41 89 49 20 91 11 59 68 59 46 33 52 91 50 12 27 51 67 91 7 71 42 90 55 44 14 78 50 53 4 55
93 94 35 12 63 99 1 21 73 45 47 41 20 6 5 20 81 42 7 9 43 16 4 31 8 87 21 27 93 83 74 83 16 77 23 97 48 65 74 68 7 55 10 15 27 90 12 66 83 75
2 43 3 63 92 2 20 90 78 54 67 62 47 90 58 9 42 80 24 22 21 71 32 8 71 4 72 69 64 98 47 67 82 35 91 82 80 76 38 38 68 54 82 72 46 66 98 11 84 81
3 85 13 96 24 4 34 49 47 10 45 85 45 79 69 74 39 66 44 53 48 42 1 48 57 54 96 89 6 23 93 82 42 56 8 57 34 40 38 55 59 59 11 35 17 76 40 4 55 82
8 67 89 15 7 84 48 56 37 64 42 23 54 81 84 99 89 58 35 88 9 57 87 82 50 19 52 82 18 32 5 28 52 98 94 4 66 35 95 30 91 78 44 70 32 25 52 47 49 32
46 72 12 42 28 45 68 49 89 80 19 73 61 83 4 39 71 70 20 47 21 64 79 83 73 32 2 36 73 7 58 20 94 20 19 54 57 81 31 26 59 38 34 5 54 49 49 54 73 45
91 43 25 78 64 84 49 21 63 12 62 7 96 23 74 39 4 26 22 95 1 86 60 78 84 77 36 13 36 58 47 30 21 79 56 16 44 57 3 23 18 68 53 90 72 49 61 33 68 11
51 55 90 83 29 2 98 74 74 51 26 35 24 96 74 99 18 35 29 1 10 62 80 51 20 25 36 78 50 42 8 1 70 69 53 94 38 49 18 48 30 98 37 66 81 90 59 19 15 94
4 84 27 18 76 73 18 36 19 77 61 67 83 43 30 53 26 57 88 15 85 42 14 50 29 45 22 54 59 10 38 53 77 79 80 78 18 78 71 55 82 88 41 47 64 85 29 19 88 75
75 65 4 4 79 97 99 24 73 17 92 2 66 5 69 73 60 72 23 87 6 7 7 31 17 10 37 67 6 88 62 87 23 79 55 9 48 22 90 18 87 59 40 53 12 60 25 57 62 93
74 28 1 18 27 18 86 47 2 20 37 31 73 59 24 20 16 5 89 94 90 79 52 10 35 71 62 55 11 22 1 40 57 50 37 63 99 88 15 22 37 13 99 61 7 27 12 30 34 70
51 31 35 28 40 75 72 61 64 43 91 17 89 82 8 3 36 78 39 51 52 15 61 86 15 67 43 75 79 83 6 25 7 58 58 72 67 52 87 74 57 12 48 33 50 43 44 36 46 92
35 2 52 99 76 73 53 33 16 56 77 15 11 37 58 52 20 22 65 5 70 96 72 42 29 25 87 58 21 20 1 33 50 32 89 59 93 19 85 13 48 60 26 98 88 48 24 3 8 55
26 59 98 39 17 59 86 56 73 57 44 66 89 98 56 12 14 25 42 85 34 18 32 42 45 46 37 84 96 26 86 77 44 6 48 24 38 48 21 11 66 23 37 13 70 61 77 74 69 50
94 88 31 91 51 50 64 30 76 66 22 93 72 89 29 9 82 52 32 49 6 58 48 58 4 37 62 35 65 41 46 76 11 44 10 98 23 61 3 27 44 28 8 94 76 30 51 31 56 8
69 49 37 88 51 68 60 92 55 12 7 6 28 48 88 67 67 3 96 11 46 42 32 90 38 11 99 18 27 23 94 31 36 35 71 3 33 11 72 47 69 52 32 84 20 67 12 59 90 76
40 22 86 42 83 35 8 6 89 15 30 70 98 76 84 1 93 62 7 36 7 23 5 24 53 50 81 83 34 4 85 90 47 19 27 43 93 66 12 16 15 79 35 61 18 81 64 2 11 70
70 24 18 48 37 87 69 70 85 75 89 5 99 22 81 41 85 70 96 7 4 80 90 47 48 95 98 58 80 36 25 90 75 84 3 92 77 77 16 46 61 68 10 91 92 23 44 81 77 68
88 81 62 77 21 42 76 55 34 80 36 51 54 58 85 91 48 65 59 68 77 68 34 69 61 13 61 91 71 55 72 85 33 16 35 40 76 4 64 81 75 14 69 50 64 10 43 20 16 44
33 85 46 38 35 29 25 57 61 14 77 97 20 97 89 38 33 68 58 94 6 54 76 90 84 49 94 1 51 75 49 82 54 89 79 90 48 6 60 78 60 49 24 98 49 40 52 66 18 67
90 12 69 58 41 13 94 7 5 87 89 53 99 64 73 7 21 39 38 20 24 77 85 1 27 9 27 19 80 76 85 48 44 13 16 89 34 26 18 16 7 62 45 19 88 37 93 50 48 43
45 80 33 12 24 60 64 91 75 22 23 11 79 82 16 90 63 21 86 75 63 52 51 11 86 44 86 11 57 22 63 60 32 18 56 91 3 60 72 54 87 28 68 16 64 57 94 84 19 75
18 2 24 75 13 15 87 33 59 65 19 62 16 49 36 74 85 34 26 20 38 84 22 62 36 92 80 52 5 99 68 6 62 39 21 52 49 28 50 93 85 41 58 58 81 78 72 78 62 63
35 19 76 47 60 73 61 91 43 11 87 30 96 56 42 22 1 90 2 82 74 79 81 9 18 70 7 85 33 63 6 92 3 20 2 9 86 44 67 86 91 88 21 34 17 94 25 80 12 98
31 46 77 90 26 21 29 82 42 73 4 42 5 7 33 61 99 1 96 45 5 16 66 77 88 31 78 75 93 58 58 83 97 75 50 34 65 72 83 44 88 87 67 92 94 74 87 85 33 56
51 83 56 57 14 67 21 64 78 97 20 1 3 30 77 3 92 91 2 81 27 86 47 65 80 39 51 59 76 79 51 10 45 54 73 95 53 57 95 53 43 57 58 84 23 71 38 94 85 26
76 85 3 29 17 78 50 59 8 72 76 89 26 49 93 23 64 38 40 37 16 60 86 1 7 85 9 42 68 26 70 77 19 5 20 40 8 51 66 70 16 48 85 27 70 30 26 5 87 2
54 97 39 49 93 33 29 27 72 65 92 96 44 20 12 24 28 57 90 63 52 84 64 92 59 67 62 58 52 30 5 76 79 85 35 68 26 98 68 60 41 1 82 35 59 82 98 48 37 38
87 14 21 55 73 48 27 75 68 22 88 56 81 41 41 69 40 33 7 2 62 87 46 14 37 69 44 54 81 24 36 23 12 81 91 57 44 61 90 4 38 80 48 66 46 73 81 29 19 59
56 13 83 78 52 63 32 67 73 32 68 14 36 76 30 61 2 68 60 27 11 41 14 27 9 30 43 10 87 69 87 28 73 95 17 54 62 46 11 90 61 24 82 93 54 75 25 81 30 93
86 2 29 50 89 77 62 76 51 24 6 41 21 30 82 77 86 15 75 89 52 13 36 81 16 89 69 90 83 46 77 79 63 43 22 34 17 48 62 28 49 33 58 5 6 35 96 87 76 68
75 32 84 64 11 46 33 80 60 97 13 44 45 96 65 17 46 67 19 49 97 20 60 82 6 14 44 28 82 65 42 27 49 82 8 86 35 41 44 28 95 53 64 92 20 91 31 88 8 43
93 7 47 31 20 71 18 11 5 38 42 46 83 18 38 7 55 98 25 39 92 96 95 93 36 1 62 36 59 56 86 71 97 73 22 70 99 74 81 63 24 19 80 48 69 50 36 98 90 1
94 76 23 83 19 27 88 67 64 26 51 29 93 7 40 17 55 51 82 77 73 99 36 39 43 51 74 36 26 80 55 77 88 40 21 7 60 54 90 85 78 53 76 43 53 83 85 78 62 10
88 75 1 40 42 77 38 88 79 57 20 2 1 4 85 4 62 85 46 52 34 20 35 61 71 62 50 9 60 9 37 97 26 22 62 40 95 25 24 28 83 24 15 37 46 38 60 65 21 80
25 1 39 12 42 9 75 50 82 24 62 72 77 86 17 59 16 5 3 49 48 10 23 85 52 25 9 84 80 29 69 78 82 37 20 95 23 12 51 95 93 76 23 79 90 56 10 46 66 26
49 12 53 80 96 28 54 86 50 17 63 61 59 1 5 42 77 21 54 42 56 21 24 32 32 84 76 96 86 40 58 19 74 54 60 15 80 45 34 53 97 12 9 66 96 2 48 31 7 45
83 43 89 80 49 44 74 33 88 89 60 95 59 46 60 16 63 93 5 80 29 48 52 40 43 41 50 88 68 50 78 13 75 98 91 9 31 13 41 35 51 8 96 70 55 10 47 97 83 53
65 79 45 26 12 71 59 54 86 82 63 99 70 22 1 41 87 71 86 9 39 18 31 31 69 84 3 37 70 20 93 21 23 72 51 60 91 60 70 74 22 71 92 31 90 98 91 38 37 84

Demandas:
0 0 1 0 0 0 0 0
0 0 0 1 0 0 0 0
0 0 0 1 0 0 0 0
1 0 0 0 0 0 0 0
0 0 1 0 0 0 0 0
0 0 0 0 0 0 1 0
0 0 0 0 0 0 1 0
0 0 0 1 0 0 0 0
0 0 0 0 1 0 0 0
0 0 0 0 0 0 1 0
0 0 0 0 1 0 0 0
0 0 0 0 0 0 1 0
0 1 0 0 0 0 0 0
0 0 0 0 0 0 1 0
0 1 0 0 0 0 0 0
0 0 0 0 0 0 0 1
0 0 0 0 1 0 0 0
0 0 0 0 0 1 0 0
0 0 0 0 0 0 0 1
0 0 0 0 0 1 0 0
0 0 1 0 0 0 0 0
0 0 0 1 0 0 0 0
1 0 0 0 0 0 0 0
1 0 0 0 0 0 0 0
0 0 0 0 0 1 0 0
0 1 0 0 0 0 0 0
0 1 0 0 0 0 0 0
0 0 1 0 0 0 0 0
1 0 0 0 0 0 0 0
0 1 0 0 0 0 0 0
0 0 0 0 1 0 0 0
0 0 0 0 1 0 0 0
0 0 0 0 1 0 0 0
0 0 0 0 0 0 1 0
0 0 0 0 0 0 0 1
1 0 0 0 0 0 0 0
0 0 1 0 0 0 0 0
0 0 0 0 0 1 0 0
0 0 0 0 1 0 0 0
0 0 0 1 0 0 0 0
0 0 0 0 1 0 0 0
0 0 1 0 0 0 0 0
0 0 0 0 0 0 0 1
0 0 0 1 0 0 0 0
0 0 0 0 0 1 0 0
0 0 0 0 1 0 0 0
0 0 0 0 0 1 0 0
0 0 1 0 0 0 0 0
0 0 0 0 0 0 1 0
0 0 0 0 0 0 1 0
0 1 0 0 0 0 0 0
1 0 0 0 0 0 0 0
0 0 1 0 0 0 0 0
0 1 0 0 0 0 0 0
0 0 1 0 0 0 0 0
0 0 0 0 0 0 0 1
0 0 1 0 0 0 0 0
0 0 0 0 0 1 0 0
0 1 0 0 0 0 0 0
0 0 0 0 0 1 0 0
0 0 1 0 0 0 0 0
0 0 0 0 0 0 1 0
0 0 0 0 0 0 1 0
0 1 0 0 0 0 0 0
0 1 0 0 0 0 0 0
0 1 0 0 0 0 0 0
1 0 0 0 0 0 0 0
0 0 0 0 0 1 0 0
0 0 0 0 0 0 1 0
0 0 0 0 1 0 0 0
0 0 0 1 0 0 0 0
0 0 0 0 0 1 0 0
0 0 0 0 0 0 0 1
0 1 0 0 0 0 0 0
0 0 0 0 0 0 0 1
0 0 0 0 0 1 0 0
0 0 0 0 0 1 0 0
0 0 0 0 0 0 1 0
0 0 1 0 0 0 0 0
0 0 0 0 0 1 0 0
0 1 0 0 0 0 0 0
0 0 0 1 0 0 0 0
0 0 0 1 0 0 0 0
0 0 0 0 1 0 0 0
0 0 0 0 0 0 0 1
0 0 0 0 1 0 0 0
0 0 0 0 0 0 1 0
0 0 1 0 0 0 0 0
0 1 0 0 0 0 0 0
0 0 0 0 0 1 0 0
0 0 0 0 0 0 1 0
0 0 0 0 0 0 0 1
0 0 0 0 0 1 0 0
0 0 0 0 1 0 0 0
0 0 0 0 0 1 0 0
0 0 0 0 1 0 0 0
0 0 0 0 1 0 0 0
0 0 0 0 0 0 1 0
0 0 1 0 0 0 0 0
0 1 0 0 0 0 0 0
0 0 0 0 0 0 1 0
0 0 0 0 0 0 1 0
0 0 0 0 0 0 0 1
0 0 0 0 0 1 0 0
0 0 0 0 1 0 0 0
0 0 0 1 0 0 0 0
1 0 0 0 0 0 0 0
0 0 0 0 0 0 0 1
0 0 1 0 0 0 0 0
0 0 1 0 0 0 0 0
0 0 0 0 0 1 0 0
0 1 0 0 0 0 0 0
0 1 0 0 0 0 0 0
0 0 0 0 0 0 0 1
0 0 0 0 0 0 0 1
1 0 0 0 0 0 0 0
1 0 0 0 0 0 0 0
0 0 1 0 0 0 0 0
0 0 0 0 0 0 0 1
0 0 1 0 0 0 0 0
0 0 0 0 0 1 0 0
1 0 0 0 0 0 0 0
0 1 0 0 0 0 0 0
0 0 0 0 0 0 1 0
0 0 0 0 1 0 0 0
0 0 0 0 0 0 1 0
0 1 0 0 0 0 0 0
0 0 0 0 0 0 1 0
1 0 0 0 0 0 0 0
0 0 0 0 1 0 0 0
0 0 0 1 0 0 0 0
0 1 0 0 0 0 0 0
0 0 0 1 0 0 0 0
0 0 0 1 0 0 0 0
0 0 0 0 0 0 1 0
0 0 1 0 0 0 0 0
0 0 0 1 0 0 0 0
1 0 0 0 0 0 0 0
0 0 1 0 0 0 0 0
0 0 0 0 0 0 0 1
0 1 0 0 0 0 0 0
0 0 0 0 1 0 0 0
0 0 0 0 0 1 0 0
0 0 0 1 0 0 0 0
0 0 0 0 1 0 0 0
0 0 0 0 0 1 0 0
0 0 1 0 0 0 0 0
1 0 0 0 0 0 0 0
0 0 0 0 0 0 1 0
0 0 0 0 0 0 1 0
0 0 0 0 0 0 0 1
0 0 0 0 1 0 0 0
0 1 0 0 0 0 0 0
0 0 0 0 0 0 1 0
0 0 0 0 0 1 0 0
1 0 0 0 0 0 0 0
0 0 1 0 0 0 0 0
0 0 0 0 0 1 0 0
0 0 0 0 0 1 0 0
0 1 0 0 0 0 0 0
0 0 0 0 0 0 1 0
0 0 0 0 0 0 1 0
0 0 0 0 0 1 0 0
0 0 0 0 0 1 0 0
0 0 0 0 0 0 1 0
0 0 1 0 0 0 0 0
0 0 0 1 0 0 0 0
0 0 0 0 1 0 0 0
1 0 0 0 0 0 0 0
0 0 1 0 0 0 0 0
0 0 1 0 0 0 0 0
0 0 0 0 0 1 0 0
1 0 0 0 0 0 0 0
0 0 0 0 1 0 0 0
0 0 1 0 0 0 0 0
1 0 0 0 0 0 0 0
0 0 0 0 0 0 0 1
0 0 0 0 1 0 0 0
0 0 0 0 1 0 0 0
0 0 0 0 0 0 1 0
0 0 0 1 0 0 0 0
0 0 0 0 0 0 0 1
0 1 0 0 0 0 0 0
0 0 0 0 0 0 0 1
0 0 0 0 0 1 0 0
0 0 0 0 0 1 0 0
0 0 0 0 1 0 0 0
0 0 0 1 0 0 0 0
0 0 0 0 1 0 0 0
0 0 0 1 0 0 0 0
0 0 0 0 0 0 0 1
1 0 0 0 0 0 0 0
0 0 0 0 0 1 0 0
0 0 0 0 0 1 0 0
0 0 0 0 0 0 0 1
0 0 0 0 0 0 0 1
0 0 0 0 0 0 1 0
0 0 0 0 0 0 0 1
0 0 1 0 0 0 0 0
0 1 0 0 0 0 0 0
0 0 1 0 0 0 0 0
0 0 0 0 1 0 0 0
0 0 1 0 0 0 0 0
0 0 0 1 0 0 0 0
0 0 0 0 1 0 0 0
1 0 0 0 0 0 0 0
1 0 0 0 0 0 0 0
0 0 1 0 0 0 0 0
0 0 0 0 1 0 0 0
1 0 0 0 0 0 0 0
0 0 0 0 1 0 0 0
0 0 0 0 0 1 0 0
0 0 0 0 0 0 1 0
0 0 1 0 0 0 0 0
0 0 0 0 0 1 0 0
0 1 0 0 0 0 0 0
0 0 1 0 0 0 0 0
0 1 0 0 0 0 0 0
0 0 0 0 0 0 0 1
0 0 0 0 0 0 1 0
0 0 0 1 0 0 0 0
0 0 0 0 1 0 0 0
1 0 0 0 0 0 0 0
0 0 0 0 0 0 1 0
1 0 0 0 0 0 0 0
0 0 1 0 0 0 0 0
0 0 0 0 0 1 0 0
1 0 0 0 0 0 0 0
0 0 0 0 0 0 0 1
1 0 0 0 0 0 0 0
0 0 0 0 0 0 1 0
0 0 0 0 0 1 0 0
0 1 0 0 0 0 0 0
0 0 0 0 0 0 1 0
0 0 0 1 0 0 0 0
0 0 1 0 0 0 0 0
0 0 0 0 0 0 1 0
0 0 0 0 0 1 0 0
0 0 0 0 1 0 0 0
0 0 0 0 0 0 0 1
0 0 0 0 0 0 0 1
0 0 0 0 0 0 1 0
0 0 1 0 0 0 0 0
1 0 0 0 0 0 0 0
0 0 1 0 0 0 0 0
0 0 1 0 0 0 0 0
1 0 0 0 0 0 0 0
0 0 0 0 0 0 0 1
0 0 1 0 0 0 0 0
0 0 0 1 0 0 0 0

Capacidades:
2 2 3 1 0 1 3 2
0 0 1 3 3 1 4 1
0 1 0 4 4 2 3 2
4 4 3 2 1 4 2 0
4 1 4 3 1 0 2 4
4 2 1 1 4 2 3 1
2 3 4 0 2 4 2 0
3 3 0 3 3 2 2 2
3 2 1 4 1 3 4 0
1 2 4 1 3 3 1 4
3 1 4 3 3 0 1 1
0 0 1 0 3 4 2 3
4 0 4 0 0 4 0 1
1 3 0 3 1 0 2 3
4 0 2 4 2 0 3 4
2 0 3 0 2 3 4 3
3 3 2 0 1 4 1 0
0 2 1 3 1 2 3 4
3 1 2 0 3 1 0 2
2 4 2 2 2 4 0 3
0 1 2 2 4 3 1 3
3 3 0 1 2 3 2 3
0 3 3 4 1 1 3 0
1 3 1 3 2 2 4 1
4 1 3 1 1 3 4 3
4 1 0 4 1 1 3 3
2 4 0 3 4 3 0 3
4 3 1 4 4 4 3 1
0 4 4 0 2 2 0 3
0 3 1 1 4 0 0 3
0 3 0 1 1 2 1 2
2 2 2 4 2 4 2 2
3 1 1 1 0 3 3 4
3 0 2 1 0 1 0 1
4 2 1 4 3 4 0 1
4 2 1 0 3 3 0 1
1 2 3 0 2 4 1 1
3 1 0 2 2 1 0 0
2 0 0 3 3 2 0 4
0 4 0 0 0 0 0 0
4 1 1 2 2 4 4 4
0 2 2 0 4 1 1 4
2 1 0 4 3 3 2 2
0 3 3 3 1 2 4 3
4 4 1 2 3 0 2 2
0 2 3 0 2 2 4 2
2 4 1 4 1 4 1 1
2 1 3 3 0 1 0 0
3 4 2 1 0 4 3 1
1 3 2 2 1 4 0 3
