m: 100
n: 20
k: 6

Distancias:
45 86 34 59 11 79 95 10 60 95 12 12 81 26 58 66 26 90 80 91
98 18 45 82 99 65 99 82 61 24 75 76 17 18 87 14 17 82 49 20
47 80 81 58 84 52 61 10 34 46 18 11 85 11 34 70 11 79 43 63
37 83 59 32 94 44 69 84 19 64 86 55 73 92 68 3 21 89 19 57
30 69 87 56 91 83 42 98 71 17 7 74 65 3 16 32 6 49 38 56
91 53 15 16 49 81 56 88 84 61 12 77 77 64 55 46 35 74 4 26
44 64 75 45 45 47 59 14 63 44 34 45 82 96 30 83 58 68 46 82
61 77 77 56 18 47 12 7 24 46 6 40 94 90 70 95 34 61 78 6
72 54 57 52 13 21 94 91 37 36 62 40 72 77 74 10 84 87 52 57
23 33 94 77 67 93 85 86 96 36 80 34 71 85 63 34 20 73 89 67
25 57 28 81 29 96 99 15 81 95 53 98 45 2 91 85 18 35 29 8
30 6 59 72 10 63 25 35 92 79 60 36 7 55 95 39 86 84 6 35
16 16 85 71 28 94 1 61 40 11 95 94 24 46 5 20 41 79 79 23
84 89 94 87 32 40 36 63 21 22 56 9 53 87 77 62 33 44 63 26
72 39 14 27 26 85 57 39 69 53 71 46 48 13 29 15 49 47 60 86
61 24 95 14 85 60 76 52 17 49 71 25 85 64 16 73 25 21 14 77
97 36 20 8 21 56 64 43 3 57 89 58 52 79 12 98 43 59 97 12
40 99 48 45 17 11 94 87 70 84 34 37 13 86 84 27 72 13 17 58
24 67 24 1 71 4 61 10 26 26 90 45 73 97 51 33 66 36 75 37
48 91 57 83 88 68 44 5 41 18 81 1 46 75 50 49 98 2 28 70
35 50 43 16 16 54 94 33 39 91 14 11 61 64 96 57 59 70 27 51
88 49 35 19 42 11 67 55 57 26 73 98 58 66 10 30 45 70 5 27
6 85 12 4 58 35 41 50 28 6 26 62 46 50 84 85 14 52 21 86
21 38 57 3 25 85 20 52 99 76 38 22 31 62 28 20 67 1 10 73
9 9 85 22 96 82 62 13 17 66 97 2 79 94 54 75 98 54 8 9
83 1 17 59 36 47 67 56 41 92 10 4 47 10 9 52 30 94 25 17
4 33 85 62 28 64 50 25 51 98 26 16 30 76 84 93 20 6 68 48
58 15 48 23 8 68 34 48 60 21 94 5 31 33 31 1 98 47 53 59
96 11 17 74 78 19 12 17 52 25 32 4 66 47 88 78 89 24 5 10
16 88 93 46 4 24 63 68 92 44 87 21 6 47 27 70 49 18 82 13
8 55 60 3 62 42 49 48 16 89 30 98 76 74 55 21 85 37 59 41
89 55 20 14 87 81 10 7 10 93 70 39 49 99 80 62 50 9 79 89
59 8 78 48 51 47 37 29 26 57 61 88 64 77 72 42 68 12 60 92
78 96 76 57 48 7 32 54 17 63 18 22 50 73 68 49 69 12 63 92
14 55 75 19 66 73 39 63 18 39 74 5 52 90 72 82 68 84 12 18
41 71 61 43 81 75 62 12 37 73 46 57 47 18 81 75 43 43 11 70
74 24 55 70 25 65 51 11 23 20 61 78 48 30 51 6 33 14 52 93
57 90 17 66 57 50 68 52 18 6 64 82 85 21 53 99 1 16 77 49
65 5 48 47 93 34 75 98 62 27 21 37 92 9 63 73 30 16 26 64
65 56 41 14 71 48 14 43 44 40 1 66 56 82 90 44 34 13 23 64
24 21 25 2 10 30 37 75 96 59 16 12 57 75 74 37 34 64 8 29
3 20 30 86 1 3 7 65 63 20 32 95 82 91 88 62 96 5 49 88
56 87 7 63 71 1 39 3 13 61 86 87 95 16 71 13 7 52 30 86
86 37 54 97 96 24 21 27 68 87 54 65 84 28 7 52 95 78 23 12
96 59 95 20 25 33 12 76 35 9 73 90 67 91 11 79 95 66 28 50
47 36 88 14 98 90 21 63 6 43 43 20 11 45 95 40 79 12 74 7
34 29 44 48 44 42 99 70 57 89 23 17 17 79 45 84 72 84 4 82
67 82 42 40 82 3 49 98 31 66 92 37 99 25 1 48 50 61 72 3
89 47 81 30 15 2 57 31 56 68 71 70 14 34 85 94 47 47 11 15
53 86 12 58 98 41 26 51 63 31 76 13 54 2 17 62 32 77 65 20
18 92 4 71 54 20 62 4 97 67 89 23 10 24 98 72 31 74 43 84
3 11 17 39 61 15 36 49 34 52 5 51 97 33 40 93 64 93 97 9
63 43 3 58 20 24 92 29 82 11 82 51 11 98 64 48 48 30 57 44
40 50 86 49 65 45 49 27 34 13 11 80 84 26 49 13 58 70 53 93
82 29 86 14 87 33 39 14 27 91 28 74 59 23 73 36 7 71 43 30
24 3 31 59 64 36 96 82 73 93 24 13 95 6 83 42 1 15 96 22
79 31 25 63 64 24 71 63 45 15 23 34 98 53 84 99 92 27 91 9
29 30 68 66 86 60 39 49 40 41 58 12 22 2 37 74 78 39 63 25
49 93 29 43 83 81 83 42 34 87 2 82 1 22 46 76 21 18 92 35
21 80 28 52 16 22 32 71 8 74 18 16 10 99 90 74 39 63 56 82
48 69 68 80 45 98 56 82 85 64 94 85 81 28 57 80 75 67 26 98
83 90 1 43 75 99 90 77 50 71 74 27 95 84 64 72 6 4 97 94
39 3 11 35 96 56 38 35 37 98 46 13 58 54 29 15 2 33 22 16
56 41 82 75 21 47 7 70 4 34 99 68 80 91 14 99 63 79 57 76
53 80 82 1 14 5 47 92 26 75 65 63 64 70 6 84 32 74 22 37
80 87 10 3 51 49 47 31 94 86 81 91 15 15 74 28 30 29 33 65
58 42 73 56 37 71 52 97 19 34 28 78 28 88 73 72 2 24 98 82
37 89 90 2 65 77 89 35 52 25 10 14 25 5 99 77 8 32 90 55
95 15 14 53 24 62 96 77 12 78 83 62 48 90 25 9 15 57 59 25
3 48 86 79 21 65 67 62 34 16 63 50 83 80 10 80 35 32 79 32
45 75 9 3 83 70 19 96 1 13 23 59 86 81 51 29 59 90 76 92
98 46 42 10 37 74 1 17 64 17 71 35 9 43 10 36 14 1 51 40
84 15 68 93 85 78 47 85 56 47 1 10 18 86 45 33 87 77 46 30
45 19 80 11 84 15 61 56 87 45 23 86 30 68 97 79 80 32 27 14
3 68 37 76 42 1 93 75 7 60 67 87 31 23 22 97 98 12 13 30
6 37 21 49 54 57 65 50 42 37 65 77 96 12 77 73 31 99 73 65
94 62 58 45 98 77 24 91 43 95 57 22 77 29 11 75 21 45 82 60
68 68 73 23 12 28 61 5 75 88 81 83 26 14 14 74 71 1 44 28
78 64 21 72 84 29 72 99 15 90 98 4 13 8 34 14 11 31 6 79
67 68 58 20 64 61 99 22 96 3 12 99 72 24 14 3 61 29 18 65
78 32 63 26 17 24 13 71 3 86 88 58 2 91 27 57 41 85 8 8
86 31 70 21 44 20 20 79 2 78 87 21 67 83 40 65 58 13 67 93
58 52 22 69 26 45 87 12 68 64 67 55 60 98 21 54 91 90 92 22
54 90 19 89 22 90 98 83 31 73 5 95 17 43 41 49 37 46 1 6
74 24 24 56 32 49 13 83 6 35 30 31 10 28 74 34 99 35 69 10
4 39 9 37 3 54 97 39 35 24 19 96 76 80 57 93 63 15 83 92
75 18 25 28 90 7 8 19 68 15 24 83 96 33 6 12 66 8 48 68
21 83 76 81 96 73 69 52 76 7 38 57 94 48 20 50 52 97 72 96
2 81 96 31 70 85 60 65 42 44 85 67 67 71 86 39 68 42 54 58
42 41 99 35 29 68 48 68 23 84 19 31 97 52 13 15 95 44 37 72
29 14 30 13 56 23 16 38 21 22 13 36 68 49 41 47 7 58 72 45
28 28 66 84 32 55 81 18 10 16 75 67 92 81 6 87 40 61 35 67
11 31 41 42 75 92 26 83 57 59 31 39 5 5 2 37 49 84 39 41
64 29 30 3 30 93 36 41 3 80 79 41 84 81 93 32 67 89 63 18
93 14 19 4 9 2 97 9 50 95 15 35 96 55 35 91 84 8 12 13
29 4 78 43 66 39 5 22 53 89 79 58 46 11 30 15 34 89 37 28
63 86 5 85 11 39 88 73 98 50 2 42 77 79 76 50 52 69 38 61
86 97 69 30 16 70 96 71 63 46 75 72 65 68 98 12 21 5 60 73
38 33 77 52 6 56 53 85 97 75 29 85 94 9 49 21 3 93 46 3
72 86 74 44 66 42 22 89 98 35 99 69 77 41 22 15 42 69 8 4

Demandas:
0 1 0 0 0 0
1 0 0 0 0 0
1 0 0 0 0 0
1 0 0 0 0 0
0 0 1 0 0 0
0 0 0 0 0 1
0 0 0 0 0 1
0 1 0 0 0 0
0 0 1 0 0 0
0 0 0 0 1 0
0 0 0 0 1 0
0 0 0 0 0 1
0 0 1 0 0 0
0 0 1 0 0 0
0 0 1 0 0 0
0 0 0 0 1 0
0 0 0 0 1 0
0 0 0 0 0 1
0 0 1 0 0 0
1 0 0 0 0 0
0 0 0 0 0 1
0 0 0 0 1 0
0 1 0 0 0 0
0 0 0 1 0 0
0 0 0 1 0 0
0 0 0 1 0 0
0 0 0 0 0 1
0 0 0 0 0 1
0 0 0 0 0 1
0 0 0 1 0 0
0 0 0 0 1 0
0 0 0 0 1 0
1 0 0 0 0 0
0 0 0 0 1 0
0 0 0 0 0 1
0 0 0 0 1 0
0 1 0 0 0 0
0 0 0 0 0 1
0 0 0 0 0 1
1 0 0 0 0 0
0 0 0 0 0 1
0 0 0 1 0 0
0 0 0 0 0 1
0 0 0 0 1 0
0 0 0 0 1 0
0 0 0 0 1 0
0 0 1 0 0 0
1 0 0 0 0 0
0 0 0 0 0 1
0 0 0 1 0 0
0 0 1 0 0 0
0 0 1 0 0 0
0 0 0 0 1 0
0 0 0 1 0 0
0 0 0 0 1 0
0 0 0 0 0 1
0 0 1 0 0 0
0 1 0 0 0 0
0 0 0 0 0 1
0 0 0 0 1 0
0 0 0 0 1 0
0 1 0 0 0 0
0 0 0 0 0 1
0 0 0 0 0 1
1 0 0 0 0 0
0 0 0 0 1 0
0 0 0 0 1 0
0 0 0 0 1 0
0 0 0 0 1 0
0 0 1 0 0 0
0 0 1 0 0 0
0 0 0 0 1 0
1 0 0 0 0 0
0 1 0 0 0 0
0 0 0 0 0 1
0 0 0 1 0 0
1 0 0 0 0 0
0 0 0 0 1 0
0 0 0 0 0 1
0 0 0 0 1 0
0 0 0 1 0 0
0 0 1 0 0 0
0 0 0 0 0 1
0 0 0 0 0 1
0 0 0 0 1 0
1 0 0 0 0 0
0 0 0 1 0 0
1 0 0 0 0 0
0 1 0 0 0 0
1 0 0 0 0 0
0 0 0 0 1 0
0 0 0 0 1 0
0 0 0 0 0 1
0 0 0 0 1 0
1 0 0 0 0 0
0 0 0 0 0 1
1 0 0 0 0 0
0 0 0 0 1 0
0 0 1 0 0 0
0 0 1 0 0 0

Capacidades:
1 4 0 3 3 4
1 2 4 2 4 3
3 3 2 2 1 2
1 3 1 0 0 4
3 0 3 0 1 4
1 4 3 4 2 2
2 1 2 0 0 4
2 3 0 2 0 0
4 4 3 4 0 3
4 0 1 1 1 2
0 0 2 3 0 4
1 1 1 3 4 0
1 0 0 1 4 2
0 1 0 3 2 4
0 4 1 0 1 4
0 2 3 2 3 0
2 1 0 4 4 3
4 4 0 3 0 3
1 2 4 1 0 3
3 4 4 0 1 4
