m: 250
n: 75
k: 8

Distancias:
88 73 64 84 41 67 56 94 52 24 86 25 39 74 97 90 3 83 79 69 38 10 80 16 97 39 45 74 12 54 42 72 5 82 8 34 39 71 52 30 84 28 32 56 6 65 54 78 34 55 97 73 44 51 44 49 10 95 8 25 83 9 83 56 14 89 61 74 44 32 77 90 7 20 73
18 60 88 35 20 39 27 57 64 85 2 34 75 34 26 36 86 16 79 67 98 67 16 42 90 41 11 7 48 18 88 52 81 95 41 99 61 30 85 10 23 84 63 93 92 90 54 16 14 75 23 66 86 40 6 10 80 50 74 36 58 30 52 95 36 97 39 9 43 57 39 55 20 63 32
53 10 40 47 34 93 55 2 9 2 20 24 51 68 17 22 49 84 10 93 45 5 63 22 30 12 30 81 46 74 58 82 70 72 40 54 66 33 55 71 49 8 49 55 44 50 26 60 77 99 54 74 17 50 73 86 3 89 19 15 54 66 68 75 57 40 97 48 63 86 88 68 38 47 73
99 4 67 79 8 57 7 80 37 37 10 57 11 15 40 49 96 33 85 39 89 18 90 17 62 17 80 43 59 72 89 11 78 46 82 83 45 59 92 67 96 21 31 12 23 36 67 94 95 17 4 25 78 97 55 96 56 95 33 33 95 59 6 53 76 36 6 42 72 45 88 9 27 32 25
1 92 98 79 37 48 51 74 70 21 66 59 24 83 70 33 25 70 22 1 62 26 23 59 57 37 35 80 15 9 12 28 61 76 45 87 35 90 11 19 5 14 46 83 58 98 7 16 70 89 39 13 58 98 92 37 39 16 32 71 92 29 53 17 81 6 94 41 84 46 51 86 69 49 99
12 57 4 11 51 35 89 26 39 47 47 31 47 28 18 64 57 85 93 55 51 74 97 89 92 77 22 54 47 53 35 91 69 70 44 90 13 90 76 28 70 65 36 13 73 92 53 89 85 17 39 43 55 61 17 79 32 77 80 52 11 64 84 14 17 12 52 49 69 36 61 57 95 53 38
48 14 68 90 9 90 45 49 56 55 26 82 99 70 68 62 80 72 92 95 76 11 67 29 33 54 1 57 6 30 87 79 98 84 27 15 91 63 80 52 5 13 20 26 27 24 94 56 28 8 27 74 23 75 45 92 98 43 74 26 59 83 37 85 60 54 48 14 74 55 8 1 42 53 22
59 62 3 94 74 39 72 97 70 59 74 55 34 61 36 47 61 98 97 61 99 38 81 68 43 14 81 37 45 64 6 70 31 43 63 78 75 44 74 38 17 92 33 94 4 41 79 42 93 5 53 62 13 26 61 70 20 97 75 95 30 34 25 42 52 76 94 76 60 88 35 68 98 98 74
94 35 38 92 98 61 97 20 14 88 68 4 51 98 72 36 52 66 71 71 55 67 46 87 62 23 25 77 50 34 79 75 78 70 17 90 65 92 5 30 75 90 20 89 40 85 80 48 79 20 24 76 76 93 21 67 12 97 81 96 4 76 42 46 33 21 13 91 99 63 74 42 50 25 75
50 95 22 88 91 18 10 90 19 26 55 78 39 56 12 71 83 7 52 14 66 93 32 73 52 67 93 86 38 10 83 27 29 35 8 48 78 18 81 55 1 12 80 26 13 91 7 40 88 25 88 37 16 14 13 76 29 80 62 74 19 91 76 90 60 28 2 96 14 45 68 55 92 16 37
11 78 71 70 21 67 99 4 94 40 32 78 67 14 27 52 31 96 20 71 8 44 35 74 95 98 8 40 37 34 81 18 25 99 80 61 62 15 98 75 38 68 81 20 12 18 67 17 8 31 47 14 66 60 60 24 88 34 9 61 86 17 3 97 1 77 98 25 83 62 12 15 76 79 13
89 60 19 52 78 78 14 19 82 41 13 13 50 97 50 75 54 53 20 86 45 55 36 78 75 30 11 42 53 7 87 69 9 88 65 40 48 86 29 72 5 60 1 55 41 77 13 61 75 51 77 65 13 3 52 32 11 17 20 77 78 76 70 86 43 74 24 20 47 15 24 91 18 20 33
79 4 97 66 25 3 17 94 82 96 80 62 96 63 6 96 84 26 55 25 63 58 10 17 53 92 20 25 64 76 7 87 9 39 94 96 79 82 63 46 69 14 84 87 11 58 86 85 67 1 99 91 66 20 12 6 45 8 74 39 21 6 69 59 88 28 83 12 73 81 3 14 87 3 92
4 15 45 43 84 66 84 44 61 57 61 45 38 33 97 40 1 89 77 7 41 6 52 59 67 94 30 15 64 79 77 74 3 68 90 47 10 80 37 18 54 99 83 93 59 60 88 28 8 31 52 36 90 98 44 68 48 21 99 81 73 96 19 55 5 20 93 34 13 70 99 63 41 6 99
94 68 49 91 25 29 75 17 98 75 52 25 82 42 28 53 89 80 13 9 73 90 32 40 74 54 29 52 91 80 26 92 51 65 65 55 43 25 87 6 34 98 99 94 26 86 13 42 64 77 27 36 1 49 43 83 10 92 3 10 61 30 37 98 42 94 41 15 76 52 41 94 20 18 97
37 58 80 6 22 76 96 5 16 35 81 16 81 4 71 14 71 33 97 51 52 10 93 5 37 94 17 7 56 20 89 94 52 2 5 86 79 63 34 38 84 29 91 78 21 42 66 44 85 13 25 99 96 54 38 76 84 39 19 30 41 37 82 14 55 84 37 54 64 18 34 29 88 44 50
17 45 75 76 41 45 60 86 60 80 92 49 69 26 39 22 61 60 44 30 37 82 88 9 47 95 52 21 46 10 3 67 63 28 4 48 97 96 5 87 73 22 11 66 93 38 85 78 27 12 39 31 74 73 53 58 43 58 47 54 9 20 14 16 46 99 22 1 56 68 96 12 99 82 24
57 72 25 69 1 70 83 83 13 50 63 25 38 91 67 69 24 20 27 79 95 54 16 9 27 51 39 48 31 17 91 40 80 2 9 97 13 21 77 97 26 64 20 37 92 88 41 62 14 70 40 48 55 97 70 56 72 43 1 31 90 82 47 24 61 45 40 96 55 30 16 39 82 14 36
33 33 8 40 12 74 91 41 85 28 86 86 39 19 6 6 56 95 48 74 98 26 37 45 91 67 62 40 3 93 86 24 37 76 3 68 41 88 64 47 11 99 39 61 14 80 82 7 24 56 21 56 42 48 71 52 90 4 17 43 10 68 74 53 28 22 47 8 43 88 65 3 12 93 98
75 11 54 4 71 58 81 5 75 33 95 14 35 98 85 62 72 52 98 13 42 34 63 69 44 12 7 58 4 9 96 18 83 87 14 72 46 80 6 84 80 83 24 87 93 98 23 94 32 91 40 47 7 61 23 66 81 97 69 96 69 98 61 48 77 31 44 22 40 72 67 78 58 16 38
2 17 86 28 24 61 80 51 27 34 76 87 1 30 60 38 3 53 1 16 15 44 42 1 14 16 71 18 76 68 76 20 20 44 86 54 77 88 87 19 68 68 93 99 58 35 83 87 93 87 31 28 64 36 21 65 32 63 79 41 47 36 22 76 50 1 2 51 64 28 36 44 68 35 58
15 92 63 2 1 29 77 34 48 85 94 64 77 23 21 11 8 53 82 39 35 31 51 1 89 59 28 99 80 27 62 53 45 65 23 63 76 18 30 44 14 62 22 55 76 59 78 64 58 29 34 40 24 5 42 72 66 68 45 74 29 85 95 45 20 70 94 53 45 72 51 84 99 19 47
3 73 44 56 11 79 62 41 34 63 43 50 61 43 81 90 16 10 86 28 64 59 54 26 26 56 25 92 95 2 93 5 40 25 81 83 74 4 97 3 59 43 16 3 98 98 86 36 40 1 72 57 93 8 71 36 63 26 76 2 36 43 37 22 94 82 72 85 91 12 35 63 65 60 95
17 91 94 72 21 93 52 20 42 48 8 82 49 87 33 27 63 10 60 34 15 24 67 68 1 37 88 79 97 7 96 36 19 36 12 67 23 99 56 60 66 85 77 91 26 80 95 27 86 74 50 60 19 35 81 9 54 59 44 62 54 95 63 95 82 65 42 19 67 9 35 85 42 29 63
66 46 53 42 81 90 23 3 18 34 64 50 57 2 24 85 66 57 36 31 29 25 4 63 70 4 99 42 92 64 80 36 91 37 67 27 44 22 46 79 92 80 81 89 11 21 33 76 23 53 86 22 2 63 99 25 66 82 49 98 76 62 86 76 39 33 30 94 20 20 55 56 59 62 56
34 90 84 94 67 22 45 78 59 84 6 18 59 12 69 61 23 46 13 99 80 10 18 59 80 65 91 41 51 65 88 75 10 17 96 28 49 27 59 19 38 80 66 87 8 43 92 37 16 68 71 75 12 59 7 63 28 42 39 35 89 42 6 49 85 77 19 11 76 45 89 88 13 95 39
63 87 40 90 98 96 91 25 54 40 84 40 69 80 64 19 62 93 7 64 12 46 75 58 62 85 89 60 85 96 8 55 99 91 5 16 25 55 28 72 57 54 66 46 69 20 82 32 72 53 45 71 16 72 18 82 70 81 93 88 38 68 70 43 36 69 83 46 7 57 24 27 20 63 56
10 43 22 41 85 92 20 32 8 94 66 39 91 30 47 23 38 45 21 96 84 5 21 93 95 55 44 68 1 50 64 69 45 48 19 40 75 79 98 76 99 87 59 93 57 71 61 76 71 18 45 10 8 52 7 93 76 92 96 72 62 74 80 73 74 6 6 71 27 16 49 43 68 95 53
74 52 20 92 84 37 9 34 41 74 59 48 68 90 63 34 18 95 6 47 5 48 19 21 57 32 17 67 85 74 25 55 4 46 2 23 17 31 86 66 76 33 59 3 3 99 10 14 99 89 59 81 24 60 31 43 25 60 16 28 42 78 8 80 4 1 71 9 63 83 78 17 7 97 61
46 71 97 10 84 30 70 62 18 7 61 64 4 4 10 50 55 59 83 10 80 19 59 82 85 30 40 39 25 99 49 87 56 40 96 57 72 45 83 5 14 95 94 15 7 7 99 76 14 73 37 81 7 2 18 11 89 61 41 31 44 42 85 84 72 51 31 22 47 6 35 48 53 69 99
80 58 67 11 93 67 12 17 65 95 82 31 43 79 82 3 70 80 36 32 93 49 47 58 70 25 13 36 3 57 80 32 6 8 2 93 37 47 94 57 84 46 84 68 91 31 17 65 20 51 40 67 64 49 74 19 48 91 85 78 6 2 42 71 41 1 68 48 75 11 65 67 81 84 86
84 47 52 24 38 47 47 52 42 46 27 59 52 32 15 26 79 19 85 92 44 7 80 48 37 7 20 95 90 90 14 30 89 73 56 62 17 94 50 75 16 73 64 64 63 20 86 8 7 22 3 27 35 66 64 37 67 11 58 78 33 25 90 72 32 66 45 37 91 99 73 12 43 19 74
59 47 19 90 50 85 29 75 27 64 11 64 15 68 15 14 13 42 25 56 68 40 59 77 78 15 22 47 85 81 69 10 73 39 38 68 79 31 17 80 64 8 33 82 84 32 29 44 69 36 90 7 86 76 90 59 77 41 67 64 59 33 88 22 85 20 41 94 46 65 89 18 95 82 96
11 53 36 56 29 48 84 92 22 20 43 82 7 92 61 72 7 16 73 53 26 65 85 15 51 46 5 12 4 26 4 55 87 96 86 7 78 72 50 74 11 46 56 64 31 70 59 60 5 36 85 32 45 46 75 25 90 22 19 72 1 56 59 28 48 62 1 60 28 71 47 30 52 31 58
14 25 95 40 85 46 59 73 98 2 80 50 19 71 96 30 50 74 50 20 86 56 75 73 70 34 21 23 14 34 90 35 49 65 73 42 14 5 35 13 45 6 68 94 9 88 76 45 22 18 14 26 9 71 64 12 83 78 24 47 52 96 38 99 58 45 44 46 50 39 40 83 3 20 31
94 44 79 77 90 97 73 63 99 3 18 32 37 1 29 40 37 45 96 76 14 93 76 51 60 52 72 27 19 46 43 37 49 11 27 17 77 58 50 38 99 49 64 75 85 31 30 13 38 87 58 6 88 11 85 29 64 14 95 50 57 38 56 27 66 79 58 74 74 24 15 36 95 29 20
64 82 7 34 1 77 51 57 23 22 87 89 61 60 8 54 34 79 86 43 61 55 75 55 64 90 88 92 74 13 6 84 39 29 10 31 22 5 23 82 37 78 64 12 72 92 45 62 23 99 3 49 50 28 97 11 86 27 62 60 54 24 73 36 34 57 66 81 31 50 42 7 76 60 49
4 48 63 51 47 92 59 54 96 42 29 64 10 92 37 40 19 16 43 12 94 31 65 8 9 48 9 70 29 12 89 60 15 71 28 25 55 4 60 66 32 64 86 5 36 69 79 74 80 31 60 38 9 65 47 37 25 42 71 82 19 50 96 16 90 64 17 33 65 54 98 86 38 50 60
73 94 43 37 32 19 49 3 83 20 26 91 52 60 30 65 12 81 19 88 31 80 50 85 56 64 42 68 89 91 48 44 89 56 6 81 6 34 90 98 14 98 42 8 24 3 86 76 22 21 73 39 27 32 92 53 80 58 33 65 35 99 73 51 63 53 97 8 15 27 41 50 26 55 3
88 27 43 37 50 52 15 87 9 19 13 73 20 75 54 24 3 20 80 70 69 20 64 9 87 12 95 74 33 24 31 7 47 86 49 28 78 96 12 17 60 12 2 93 1 80 23 22 92 43 74 71 83 42 77 48 8 61 2 49 81 6 43 24 12 4 49 15 17 74 62 17 59 67 89
38 87 93 24 34 59 27 70 98 70 80 79 67 51 30 53 53 47 2 90 53 64 98 3 34 69 18 89 36 17 43 52 13 16 86 35 24 18 57 23 79 3 84 9 46 93 89 28 93 51 68 78 9 4 44 81 79 78 95 87 49 82 50 56 27 57 76 95 85 38 13 79 79 76 18
87 87 73 73 95 68 86 20 93 16 71 12 49 74 33 74 37 82 34 19 76 53 72 87 52 7 43 93 7 20 44 32 91 43 76 52 61 7 56 43 99 83 62 6 85 48 64 24 31 3 91 46 69 97 51 17 54 4 50 29 8 56 49 49 14 52 82 92 47 15 14 4 53 58 43
27 77 45 26 43 59 21 48 66 81 40 47 97 87 2 19 38 47 1 15 40 92 46 69 54 40 57 77 39 98 42 20 54 24 80 83 93 48 75 93 42 40 54 5 20 78 88 61 76 74 35 17 73 1 43 27 19 31 25 57 21 2 78 33 16 15 17 62 68 78 90 92 20 85 65
28 74 83 88 49 16 51 63 80 53 59 41 21 99 25 72 42 15 72 53 62 39 30 61 89 46 92 89 57 51 70 71 63 40 81 72 35 6 27 94 62 89 26 58 10 10 77 76 70 7 49 73 34 86 85 95 28 77 34 65 89 2 99 78 50 38 53 63 20 19 55 69 89 7 62
71 66 76 13 31 69 48 74 34 80 82 73 55 56 11 85 92 25 20 66 98 21 52 11 78 72 63 20 28 46 94 5 73 91 89 97 33 6 50 3 71 23 49 53 26 1 98 43 65 42 84 14 52 93 3 85 26 96 32 89 5 61 87 66 55 58 23 10 65 20 81 17 26 87 35
78 77 59 85 30 68 26 38 61 96 97 62 24 61 65 47 64 62 18 32 82 89 83 83 80 34 5 42 54 6 40 73 54 61 39 83 12 5 17 62 31 37 28 88 5 33 46 93 58 28 88 26 79 12 65 39 28 61 35 84 14 2 91 60 32 75 34 75 12 91 98 93 7 10 51
63 95 91 81 29 79 47 67 91 78 22 52 66 48 31 35 32 29 64 32 68 79 17 12 60 33 38 20 85 83 34 40 56 53 67 25 12 41 46 73 32 33 50 4 79 18 36 53 60 68 62 45 60 98 26 62 30 84 52 48 20 42 8 72 52 51 80 28 6 28 57 87 64 25 80
38 62 67 32 53 90 46 76 97 52 4 67 96 72 93 28 52 73 81 81 13 35 81 75 47 43 81 11 6 88 4 35 93 14 82 82 92 78 11 71 80 39 47 16 73 6 3 43 30 57 94 19 81 75 87 41 23 62 15 15 98 19 86 37 84 6 20 1 51 56 31 92 23 74 99
44 47 50 68 84 56 20 35 71 85 86 2 17 1 95 93 17 33 77 53 83 81 75 93 61 64 24 67 30 2 90 23 82 56 86 66 4 36 30 87 76 88 35 40 41 21 19 20 4 29 70 26 80 23 97 40 96 17 35 61 37 57 96 13 37 32 11 29 13 7 62 89 51 92 55
68 9 66 89 18 39 10 97 13 39 36 3 99 70 92 70 75 62 51 93 47 3 94 31 12 33 98 56 41 25 52 56 36 55 24 8 82 2 39 3 80 32 83 79 34 28 36 32 21 53 12 31 28 30 12 61 22 16 76 36 7 61 92 81 93 65 49 70 18 42 21 38 35 72 70
77 35 15 33 81 42 96 49 99 87 15 18 56 48 19 17 8 56 52 35 17 38 9 95 42 16 60 77 80 28 64 36 85 69 11 5 32 97 68 1 45 38 81 38 39 83 95 12 4 45 82 83 43 28 17 80 51 47 64 36 82 48 33 74 22 79 77 83 81 48 95 90 33 31 38
71 65 16 51 15 17 18 4 30 46 27 8 21 68 56 9 31 7 57 34 85 38 64 61 71 11 5 25 69 4 67 10 35 16 60 69 88 41 90 31 29 13 13 96 60 62 82 54 4 97 43 19 52 18 88 49 49 96 94 82 16 56 9 45 63 26 55 41 67 23 88 20 6 37 62
41 37 79 39 26 63 86 80 35 8 85 27 48 44 14 15 96 25 57 37 52 53 19 47 45 52 89 6 60 64 7 28 19 41 50 8 42 42 49 37 20 2 52 90 24 13 64 62 36 87 55 19 27 76 96 74 10 27 57 5 47 90 97 36 71 81 54 39 32 27 95 65 73 95 67
8 12 37 15 21 23 86 89 59 29 67 70 27 77 60 82 49 42 5 83 69 31 63 83 89 62 77 36 60 66 94 20 66 84 82 27 41 34 99 3 81 49 28 68 86 48 8 44 15 50 57 18 44 16 27 47 67 69 71 78 83 28 22 41 71 61 17 49 82 11 60 29 7 76 72
75 1 40 28 72 92 20 89 39 17 71 20 10 54 12 75 78 43 91 76 8 34 70 8 17 45 6 86 12 30 24 1 91 72 24 4 75 80 19 64 69 41 24 95 22 49 47 75 15 80 11 79 74 81 60 34 8 30 69 43 54 42 36 64 12 82 33 39 94 51 80 97 49 43 98
37 6 15 39 8 50 35 76 11 56 78 25 77 35 52 2 23 77 41 10 12 72 32 9 79 22 30 52 26 71 39 79 5 60 63 48 65 25 28 59 24 68 99 75 74 94 10 37 76 97 44 15 43 63 7 95 38 32 69 86 99 14 84 83 68 86 37 18 58 55 4 81 19 8 20
43 22 49 86 99 98 13 26 17 40 50 74 77 62 20 49 71 75 36 99 64 78 67 49 88 20 55 51 21 81 13 77 24 50 48 46 98 98 98 48 29 57 1 20 74 11 78 17 24 89 75 18 36 27 5 28 2 35 31 37 5 30 74 23 85 49 38 13 44 87 31 37 74 47 78
88 79 47 4 66 13 71 46 67 71 91 79 42 48 33 82 17 60 50 89 77 39 90 79 88 10 43 25 63 78 60 55 84 38 85 15 94 60 22 75 31 86 65 15 59 34 13 71 47 16 75 15 51 83 84 94 51 63 53 84 1 43 99 4 83 50 29 71 24 8 3 47 34 92 99
46 38 25 26 78 47 34 47 58 19 33 35 60 56 72 55 56 71 80 73 73 57 52 68 68 44 2 28 22 96 40 67 31 36 66 91 39 10 25 28 35 97 57 79 31 64 34 17 40 85 20 30 99 46 72 63 95 39 92 69 72 15 29 11 70 19 77 79 1 8 25 68 25 84 69
75 83 98 82 77 91 97 2 7 4 57 39 86 63 77 68 15 59 5 65 14 24 86 93 94 59 93 13 42 24 82 88 71 15 23 40 61 4 14 98 99 16 73 71 93 93 85 51 43 19 68 6 95 58 53 66 50 27 11 23 80 8 80 65 27 40 69 19 53 54 42 92 17 51 15
67 61 97 34 56 51 26 44 75 9 1 16 34 95 29 25 62 94 17 85 27 60 78 85 51 10 30 17 70 52 56 8 78 72 36 61 49 53 56 69 45 19 83 35 35 30 35 1 88 82 33 70 7 72 98 74 49 61 70 46 59 1 80 62 73 94 43 75 11 68 65 40 89 8 69
26 9 26 4 48 26 20 21 11 38 37 87 17 8 86 92 42 47 76 50 47 97 27 21 49 97 39 53 24 60 30 2 4 34 64 28 88 94 6 39 20 74 82 92 43 91 4 50 56 82 86 60 43 73 70 35 94 52 77 24 54 81 97 40 84 77 40 29 62 30 46 60 81 82 54
86 56 49 15 50 13 5 78 91 43 37 50 36 94 66 7 64 67 70 59 58 84 82 34 17 48 51 78 91 93 62 22 68 58 40 26 54 29 58 97 17 52 53 52 12 87 43 19 68 23 2 61 94 99 59 59 17 97 11 25 57 85 24 93 75 19 54 90 59 43 70 99 78 91 38
59 39 34 15 40 85 19 72 83 33 7 64 27 90 62 59 62 76 39 90 27 64 75 15 68 69 49 28 92 37 97 23 41 18 4 5 76 91 76 90 39 74 52 45 51 51 37 38 37 31 70 60 26 76 9 1 92 83 76 27 10 36 13 23 11 63 50 86 48 23 44 93 59 31 38
61 92 26 77 14 85 51 9 8 52 43 6 71 54 97 9 78 37 88 16 36 45 58 64 27 25 8 55 98 12 94 45 46 82 25 37 39 70 96 49 96 74 65 46 81 94 76 17 54 60 24 89 71 10 56 71 58 10 92 83 32 97 1 5 40 17 29 67 33 26 49 94 31 84 99
39 16 27 49 76 75 21 51 80 88 88 5 9 57 39 18 93 83 54 25 75 87 35 60 85 60 52 59 23 27 24 30 38 25 79 73 32 7 97 5 27 89 95 73 61 24 17 80 78 19 16 31 14 71 75 57 84 42 21 99 64 33 23 95 90 72 53 15 14 86 1 4 91 64 69
22 13 25 86 45 30 84 12 66 91 67 1 49 79 9 73 84 90 44 61 19 33 40 74 60 36 26 14 79 7 65 3 14 2 61 53 38 65 84 82 18 90 2 26 64 52 97 42 75 8 28 9 16 70 76 82 97 8 39 46 9 71 62 25 70 62 17 94 74 9 68 65 34 53 40
11 97 1 22 28 23 80 37 77 85 75 70 80 34 30 35 97 24 86 58 22 34 26 12 45 14 14 1 88 90 6 10 80 40 65 23 62 53 39 92 28 87 67 33 16 44 83 10 87 37 95 56 99 8 99 45 96 81 96 34 36 46 57 40 94 52 81 48 84 72 9 90 4 56 80
79 19 20 99 32 28 8 97 65 46 10 73 37 58 98 25 38 75 45 41 15 49 74 8 23 41 13 71 63 63 57 68 81 88 40 2 77 90 94 79 37 85 19 46 51 85 25 46 81 26 7 69 39 82 38 53 22 8 52 41 69 45 3 16 60 45 23 30 39 25 75 76 99 68 54
97 68 5 25 31 67 76 76 61 90 79 11 32 75 11 46 56 36 9 58 19 30 80 92 36 80 56 60 9 34 91 44 90 51 92 1 72 37 25 7 99 84 62 73 86 5 21 7 65 74 4 84 52 31 84 2 57 18 33 88 64 13 12 90 68 3 59 56 16 5 53 42 88 6 14
55 4 52 58 82 86 75 47 23 10 91 18 83 6 95 47 55 46 82 34 72 99 84 87 9 83 63 9 21 2 6 47 82 53 34 7 24 99 49 18 23 31 92 88 41 33 1 51 33 79 21 97 51 24 82 95 49 10 44 58 84 18 92 74 9 25 59 53 13 84 93 27 26 9 95
98 34 83 40 99 45 55 21 28 16 82 95 83 78 48 25 63 19 38 17 76 18 97 4 43 46 20 93 64 5 65 67 39 85 68 94 94 79 21 61 66 25 17 18 55 14 28 1 43 65 6 84 93 29 53 46 93 66 21 66 91 27 19 11 86 1 46 56 90 53 62 26 2 48 88
13 5 76 95 7 36 91 42 9 22 49 99 89 32 62 73 39 3 99 82 20 91 23 87 46 82 70 77 50 24 98 20 50 90 92 97 86 59 96 14 82 81 52 92 64 70 45 93 28 14 46 96 11 12 9 45 25 92 34 88 92 83 54 36 10 94 1 44 64 51 66 60 31 76 90
15 98 78 76 61 46 74 97 43 42 67 33 92 54 91 86 72 34 16 49 48 79 47 67 2 8 75 74 20 7 81 36 21 62 22 1 86 40 12 86 28 86 36 36 81 69 70 48 40 2 66 63 72 46 7 27 67 18 2 69 50 87 67 23 71 81 31 23 56 79 84 64 4 96 60
56 24 5 37 74 31 7 67 7 61 82 77 55 54 59 92 46 89 32 54 58 80 21 49 44 65 59 32 47 6 58 59 57 22 15 92 97 89 72 53 70 17 23 6 54 70 86 59 10 15 80 41 99 94 83 84 82 19 58 3 5 39 43 30 28 93 89 8 51 28 7 12 50 63 26
59 76 40 60 88 35 84 76 10 59 37 96 78 16 5 59 99 45 90 12 59 85 74 72 20 11 41 58 6 26 72 7 44 75 19 22 27 15 45 44 36 55 18 22 18 14 92 34 19 85 90 54 71 17 2 39 40 32 33 88 48 77 31 66 43 21 62 60 14 58 88 23 40 29 48
59 45 22 65 90 44 1 85 76 51 72 35 45 56 38 37 29 64 8 59 81 3 89 47 87 80 16 76 68 95 5 66 57 19 85 37 58 63 98 15 1 42 61 86 72 61 2 18 5 61 38 98 53 84 71 47 70 90 40 2 7 32 13 19 20 1 53 50 46 8 48 72 53 44 39
5 3 69 23 65 72 74 50 2 57 51 79 74 94 93 62 82 11 4 21 24 71 97 4 13 90 95 13 43 83 65 27 35 26 76 91 72 87 20 76 14 35 27 74 28 43 49 32 98 44 80 77 37 35 25 12 40 97 42 12 70 10 55 70 52 43 32 93 27 26 59 66 61 33 43
16 48 15 78 9 10 21 6 41 22 76 35 69 15 65 43 61 80 89 74 92 69 53 89 66 72 51 89 66 31 17 94 15 16 14 67 11 39 18 80 99 85 41 73 52 38 97 86 82 1 24 56 69 82 60 8 24 59 12 30 91 95 42 24 3 9 87 64 7 7 42 63 51 69 90
65 96 94 61 13 30 30 43 83 56 53 90 99 53 47 60 43 88 43 67 31 87 39 78 20 52 49 51 46 43 36 32 89 55 68 66 63 99 94 73 25 6 45 77 97 76 11 75 22 56 13 36 46 25 55 66 31 60 85 59 55 88 38 18 73 36 68 77 24 47 8 27 46 98 10
39 35 49 45 34 58 59 83 59 84 76 69 58 57 62 23 32 57 85 66 91 17 42 54 61 60 15 26 41 25 69 35 70 15 86 74 17 56 2 86 20 14 26 39 75 77 75 97 1 10 64 18 45 73 33 27 55 35 49 26 12 54 19 26 5 85 40 10 94 33 48 40 89 42 60
46 69 82 46 39 94 29 97 92 3 48 83 30 36 46 73 75 25 50 72 78 81 90 89 89 52 42 59 56 39 82 54 87 62 97 26 87 50 94 98 61 43 2 20 57 58 83 42 35 50 60 26 15 66 47 86 2 94 78 45 64 85 46 3 26 86 74 50 43 70 58 22 83 60 79
88 90 28 66 72 72 68 52 93 49 12 68 61 43 44 10 79 57 59 94 91 90 48 87 68 58 84 42 46 39 49 88 81 32 48 23 72 30 4 45 54 22 28 13 28 33 38 57 51 23 48 74 56 60 93 99 89 38 50 1 46 13 99 3 98 62 94 41 99 91 9 70 88 1 93
70 69 98 29 63 41 12 56 21 41 13 17 40 75 35 87 86 38 79 68 75 59 33 61 72 28 68 71 82 6 61 93 64 90 60 14 46 21 59 70 1 35 3 94 90 35 39 65 20 12 82 43 10 59 18 75 51 20 40 32 84 29 42 87 3 93 22 63 32 83 83 44 97 64 53
80 62 12 28 9 45 55 51 49 10 30 28 23 37 82 98 39 19 78 60 79 45 41 13 89 9 94 93 13 41 72 70 39 42 64 8 93 78 67 22 44 2 70 91 16 18 36 28 64 64 18 71 90 62 14 12 62 10 3 28 98 48 10 83 97 31 76 1 19 44 83 42 36 93 71
24 25 45 84 10 30 34 47 13 17 33 36 89 26 28 69 71 65 8 97 77 59 56 83 92 1 76 62 63 62 23 13 33 39 53 83 98 67 65 67 95 18 80 2 92 73 66 90 68 41 63 24 34 69 37 90 53 28 59 18 69 98 64 25 74 88 15 45 93 82 74 27 26 9 33
94 38 62 96 48 72 16 49 29 67 10 1 79 4 63 12 31 65 4 78 83 25 50 97 52 2 71 91 45 37 34 48 13 62 8 72 88 43 28 11 89 53 13 66 22 23 93 54 91 20 18 28 74 26 25 46 4 68 27 61 93 49 7 2 6 5 79 55 81 27 74 52 88 66 75
64 97 90 39 85 82 24 82 90 19 9 79 74 39 1 29 89 59 43 58 98 86 60 8 84 9 92 41 59 22 20 31 28 24 12 65 48 65 82 27 28 39 65 38 45 60 49 70 55 69 61 74 14 3 56 17 38 24 19 46 51 48 54 34 64 40 28 90 73 29 51 47 96 14 86
66 55 23 31 39 43 34 84 59 76 50 5 84 84 24 68 10 50 95 38 22 78 81 71 62 91 29 30 28 85 38 77 80 38 45 97 18 7 51 19 47 48 62 40 86 16 41 48 32 54 9 42 94 14 71 71 12 39 50 70 5 91 56 61 43 90 53 1 25 25 56 96 82 69 39
84 20 55 6 61 66 49 78 6 85 44 93 46 67 61 14 62 20 52 81 69 97 52 52 62 63 5 78 75 67 68 85 71 67 51 35 74 58 62 58 79 35 63 53 32 87 66 1 39 38 57 23 62 1 7 67 27 94 7 39 83 59 49 76 54 29 21 63 65 14 9 3 84 13 31
67 49 97 64 56 51 20 4 69 90 91 21 76 39 5 62 71 25 58 61 71 25 79 63 39 4 88 25 79 99 80 68 72 33 39 6 15 13 99 81 58 80 73 14 43 83 67 28 21 33 81 11 37 50 67 99 43 40 92 81 18 11 12 71 66 44 75 4 16 90 68 16 96 4 37
30 1 94 18 2 64 54 86 71 2 94 61 96 64 87 30 12 49 60 36 98 56 3 48 75 75 18 65 7 81 85 45 82 89 48 3 89 34 56 56 29 25 81 31 80 49 57 90 29 19 50 95 36 32 30 70 77 38 8 95 53 80 90 59 13 53 93 81 5 36 76 76 19 88 92
82 97 46 44 98 40 36 69 32 69 40 95 66 55 84 51 28 45 91 80 65 62 92 5 51 32 87 28 71 58 94 99 1 60 79 6 92 19 73 41 26 83 79 72 57 60 18 30 13 68 21 48 6 47 7 47 54 63 42 92 96 2 56 70 47 38 76 95 74 73 27 85 3 16 34
42 99 52 18 27 33 78 2 16 48 6 73 78 6 44 93 84 1 2 9 18 15 23 39 4 72 37 86 39 88 86 25 74 30 49 42 30 92 85 99 97 88 78 91 84 30 72 47 84 1 90 94 75 3 30 43 75 86 33 42 68 48 95 85 25 6 31 87 88 45 13 54 92 13 74
12 81 79 85 22 42 34 7 65 23 18 28 28 12 26 16 80 44 84 96 99 6 43 76 85 57 97 97 99 83 18 5 15 54 36 7 40 43 24 96 55 29 19 42 54 22 44 43 68 67 28 96 65 46 26 27 17 36 9 71 75 63 94 58 22 48 80 1 13 46 88 20 42 1 65
83 73 57 85 92 50 66 36 50 14 3 80 93 96 83 48 68 20 60 1 93 57 52 57 19 63 63 23 16 59 48 7 60 39 10 62 49 50 91 43 35 49 18 51 67 99 58 2 64 68 48 69 55 3 86 35 80 71 27 87 93 30 13 57 85 82 47 95 5 38 37 41 57 61 69
54 24 27 88 42 84 88 54 40 41 81 12 92 40 8 69 7 35 17 62 68 67 62 26 88 96 39 44 91 6 85 1 23 17 58 56 48 21 13 48 5 74 5 35 85 88 42 76 17 22 78 22 81 78 90 28 13 84 44 98 74 7 27 31 22 93 28 86 80 73 8 20 56 32 44
36 65 89 53 1 5 91 97 65 1 22 25 20 96 55 40 12 41 78 69 5 50 27 65 6 11 11 53 76 79 91 39 24 71 21 23 33 98 39 55 59 38 50 92 24 19 41 75 9 14 32 10 5 42 49 60 92 32 24 64 77 71 4 44 62 14 98 40 57 20 70 51 11 81 50
80 67 96 43 3 47 95 27 56 88 65 83 82 45 37 75 16 91 41 5 86 72 72 55 21 34 59 87 71 21 17 54 25 13 54 8 4 77 62 69 70 80 91 53 9 6 25 34 97 67 43 66 85 79 11 29 33 35 77 58 10 78 24 84 20 69 70 81 38 94 25 6 79 20 25
95 56 68 42 27 6 82 11 67 86 96 42 46 57 15 83 39 81 4 15 12 83 64 33 88 97 94 66 62 88 46 93 7 90 30 29 19 25 25 20 88 77 87 13 16 44 71 15 31 27 46 49 49 89 64 30 26 42 63 45 86 36 56 30 3 71 23 88 6 25 53 11 59 52 3
17 24 72 96 58 16 20 4 74 92 39 54 78 63 78 79 32 59 49 34 30 96 41 29 29 37 91 58 4 23 15 44 52 51 62 91 53 38 14 41 18 4 16 29 33 55 15 47 72 48 73 40 91 1 35 17 17 61 15 77 34 48 18 32 9 10 32 90 54 64 31 64 12 73 2
28 93 61 32 42 21 39 20 71 23 96 4 39 25 82 5 59 14 46 53 6 69 10 15 36 13 4 6 72 38 17 22 83 29 86 9 53 58 85 67 12 88 31 88 91 95 71 29 63 92 9 55 53 64 56 55 50 96 19 8 25 52 52 5 56 97 98 96 9 56 69 7 69 43 34
66 68 92 90 83 68 90 97 61 8 40 42 85 28 90 59 33 45 61 25 14 75 65 21 2 43 92 68 33 2 46 50 19 67 58 80 65 38 94 38 83 67 24 81 46 97 26 17 24 33 66 29 6 78 27 80 44 41 86 54 93 20 43 35 96 74 23 53 56 42 1 21 76 68 23
97 36 58 7 5 78 70 79 51 8 34 26 76 52 89 39 94 18 1 24 56 4 9 82 63 71 10 39 20 67 35 27 19 7 24 29 97 43 9 86 77 14 72 11 13 29 65 18 28 4 7 4 7 92 75 80 17 48 5 30 64 71 31 93 44 71 3 98 85 81 3 6 65 41 80
83 71 32 55 68 76 30 56 77 5 74 94 51 30 71 33 31 44 33 34 50 14 21 2 44 90 23 43 89 23 7 48 68 77 34 32 37 68 90 71 93 37 76 75 12 63 44 72 5 13 13 61 47 55 51 63 61 1 44 56 20 14 70 15 49 70 15 17 37 22 68 97 37 20 44
88 83 44 43 55 91 70 19 47 23 35 84 49 24 18 92 90 19 88 15 42 54 13 33 91 93 52 4 53 7 22 72 20 89 97 98 89 26 36 5 46 9 3 52 61 4 99 75 82 60 45 33 89 46 93 78 59 5 75 53 80 13 1 39 88 24 67 36 58 32 43 65 69 64 58
18 79 16 18 61 24 13 50 16 67 8 28 67 2 92 22 96 73 69 77 46 23 52 84 7 25 16 59 39 74 65 13 89 1 97 49 23 74 29 93 63 34 38 40 36 68 51 65 10 83 53 47 77 38 52 14 29 38 36 30 97 51 7 73 96 73 89 93 50 34 4 36 16 39 71
68 84 65 90 47 78 77 41 18 95 73 5 80 38 58 53 85 29 1 23 36 45 18 82 88 51 65 64 37 9 70 35 87 89 60 98 54 88 77 93 42 2 46 70 60 71 85 69 4 58 40 91 51 97 62 27 85 50 75 56 56 63 85 68 74 27 83 21 46 19 95 51 10 96 86
95 53 10 26 33 31 76 41 62 30 34 16 19 73 53 57 67 60 14 66 48 50 66 95 41 27 36 13 6 44 92 54 4 83 20 73 6 13 24 87 24 44 98 9 14 37 79 6 30 51 96 1 72 64 58 94 69 20 58 60 94 71 39 52 50 84 55 1 82 28 96 91 5 73 10
10 5 86 15 46 92 81 10 1 40 22 58 52 73 83 12 86 79 19 62 21 71 6 54 60 5 81 82 74 18 60 21 35 15 44 46 71 90 39 5 58 77 3 89 39 29 42 26 86 8 24 82 82 19 95 56 8 51 62 50 91 86 61 15 39 99 64 21 77 34 77 34 56 81 88
32 53 45 94 14 70 72 78 80 19 50 52 68 98 72 20 36 51 31 1 38 59 64 66 12 23 48 1 31 68 53 88 83 71 40 47 99 27 64 99 57 64 98 43 25 45 93 36 82 45 70 97 84 11 36 91 18 12 39 44 36 76 49 38 57 25 60 11 40 1 72 47 68 73 2
32 59 64 57 23 67 18 42 81 98 36 65 93 30 56 49 34 65 16 49 35 76 3 91 62 77 39 83 35 30 28 91 11 42 60 48 28 9 33 24 14 15 57 91 15 75 37 27 34 17 76 82 73 42 75 62 79 80 44 10 28 69 65 28 47 27 55 74 1 28 36 58 99 42 76
1 21 41 48 2 15 29 50 59 32 20 40 49 57 7 12 41 82 89 97 71 78 25 29 33 52 67 10 78 12 45 42 84 37 60 58 39 41 90 48 67 17 67 26 49 43 30 63 10 97 80 19 35 79 89 84 86 68 51 63 7 1 50 2 58 93 37 14 1 51 3 79 42 91 53
30 99 27 28 91 45 12 66 17 50 77 27 34 34 91 2 53 98 59 14 85 84 51 10 54 2 9 47 55 56 30 26 75 64 27 84 77 99 40 23 28 24 80 16 98 10 81 49 34 47 17 49 42 71 86 36 39 27 69 80 45 24 70 83 58 11 70 58 95 33 28 13 87 95 48
77 15 59 85 18 74 73 37 39 38 36 49 66 56 1 42 41 56 9 97 90 30 92 24 54 42 71 86 81 46 26 71 85 64 36 23 16 13 95 95 84 71 7 62 7 30 95 22 35 70 67 93 17 69 97 14 93 89 7 15 85 67 87 61 43 16 91 35 17 72 84 97 54 13 97
44 20 46 36 52 47 73 38 17 28 13 81 29 77 92 97 55 53 37 6 48 85 84 26 63 63 18 8 86 3 34 30 56 7 97 59 39 85 48 27 92 38 97 9 13 66 36 49 16 29 38 94 44 35 91 25 85 55 3 51 15 35 24 76 41 84 82 88 72 65 13 40 30 54 47
27 17 36 39 62 68 30 68 29 30 47 15 23 18 54 38 54 85 79 67 16 17 54 38 97 63 90 89 7 28 58 45 91 10 31 67 23 38 49 68 70 10 35 32 24 58 7 33 3 76 21 50 89 89 80 55 61 96 47 39 37 5 49 63 88 73 97 64 77 95 63 68 56 56 10
38 49 25 41 62 11 34 3 17 98 7 95 77 61 9 1 35 26 25 48 41 32 28 97 63 26 95 71 30 47 62 80 37 12 47 31 46 34 13 52 55 88 40 65 27 26 30 26 36 49 77 76 67 99 72 38 39 78 37 16 82 81 71 83 98 5 41 25 96 80 69 47 26 50 62
35 76 92 1 95 88 15 87 60 75 99 73 58 26 50 68 82 94 88 89 11 8 47 77 40 19 99 6 73 83 80 68 39 8 23 82 5 47 7 89 81 56 39 9 17 25 46 99 35 87 81 83 90 54 46 81 89 69 45 9 43 72 26 46 61 49 79 86 59 87 94 87 29 38 61
99 77 18 77 58 79 62 12 22 68 78 72 81 8 17 76 39 37 58 86 36 82 57 92 74 16 89 16 30 67 33 33 50 54 9 51 5 45 63 1 51 32 19 22 69 87 41 55 94 37 54 22 60 37 56 85 88 79 34 20 62 38 14 35 81 87 45 3 93 41 59 70 20 38 89
42 40 3 44 93 6 23 63 95 83 72 97 82 6 88 28 70 90 6 55 46 16 40 55 99 51 49 93 72 58 22 39 77 95 54 34 50 53 7 67 58 56 16 31 9 79 90 85 39 34 82 8 95 86 76 81 70 61 70 80 5 12 33 36 80 68 36 42 82 53 61 67 45 2 20
62 85 4 11 51 40 97 94 94 13 11 31 25 49 77 58 41 95 39 58 64 69 83 43 9 30 36 52 20 42 67 83 75 79 1 88 10 60 92 15 90 36 61 87 48 64 26 5 83 39 7 32 30 13 97 77 14 88 11 38 55 90 68 71 62 62 54 72 31 89 9 78 87 20 62
11 27 95 93 17 49 72 1 78 36 59 47 68 91 70 58 59 25 25 65 4 57 47 41 29 84 63 81 25 41 61 11 31 22 29 61 67 44 53 49 28 54 72 78 56 5 50 45 34 21 84 87 12 9 40 94 87 80 65 72 96 81 7 26 78 15 82 74 30 58 8 36 31 31 76
73 45 95 60 82 17 64 34 62 94 12 73 65 36 45 40 22 90 89 55 69 80 95 64 11 37 49 55 11 86 27 21 13 57 74 14 24 36 35 49 87 68 1 7 39 2 84 41 36 10 52 56 17 13 63 28 52 85 13 35 19 57 83 45 82 77 39 92 30 18 9 36 61 56 82
8 87 15 42 42 79 97 21 5 90 91 54 6 41 39 99 4 90 22 15 69 12 29 43 68 56 25 85 95 95 60 35 6 58 63 89 33 51 60 33 32 23 82 59 57 48 29 21 40 58 68 85 81 97 75 25 39 28 20 75 49 39 3 12 42 99 39 34 85 30 56 8 7 48 79
85 48 58 31 84 52 23 13 62 4 52 60 36 75 37 25 89 94 69 66 32 53 86 66 63 79 69 54 88 38 74 70 12 60 5 86 76 74 39 22 20 9 84 88 65 74 6 43 1 67 67 63 80 40 53 72 70 45 39 74 57 83 42 68 25 59 43 96 75 73 11 8 31 85 67
9 93 3 29 44 27 8 81 29 71 87 57 80 16 48 98 66 17 44 37 96 88 96 46 86 24 45 78 42 95 53 91 97 53 98 46 38 50 73 97 15 7 90 65 33 97 98 89 50 62 89 8 1 42 14 8 98 34 53 66 16 65 57 41 83 88 27 68 38 75 88 53 37 11 60
2 59 98 30 47 53 21 81 55 49 27 68 82 65 53 13 23 80 60 71 45 42 38 11 2 63 83 49 10 96 56 98 97 4 45 65 87 35 19 38 26 42 79 20 44 34 31 91 19 55 78 28 34 65 6 50 83 21 61 99 71 3 58 14 46 34 91 54 29 93 97 1 65 6 99
5 3 3 69 41 19 48 49 92 35 6 10 22 69 16 96 92 71 78 1 82 54 75 46 47 37 30 74 35 74 56 5 12 58 74 61 30 23 39 28 87 68 40 17 12 50 91 80 88 35 80 97 81 9 61 19 82 65 41 70 62 24 48 74 80 24 55 88 75 86 86 14 5 86 83
74 95 73 2 26 95 45 32 47 97 98 20 21 55 6 44 13 26 43 86 12 98 58 13 81 3 23 55 70 55 2 14 25 79 92 44 49 99 42 11 81 66 6 59 93 16 15 41 87 12 61 22 40 92 82 2 20 25 4 33 58 65 96 18 19 68 96 28 13 22 39 75 72 52 48
57 8 3 26 95 7 79 11 20 37 22 65 49 41 65 8 76 95 9 90 89 46 85 86 20 22 26 58 15 26 52 71 51 81 89 45 81 91 1 51 29 90 69 86 1 51 8 18 24 36 13 77 89 89 76 44 83 87 67 21 68 33 65 32 6 94 95 83 1 16 96 98 93 55 97
8 43 27 23 33 28 70 17 90 79 79 45 42 9 85 79 92 69 60 55 4 40 13 36 74 14 88 46 92 24 20 27 98 98 70 65 30 73 10 86 17 35 44 79 45 15 9 6 77 51 53 34 4 61 47 71 78 37 72 28 97 10 7 80 75 5 13 78 26 43 17 14 92 28 84
9 33 64 25 28 32 67 28 62 51 5 80 78 14 29 62 3 31 38 34 42 72 59 86 69 78 63 25 30 22 99 31 37 95 16 17 28 31 56 84 68 64 15 18 78 54 10 74 21 97 70 4 39 48 99 23 13 60 31 30 3 6 37 87 32 17 29 10 37 65 10 75 84 77 34
35 57 55 87 18 62 73 63 84 13 24 70 99 47 34 14 55 66 25 73 32 70 3 59 73 1 49 68 45 79 94 25 54 84 81 97 14 9 86 65 81 48 67 21 18 90 29 33 37 95 89 61 20 84 92 44 64 73 83 68 84 5 62 44 63 60 60 79 38 90 93 89 91 42 31
31 2 51 85 64 28 9 3 91 32 51 80 39 33 97 13 22 57 10 73 39 88 80 5 41 45 74 77 31 19 59 36 69 77 20 86 87 67 55 10 77 72 27 59 9 77 23 9 88 16 86 2 1 63 9 25 55 94 20 3 11 7 82 24 77 28 24 69 40 7 54 61 63 80 27
76 72 9 46 37 65 75 25 99 96 26 16 11 85 18 55 64 70 20 84 92 34 26 18 70 12 47 81 73 42 36 81 92 80 28 24 46 60 3 40 14 25 22 38 76 1 61 92 62 84 41 72 91 14 65 65 69 35 98 55 33 16 98 32 48 7 22 61 11 55 66 13 71 37 59
83 63 92 33 29 84 20 69 80 78 88 7 66 5 25 14 51 89 31 6 36 65 40 94 99 64 48 74 99 45 52 24 39 64 33 2 1 85 34 82 8 84 82 2 14 98 39 30 59 64 60 53 95 90 97 87 68 28 31 88 29 93 61 57 82 23 19 13 59 8 73 22 73 87 97
8 40 36 5 77 58 94 78 33 12 73 93 9 65 46 2 57 65 60 6 11 41 45 30 46 19 9 73 79 12 31 84 43 11 97 54 42 2 44 11 45 39 76 42 36 68 56 67 57 43 81 41 73 34 57 71 49 46 54 36 9 98 88 2 71 89 55 39 57 61 50 15 17 69 50
9 52 91 14 51 58 75 9 92 31 51 31 86 45 60 89 49 15 48 99 95 82 90 51 63 82 20 14 41 38 50 90 50 16 10 55 44 20 61 18 19 7 19 40 22 92 86 75 47 96 68 43 85 81 84 15 71 10 70 56 77 85 43 10 23 72 92 18 22 85 69 98 67 94 69
98 12 98 99 90 91 85 31 27 73 63 55 21 79 17 67 14 93 9 90 73 56 8 13 77 86 95 76 34 12 17 58 51 75 29 31 98 1 50 83 41 77 9 61 40 30 27 90 55 21 25 69 54 65 17 80 16 37 29 21 10 48 65 30 95 54 89 35 27 79 79 81 46 45 24
3 88 51 9 34 94 30 13 49 85 24 48 90 91 80 10 82 32 8 37 42 28 4 11 21 61 84 99 98 70 93 15 96 32 5 84 50 7 54 32 60 88 62 32 5 89 65 95 17 82 63 30 74 76 57 35 83 5 7 46 51 69 70 16 95 89 44 83 45 86 70 80 39 76 71
19 67 23 11 17 91 29 32 70 77 52 8 3 5 4 58 56 54 79 23 52 10 66 21 16 42 46 23 19 2 39 31 14 50 28 59 13 65 49 95 24 54 66 77 32 86 77 97 80 4 89 3 88 65 12 40 10 60 40 34 15 35 88 47 29 36 82 54 42 15 7 78 51 88 61
76 10 46 46 53 91 3 90 70 26 72 72 25 18 78 25 93 76 52 75 32 86 81 6 10 40 21 28 94 86 86 11 12 50 50 45 68 68 81 89 27 38 83 61 61 19 7 28 62 36 26 91 24 96 34 58 59 52 37 12 56 11 79 80 87 25 59 3 17 54 24 73 32 18 30
62 48 49 25 42 53 61 29 42 5 12 9 3 52 30 98 12 99 51 34 89 87 73 22 23 87 40 59 41 58 1 41 56 74 16 11 45 42 14 34 7 9 77 73 91 7 63 46 29 48 40 45 37 63 99 74 52 74 39 98 16 52 95 29 63 82 23 48 27 45 54 67 24 30 81
37 18 80 50 82 99 16 83 11 53 53 28 19 47 77 67 16 5 10 91 69 22 40 14 54 7 5 67 59 24 11 74 35 78 80 53 73 47 77 67 38 67 39 51 57 7 11 1 69 83 3 36 47 68 63 71 85 55 40 96 20 82 38 82 41 69 34 50 35 30 50 50 33 59 3
55 96 91 44 13 13 61 78 42 65 48 48 59 67 86 19 4 38 57 52 19 26 96 39 68 26 79 16 60 1 75 35 90 3 12 57 51 14 49 60 24 36 97 71 97 33 6 14 83 99 88 11 83 97 59 33 96 90 5 9 64 23 50 50 56 30 94 10 23 85 70 69 88 88 91
16 91 51 78 60 13 43 75 74 31 24 48 62 68 8 29 8 4 63 97 27 37 21 13 35 21 52 10 38 68 18 10 9 95 71 43 52 67 5 40 22 77 43 30 77 92 71 53 75 21 29 22 3 77 22 19 56 20 74 46 81 9 43 82 24 8 14 61 17 27 7 47 33 12 70
16 45 11 32 87 56 2 18 79 68 84 36 89 14 27 86 66 67 33 93 94 92 63 3 86 34 11 98 37 82 88 48 49 7 2 60 55 14 42 13 59 60 52 30 80 47 23 24 12 44 63 95 11 52 55 97 15 32 45 60 43 69 32 8 8 17 43 43 14 89 6 66 93 87 24
70 55 20 54 79 93 67 51 99 78 33 26 45 59 43 11 76 27 11 24 66 27 61 99 64 47 65 37 59 20 63 26 53 97 40 12 10 6 99 86 20 53 28 19 46 10 92 16 75 89 72 91 69 19 67 75 58 3 65 5 42 97 28 97 76 76 52 58 57 52 88 46 18 48 56
98 77 7 48 18 89 90 26 53 58 38 77 38 26 24 88 76 19 49 35 54 1 65 77 53 46 53 47 54 92 35 79 70 77 24 84 40 54 30 21 22 50 43 75 97 38 91 21 15 76 42 89 61 50 53 56 56 39 18 46 39 19 73 83 72 26 29 39 67 15 30 80 46 74 10
60 96 45 80 26 10 15 59 35 91 15 93 41 89 17 33 23 56 62 68 58 46 55 41 14 24 83 11 7 32 38 59 34 2 45 71 14 14 3 85 49 66 61 91 13 4 58 64 99 34 44 75 14 49 20 79 88 72 31 41 22 38 85 85 26 84 92 33 55 72 56 78 20 44 51
61 53 88 45 38 34 94 34 43 93 26 9 46 39 93 8 17 61 13 83 3 69 15 34 95 75 12 59 63 29 57 57 75 6 91 11 12 25 2 85 95 89 47 1 55 37 16 9 89 32 46 82 37 90 78 20 62 85 99 26 77 53 25 99 66 97 17 38 35 60 74 34 22 74 66
61 95 72 1 16 28 27 21 53 18 65 46 91 5 69 29 3 44 58 17 59 28 39 86 38 66 81 90 89 17 80 21 40 69 30 13 9 12 51 93 33 27 84 89 27 84 29 18 92 3 48 75 23 90 9 38 41 30 91 19 13 74 47 90 31 19 5 45 46 44 69 23 60 12 95
65 53 10 16 46 47 66 47 95 16 95 93 73 15 88 55 58 93 33 37 82 40 95 40 65 61 50 1 45 47 79 35 21 3 1 79 89 31 78 66 87 57 52 88 89 80 58 5 89 74 50 2 21 93 96 29 38 49 48 98 48 92 50 34 75 98 16 1 66 17 11 91 5 63 34
84 69 92 30 65 39 19 29 82 65 53 81 7 51 50 60 28 4 36 25 59 20 69 99 29 49 37 48 25 1 18 86 51 36 6 8 50 78 82 37 95 31 40 65 92 42 52 93 62 60 31 87 83 35 5 37 22 50 38 70 11 63 93 65 10 94 28 36 87 18 59 63 79 93 68
85 27 59 48 81 28 69 89 7 77 45 97 94 45 87 76 40 46 95 56 57 59 79 71 27 38 66 89 95 33 57 36 80 76 25 34 70 81 19 10 56 99 44 70 75 37 99 21 47 15 38 45 45 69 78 91 18 89 8 66 46 23 65 81 2 39 97 13 17 24 24 40 56 25 86
4 37 51 56 1 29 18 75 15 39 31 29 14 56 98 58 35 27 60 71 55 6 89 40 7 40 21 96 65 80 20 73 81 11 27 86 52 67 11 92 64 10 63 15 31 41 91 51 79 93 58 50 94 97 37 85 66 55 54 40 71 56 32 19 10 72 68 61 92 71 35 59 7 4 85
90 48 91 18 98 43 5 98 4 79 46 62 52 34 21 57 80 40 93 58 26 85 27 81 42 61 28 78 92 18 93 26 97 79 93 53 16 16 72 78 28 9 49 32 40 91 99 19 98 69 77 90 61 12 28 14 60 45 52 93 91 84 60 7 33 18 2 7 76 50 39 56 18 44 42
41 62 11 39 2 54 4 38 90 65 5 49 25 28 17 83 38 55 53 26 43 22 57 61 48 53 80 72 88 48 55 95 35 55 94 51 16 31 78 46 32 57 12 67 71 55 66 54 56 75 73 43 54 37 76 49 68 70 36 35 47 91 47 77 30 41 93 2 67 90 3 98 90 64 35
45 8 78 41 92 80 92 63 30 32 8 90 14 31 88 17 85 47 20 44 21 11 12 64 63 1 56 46 49 26 77 19 94 92 10 91 31 91 4 18 7 4 60 15 53 49 25 59 6 72 55 44 32 28 24 94 17 54 96 47 83 32 99 96 33 45 94 10 88 37 76 84 99 3 45
97 1 20 82 47 97 93 36 15 47 30 23 87 22 2 34 36 59 62 59 56 14 77 19 46 50 70 42 13 65 48 72 10 91 73 87 98 55 56 10 26 78 89 59 50 16 52 46 80 78 64 3 8 94 14 19 94 39 1 19 93 37 76 71 74 71 24 22 62 20 24 1 76 3 22
45 42 35 68 65 9 31 23 81 66 63 97 29 30 74 41 49 49 46 20 20 3 29 37 95 96 25 47 21 83 14 16 49 34 41 48 32 54 12 85 62 78 60 53 29 34 35 86 46 93 46 53 75 13 42 50 44 74 10 54 58 5 85 34 68 32 23 79 54 60 73 25 67 94 87
95 5 20 41 44 8 31 74 41 7 14 16 24 19 11 31 10 36 31 74 21 58 72 85 49 78 2 36 11 4 67 10 20 27 56 99 35 17 74 68 10 54 53 93 68 35 67 44 59 78 40 7 95 8 32 75 2 34 4 69 14 95 13 29 89 16 62 11 19 49 66 3 44 66 46
95 55 31 22 79 38 89 78 44 75 34 82 32 99 57 89 49 56 52 26 44 71 28 79 35 63 37 51 72 31 69 50 44 32 80 54 90 88 54 28 71 85 16 20 11 97 21 61 41 79 76 90 15 69 60 38 4 39 91 20 94 61 28 84 62 83 4 32 70 12 34 74 61 94 22
28 18 82 7 96 76 57 37 56 9 72 55 74 42 58 14 57 70 25 72 79 11 6 84 91 63 71 64 41 18 84 95 31 81 78 56 20 94 54 42 3 28 85 2 83 48 27 47 62 95 94 79 72 83 76 6 98 24 70 3 7 32 60 88 27 67 29 7 75 57 72 82 58 45 78
43 38 58 84 3 14 55 42 58 8 94 20 30 78 64 94 78 84 82 99 41 88 85 53 87 97 32 25 2 5 20 58 17 63 52 2 13 70 20 35 87 30 55 96 86 40 6 16 74 79 83 98 60 64 13 77 64 39 41 22 11 65 78 21 83 74 21 73 24 43 36 27 40 84 84
62 64 97 88 75 40 54 90 10 36 39 89 75 53 74 49 61 57 50 42 16 31 64 32 32 3 35 39 23 22 64 29 43 28 87 86 68 64 5 23 19 57 91 37 1 38 47 39 24 96 42 15 84 61 57 40 53 84 24 69 26 57 92 33 33 11 27 96 24 38 97 49 41 88 25
11 1 38 58 84 88 86 71 40 39 15 79 10 22 16 41 90 95 5 70 74 59 54 5 87 3 65 49 28 1 53 27 82 26 41 86 47 4 44 64 16 65 91 53 70 71 11 43 19 5 76 94 63 24 15 12 26 63 63 50 17 39 78 68 30 14 92 30 95 88 35 88 17 74 21
18 58 11 41 5 52 31 24 2 6 9 45 49 48 60 32 73 72 72 87 41 57 32 18 56 37 59 60 32 82 99 26 54 3 74 76 41 18 7 80 72 36 4 83 25 74 66 46 22 16 27 76 68 35 1 94 45 32 41 24 77 55 35 64 32 2 51 9 47 39 22 90 70 95 16
46 98 4 62 59 69 76 76 36 40 37 52 76 76 85 42 66 91 14 17 31 14 16 56 61 45 44 62 88 30 68 48 85 49 56 85 22 86 65 39 70 2 58 97 32 20 50 14 74 56 87 14 73 18 64 22 49 94 44 36 88 2 26 33 71 89 47 24 40 93 21 50 62 70 78
25 94 53 81 65 48 4 67 43 87 46 19 39 20 11 66 21 9 64 63 5 74 29 27 93 66 95 52 11 55 35 73 8 17 86 43 31 19 82 65 13 28 54 85 46 74 34 4 85 48 3 86 64 31 36 37 9 12 40 78 48 64 54 44 45 76 80 34 26 72 84 39 47 95 43
41 77 5 84 88 52 10 97 53 73 18 29 58 52 32 30 21 74 36 58 20 82 85 31 91 42 33 83 58 46 79 84 11 58 55 83 34 89 61 58 65 11 48 96 14 62 35 81 16 33 6 37 85 10 49 63 22 90 90 69 39 20 89 55 71 60 10 50 64 10 91 38 33 94 58
23 86 20 2 58 38 20 33 34 75 5 96 24 54 53 45 96 23 83 86 46 32 54 31 65 50 28 76 29 53 78 1 38 96 50 40 26 62 36 38 83 11 57 5 77 88 96 56 17 12 38 5 97 21 66 26 5 14 86 93 58 29 21 84 81 93 10 10 85 89 63 7 51 85 26
22 51 60 19 10 36 15 64 57 20 5 38 72 58 94 91 50 37 81 38 95 70 54 82 42 16 61 85 87 90 83 24 49 96 16 72 16 49 30 74 9 23 96 49 67 53 22 97 48 15 5 95 87 67 3 22 15 88 25 96 50 13 54 65 90 56 37 74 84 71 76 28 80 88 48
89 89 28 8 82 44 65 41 63 73 63 71 71 92 55 85 9 61 9 20 93 5 21 52 78 29 57 28 63 1 37 81 13 92 15 49 87 96 69 98 94 18 22 53 96 63 71 87 17 83 63 6 16 15 77 19 6 59 72 56 91 37 40 88 9 36 19 48 50 41 18 39 21 16 35
87 16 61 28 72 19 67 84 40 86 91 19 8 28 63 65 27 34 79 64 6 54 18 39 29 56 49 57 1 91 35 58 20 54 31 81 99 14 96 57 2 42 37 25 47 36 16 86 94 45 75 73 81 72 70 20 12 6 2 78 52 78 35 39 9 3 25 31 72 52 92 81 75 49 27
46 81 81 28 60 65 59 78 22 92 84 91 75 38 64 2 68 39 58 31 44 31 60 60 10 46 23 50 23 25 57 7 51 85 25 41 7 73 85 10 57 4 50 45 24 60 41 35 30 76 60 43 90 33 91 81 79 21 56 61 92 69 46 75 50 78 40 93 27 18 16 73 8 54 62
17 96 64 5 53 17 33 91 49 50 8 57 93 89 38 92 11 27 92 4 46 84 70 64 40 56 70 54 90 4 72 10 26 64 95 85 69 47 2 94 2 77 56 23 37 34 88 4 40 80 62 42 31 32 24 13 32 47 31 13 66 1 99 11 56 76 69 84 15 30 58 87 4 69 35
23 57 84 31 99 99 61 8 82 8 62 46 88 59 45 70 86 14 40 56 40 73 95 64 70 55 80 49 41 43 87 16 15 52 31 49 55 77 52 35 49 60 32 22 75 84 35 91 7 6 79 42 65 42 21 2 39 4 49 57 89 50 94 10 32 97 54 11 74 61 21 86 9 23 75
51 32 9 47 92 36 80 38 37 24 55 84 9 85 10 17 47 9 21 56 19 88 60 26 33 64 79 13 95 95 85 67 23 99 58 14 94 79 78 41 29 29 39 87 66 42 53 68 21 39 73 40 98 89 90 45 40 51 52 87 25 24 95 71 54 56 77 64 12 87 94 42 24 29 11
94 62 77 5 60 34 8 76 99 96 64 29 68 16 68 98 29 55 65 21 22 64 66 14 77 78 92 21 85 64 6 44 24 27 62 53 94 29 86 87 17 48 62 83 7 77 2 2 30 37 9 16 36 78 85 66 14 31 4 43 37 25 58 7 24 35 36 69 15 4 50 61 49 41 40
4 99 49 19 36 23 6 30 58 58 31 81 2 46 24 53 86 94 50 53 15 99 10 64 79 80 94 42 31 58 33 48 81 5 41 91 6 37 35 75 76 91 78 70 4 11 59 80 5 43 52 92 51 1 92 81 93 99 57 22 25 55 54 94 82 96 79 55 71 9 51 28 3 68 23
19 16 87 94 48 13 31 39 1 22 44 23 74 96 85 87 86 43 81 29 14 94 48 10 58 8 35 23 10 20 36 39 76 36 12 42 5 51 57 44 29 34 58 16 61 89 99 11 36 21 74 9 1 75 81 48 33 19 34 66 29 91 87 34 79 3 84 74 3 85 72 36 47 22 69
48 46 46 63 7 41 5 13 53 36 33 63 76 27 91 60 88 98 43 44 29 34 84 3 56 4 96 50 2 6 93 42 80 28 86 90 99 56 23 11 92 47 51 53 40 59 57 54 50 18 5 6 6 91 54 32 76 28 16 94 14 99 99 34 87 35 73 55 39 69 98 43 80 76 94
43 99 92 25 86 7 81 16 40 73 89 77 7 72 78 14 41 47 73 70 2 84 68 98 89 94 47 76 2 58 53 93 78 57 8 15 16 4 72 31 89 68 28 44 10 17 37 82 73 7 83 49 3 55 13 76 12 64 3 50 49 13 36 21 26 48 10 44 91 28 43 88 14 35 24
46 85 9 20 39 7 92 86 8 81 35 48 5 78 3 92 80 28 88 85 4 24 1 57 13 93 17 78 14 15 15 21 78 15 19 36 99 89 22 55 65 12 3 54 72 86 49 91 58 32 2 10 71 70 85 92 48 57 6 98 85 16 34 62 98 75 43 43 36 39 35 57 67 98 7
32 78 43 63 31 54 93 53 60 76 50 49 4 93 36 53 31 3 41 9 94 3 20 4 91 15 43 70 27 48 51 20 37 35 28 22 27 55 63 22 75 12 60 6 99 97 75 29 48 54 63 96 15 54 81 29 87 88 97 83 8 75 35 28 91 61 23 9 17 67 83 29 89 93 94
95 58 82 74 94 94 98 61 46 79 1 33 81 12 38 56 13 4 52 17 3 55 29 6 69 34 74 36 50 44 96 11 94 9 60 86 6 33 30 95 71 86 21 3 13 5 62 95 59 61 8 52 72 21 13 35 35 42 19 89 18 47 82 15 20 16 95 30 25 39 99 93 60 29 43
1 72 27 10 5 88 18 31 14 76 75 70 88 38 87 18 99 14 10 77 24 75 96 93 79 12 67 37 98 85 14 20 8 5 68 57 61 40 45 20 98 35 74 18 98 30 50 57 43 36 70 89 74 2 2 38 59 72 79 53 18 17 89 79 32 35 20 44 48 22 30 89 57 17 61
4 40 39 67 62 84 30 25 37 19 14 28 15 81 97 40 98 80 80 71 76 53 46 33 58 85 77 85 24 56 1 47 3 61 87 47 18 83 53 19 86 53 32 1 87 95 64 7 90 57 55 85 89 90 75 62 69 61 20 61 17 14 16 92 47 28 53 92 8 58 34 41 91 69 54
32 59 66 60 89 2 9 30 16 10 4 90 50 59 81 33 29 24 95 23 15 40 83 74 27 57 77 60 34 25 26 36 28 36 67 2 8 81 71 95 95 98 75 60 18 25 37 46 74 88 73 31 18 13 80 99 9 99 2 90 47 43 67 92 51 49 86 46 1 63 41 93 29 13 82
11 63 98 69 91 4 60 89 87 96 81 21 14 72 63 7 51 48 94 11 42 69 58 18 61 41 82 9 1 41 93 17 11 23 39 68 55 26 76 80 13 22 19 37 55 86 89 92 63 18 1 37 9 85 90 96 97 42 70 49 36 1 24 83 79 91 70 27 90 29 80 8 54 81 37
95 19 33 60 9 10 55 16 1 61 96 34 41 32 74 24 64 99 40 20 97 57 98 77 12 48 73 48 51 55 62 49 86 95 10 89 89 29 67 88 34 27 27 69 91 36 73 99 67 91 19 9 75 43 10 88 1 1 46 68 63 85 92 62 21 16 48 57 73 97 94 11 67 31 97
62 58 51 55 1 18 45 23 93 66 42 70 41 78 69 11 21 5 44 79 28 48 84 79 32 56 86 71 44 20 54 10 96 98 6 19 60 80 37 41 92 18 83 91 61 96 43 34 51 50 57 95 88 6 82 93 35 50 97 40 51 90 52 10 44 30 26 17 66 58 25 23 61 35 57
21 44 63 54 18 49 82 5 30 86 59 79 40 81 86 37 77 64 36 18 74 33 46 20 37 4 47 40 87 85 98 64 87 44 15 10 20 38 20 68 74 40 15 14 3 89 70 34 12 65 31 21 98 85 21 37 54 62 53 60 34 92 33 86 73 26 28 4 65 62 96 7 65 28 9
36 37 57 90 95 2 25 7 96 87 68 68 72 71 3 12 71 69 23 13 8 8 13 55 81 48 61 32 43 91 46 26 93 71 7 30 33 87 79 52 13 83 18 26 98 82 17 26 69 52 92 25 18 9 80 94 10 1 15 34 21 79 38 28 47 81 52 32 38 67 74 85 37 70 36
87 93 75 41 82 74 53 86 78 16 36 78 20 40 60 24 47 40 71 47 8 54 34 40 16 80 89 91 54 74 7 55 74 54 49 69 45 28 91 31 67 53 51 2 81 61 37 3 52 41 42 40 65 38 83 48 26 68 78 78 80 4 83 39 91 36 98 2 89 2 87 88 98 31 19
92 27 75 79 48 51 95 47 28 15 41 45 98 23 71 3 70 63 26 25 92 73 3 8 71 27 75 1 64 56 37 91 95 92 30 7 76 68 52 38 59 25 39 22 84 83 70 93 96 11 37 68 77 51 5 14 34 26 31 20 13 5 72 69 29 24 47 70 94 54 1 58 94 89 23
82 9 85 30 50 51 23 42 40 24 64 67 14 20 11 56 76 12 85 10 16 97 29 12 85 6 33 2 71 58 44 73 28 91 94 53 93 93 53 37 54 57 52 80 84 15 23 50 84 93 93 16 75 73 21 55 81 29 56 28 98 1 6 83 70 27 15 85 72 51 82 75 32 67 85
98 95 41 7 3 1 65 85 63 42 19 24 10 78 59 61 70 95 84 27 17 39 95 57 49 84 89 25 55 56 95 12 94 60 47 8 30 2 41 13 19 48 62 75 78 14 24 37 87 59 64 4 31 54 75 14 87 97 58 28 91 28 64 5 28 68 94 96 92 33 38 69 37 5 62
19 82 78 71 43 3 69 98 87 52 25 75 50 48 90 93 17 9 28 8 59 40 47 70 88 10 3 6 12 94 55 56 37 78 17 10 7 51 89 38 5 1 96 98 61 89 52 73 58 43 25 78 56 30 67 22 49 82 76 30 66 54 61 80 18 2 46 31 86 84 53 76 11 28 49
29 82 23 37 67 2 55 66 64 95 35 66 60 73 99 9 4 86 50 89 58 12 85 63 7 90 39 31 81 27 98 62 90 72 41 43 65 59 67 41 2 27 1 42 25 25 17 23 91 72 29 41 38 71 8 71 63 82 72 62 1 37 28 76 80 51 65 7 71 9 49 76 51 86 3
36 29 85 42 96 61 6 67 6 75 68 48 35 64 23 11 18 39 51 79 50 3 96 9 23 45 16 19 56 95 60 67 98 99 32 20 40 47 79 73 48 44 70 1 74 28 16 62 16 94 4 44 33 58 21 14 9 32 91 97 74 77 92 54 67 99 26 62 79 66 42 98 76 98 8
99 37 33 67 8 15 14 89 93 37 96 24 41 3 39 67 70 62 56 9 4 91 85 73 47 24 61 73 10 71 36 12 76 51 8 19 82 4 87 49 72 61 35 81 30 21 52 52 97 77 86 16 94 50 23 27 81 64 63 20 86 84 66 47 52 13 32 83 97 63 45 13 67 58 25
39 97 75 74 21 27 7 95 65 55 15 90 75 20 52 46 45 70 51 37 91 43 87 51 89 89 54 71 36 13 49 65 2 85 47 11 14 37 64 39 72 6 35 94 63 14 8 82 68 41 97 40 65 63 83 10 62 48 66 50 6 95 14 61 25 58 2 33 33 28 40 19 22 3 64
36 26 91 31 11 2 55 87 43 67 61 6 73 37 28 56 19 17 20 8 91 89 88 18 2 89 14 52 60 14 51 60 57 32 36 84 72 9 69 53 90 81 36 54 53 14 68 53 20 55 2 21 96 7 61 27 10 24 12 62 43 46 66 37 87 41 84 40 65 73 69 83 8 63 73
51 53 39 24 27 79 22 2 72 18 45 33 26 35 31 88 91 54 25 75 89 66 60 32 34 38 22 16 81 99 92 69 13 92 4 84 97 35 8 5 46 28 85 30 28 57 35 76 99 47 14 17 71 47 38 56 76 81 35 42 8 35 47 29 57 19 54 49 68 20 42 70 79 84 79
12 81 65 46 34 73 56 95 18 38 65 77 83 3 70 76 59 89 88 36 58 24 87 42 52 13 86 19 47 29 79 79 57 64 83 41 79 86 37 55 15 52 25 81 17 46 51 37 5 97 5 40 78 60 52 34 78 31 75 49 40 53 36 79 40 70 60 93 10 19 76 43 64 16 43
66 27 68 46 90 35 79 18 68 16 45 29 77 60 19 41 70 89 20 99 46 67 29 81 70 50 78 73 53 24 37 7 46 70 15 12 83 1 62 3 86 98 44 47 53 16 58 68 90 9 95 80 42 25 5 40 49 38 97 26 81 25 74 89 89 16 36 7 20 86 26 53 87 83 71
54 11 92 13 46 52 24 46 63 27 28 83 8 86 16 22 66 25 50 95 93 65 96 22 21 87 48 94 61 43 97 7 15 9 34 18 26 4 64 99 38 52 52 93 79 85 12 33 37 30 26 8 41 93 54 80 79 68 98 83 12 49 86 16 22 57 93 86 18 13 4 28 7 22 42
53 42 13 65 41 86 76 99 39 24 7 19 91 38 77 36 60 15 87 39 9 12 72 22 77 31 31 43 12 85 94 46 24 31 21 37 46 67 79 95 31 48 96 68 32 52 91 75 43 39 17 88 26 63 42 73 42 45 20 10 37 30 75 58 95 82 31 99 80 21 51 43 86 19 9
65 18 92 1 71 26 77 77 10 69 13 67 68 25 20 34 47 75 31 8 23 28 89 95 73 48 46 82 51 52 80 10 12 71 82 65 43 1 50 1 15 96 5 20 57 73 44 96 28 44 70 38 86 40 12 80 19 75 32 43 73 82 64 60 59 92 15 87 5 1 25 60 40 7 56
94 53 69 67 60 74 3 62 78 42 36 14 74 85 7 43 47 63 73 10 69 26 23 69 39 71 92 58 77 86 25 24 65 89 13 54 83 98 56 49 88 79 96 6 7 41 44 88 26 83 13 91 90 80 31 16 2 10 75 22 32 40 72 45 12 56 22 54 99 83 23 17 54 46 77
92 2 76 98 99 26 76 89 76 57 57 24 49 34 89 25 23 34 71 62 74 97 92 87 37 38 44 89 65 74 56 46 40 76 49 41 90 46 6 35 17 98 41 23 20 54 42 65 23 88 28 77 68 52 9 7 61 19 97 14 33 87 7 45 4 81 50 65 8 94 83 79 88 54 68
10 58 11 74 55 87 30 98 74 16 75 80 19 47 20 83 5 85 10 16 61 68 46 8 82 75 52 52 81 26 66 46 21 41 89 56 57 48 53 95 6 51 33 67 80 83 1 72 56 4 97 43 46 67 60 76 97 67 8 29 20 45 83 84 91 4 44 39 36 51 48 22 57 90 40
30 17 93 35 84 76 79 63 79 22 89 46 10 32 56 19 43 20 80 42 45 70 21 80 89 99 29 66 34 85 76 89 42 86 44 37 14 83 60 78 35 92 80 12 74 34 5 35 14 76 67 63 26 13 38 49 11 91 75 25 98 65 97 76 13 17 43 40 23 98 55 36 26 81 9
83 32 78 16 62 23 92 68 80 97 42 46 25 26 22 9 26 38 11 64 92 35 61 77 90 50 80 36 56 87 98 83 96 37 92 73 90 20 20 6 15 20 71 17 18 44 54 29 57 54 1 91 97 54 40 2 89 39 25 83 17 90 83 66 71 46 76 23 36 9 67 70 97 30 46
18 24 36 75 8 23 94 41 22 95 55 70 76 64 2 98 71 82 28 24 85 67 46 20 38 64 15 75 17 24 53 25 15 10 47 53 21 99 6 98 2 78 20 69 93 96 1 59 66 16 85 71 9 77 30 87 68 86 79 33 15 69 55 64 79 29 62 46 52 46 93 23 73 64 69
89 57 10 85 81 21 91 44 71 18 57 12 55 89 77 67 22 20 94 14 45 62 33 86 63 92 71 19 3 73 65 53 83 79 78 14 75 87 11 10 59 29 94 19 92 6 42 26 26 8 89 11 50 21 97 39 4 38 67 81 62 83 11 89 32 11 52 10 11 37 11 45 45 58 22
19 77 63 66 17 96 2 64 75 43 8 16 77 44 90 53 11 43 96 26 61 3 35 87 85 89 71 58 91 51 45 24 24 27 82 25 30 24 54 27 1 44 64 94 95 99 42 24 23 65 87 98 98 36 22 81 49 95 2 87 87 48 52 14 74 50 7 63 28 36 8 36 5 9 21
17 54 72 97 64 45 2 6 21 71 6 50 1 55 65 53 40 23 85 47 52 14 33 97 94 88 23 55 41 33 14 52 81 72 89 79 39 87 95 56 53 90 47 43 16 37 58 1 41 92 46 76 69 94 10 91 31 68 37 99 34 52 59 57 98 26 41 32 96 45 37 41 11 3 28
94 80 13 79 69 60 48 55 75 11 88 83 25 39 10 39 75 59 46 28 21 61 11 47 39 2 36 94 61 76 55 9 76 70 25 60 4 68 41 67 35 98 36 71 90 71 47 36 56 17 65 61 95 62 31 99 33 31 7 18 95 29 92 78 3 60 26 28 64 31 32 63 89 90 32
54 11 1 30 12 20 66 9 76 51 60 31 48 63 77 86 7 95 21 96 42 62 74 22 39 64 95 67 9 17 27 83 3 30 47 21 88 3 13 88 44 16 35 7 99 86 87 63 89 63 97 48 39 28 52 89 56 16 11 69 94 73 92 82 67 26 31 89 3 98 35 48 63 6 64
36 39 92 37 41 59 95 43 75 86 99 8 4 67 70 53 12 11 47 61 81 15 77 23 19 8 81 46 3 50 61 1 62 50 65 51 94 73 40 97 20 92 26 65 89 68 84 86 84 34 42 26 93 63 37 65 48 75 30 11 72 60 21 83 51 45 9 37 14 11 72 89 35 70 13
60 27 77 65 86 6 84 25 52 81 45 90 57 84 2 45 4 31 9 10 94 19 83 27 64 21 19 2 86 96 42 19 9 88 44 34 98 91 80 56 42 37 34 35 1 43 36 73 96 63 20 26 40 42 65 9 57 48 48 45 57 84 63 30 88 68 29 91 10 59 79 9 45 66 36
41 70 70 44 29 7 43 8 46 49 98 83 76 65 28 56 52 83 27 43 31 90 45 86 58 74 20 7 49 94 1 39 91 91 24 65 50 30 28 49 38 85 76 89 83 72 88 18 98 86 47 88 6 12 40 57 87 77 98 15 19 27 25 83 39 51 87 69 62 98 64 45 64 27 14
85 25 5 23 29 9 88 43 12 75 43 6 96 89 71 29 40 81 33 92 15 78 52 69 77 66 62 64 88 65 92 55 2 30 58 38 22 5 28 85 55 67 88 16 48 30 31 45 71 48 99 90 95 52 82 80 41 3 15 13 5 90 63 57 10 1 45 21 3 55 89 93 9 79 69
47 85 76 59 49 6 11 9 30 23 15 47 13 46 25 51 31 76 52 79 60 70 22 92 1 52 7 91 4 18 5 76 18 80 79 9 49 59 96 97 94 78 31 45 85 42 4 10 23 17 7 59 17 92 79 71 89 20 94 11 73 93 45 25 95 96 3 78 63 24 72 48 81 51 48
62 72 59 2 19 59 60 78 80 29 83 12 94 77 71 59 33 20 6 71 30 36 60 72 47 29 12 99 31 64 62 50 92 72 82 88 77 45 17 32 3 39 74 42 70 53 77 25 48 76 83 53 67 41 81 35 22 75 60 23 71 79 72 19 32 52 17 66 52 30 61 91 29 14 67
35 71 72 26 77 73 76 60 84 20 90 25 87 70 15 90 41 92 26 2 51 75 16 6 10 98 70 48 15 13 57 53 55 11 55 44 38 9 12 57 68 9 15 24 52 17 80 74 8 23 13 50 73 86 52 72 96 38 18 57 58 89 12 81 65 31 49 69 81 91 69 40 6 81 45
38 20 42 57 35 70 1 11 20 52 11 17 32 31 28 36 62 62 50 40 78 90 18 46 77 50 82 3 36 72 56 7 17 72 13 1 7 16 98 94 81 36 64 25 33 32 93 40 60 4 46 37 68 60 97 54 85 84 70 23 10 80 7 45 65 50 53 18 37 90 25 9 39 81 74
76 30 22 55 40 89 37 69 21 81 69 67 95 11 40 64 96 67 14 69 75 30 49 98 91 23 73 74 16 59 84 41 5 52 37 86 89 11 4 37 84 99 46 77 27 73 39 27 56 53 86 47 95 27 39 25 41 9 81 65 80 35 19 71 85 22 11 82 52 20 76 5 67 71 82
20 48 89 43 74 87 9 89 92 11 10 77 3 43 33 7 57 64 98 67 51 68 53 85 58 99 79 35 17 31 74 63 68 32 12 13 9 27 69 58 33 94 91 4 36 55 63 43 48 31 4 64 76 93 68 54 26 25 77 83 36 35 38 62 55 18 98 2 81 74 7 53 17 27 19
4 6 18 72 82 75 83 48 7 20 6 71 9 46 9 47 35 80 92 15 81 17 18 81 27 55 77 37 85 8 70 74 18 3 47 76 30 42 15 11 57 57 69 86 52 35 25 33 28 76 14 35 53 52 93 90 35 48 99 56 63 86 97 77 82 1 89 43 96 83 18 50 54 23 94
89 73 18 95 15 65 93 13 24 82 32 49 36 27 7 18 7 11 38 60 27 68 62 1 96 68 92 5 83 17 53 41 20 39 12 81 57 56 96 87 52 60 7 94 35 6 10 15 4 40 54 91 44 2 70 85 25 32 8 15 60 97 82 7 49 52 57 35 80 2 15 49 97 1 43
20 71 87 6 89 68 89 25 50 89 70 93 34 11 40 55 24 46 79 84 39 77 69 27 29 66 33 6 4 31 7 9 10 20 52 51 10 30 22 37 48 46 40 22 31 5 52 63 1 85 92 33 10 62 7 19 80 32 45 44 52 73 74 46 1 66 48 56 29 32 3 22 6 16 6
43 82 99 2 62 94 49 33 17 38 97 15 28 20 90 12 13 81 61 28 42 30 35 76 28 40 20 13 41 35 98 29 21 37 39 35 2 29 66 64 8 83 68 83 54 89 53 30 53 50 43 34 51 62 50 92 64 43 65 53 28 77 27 41 43 21 74 79 37 42 85 91 73 86 42
96 47 65 79 65 66 18 9 18 11 77 70 26 3 77 24 86 22 13 62 3 71 19 28 26 40 61 37 8 81 63 44 84 73 98 42 55 82 68 41 31 35 63 67 44 10 1 12 81 94 83 55 36 48 83 65 81 66 21 8 21 60 23 84 12 79 12 50 83 82 64 13 17 6 98
6 51 37 9 27 55 12 61 39 68 75 7 17 20 7 95 9 4 94 52 77 90 58 25 90 17 8 38 32 27 41 89 81 6 59 74 1 14 13 79 76 97 26 1 1 49 21 85 7 9 31 91 68 33 93 12 12 87 52 63 56 86 19 44 60 87 80 44 19 4 6 68 13 63 12
4 18 48 19 45 78 95 6 39 83 72 58 62 21 65 98 63 99 32 56 65 26 4 23 46 4 34 88 82 80 38 86 61 63 22 97 35 22 18 47 44 12 54 81 86 49 35 69 63 9 29 90 23 80 31 14 25 16 40 18 32 38 60 6 36 76 10 14 72 89 49 97 85 86 87
21 96 25 83 89 55 7 62 50 6 19 12 93 13 44 24 19 89 55 56 52 86 87 65 32 14 80 69 12 22 17 92 2 92 82 87 52 80 24 84 11 81 23 12 83 88 92 14 98 40 65 10 30 34 24 7 89 75 76 50 72 90 83 93 23 67 41 60 36 62 3 24 74 39 76
34 18 41 36 59 52 51 44 97 1 34 97 62 57 95 15 3 35 87 12 29 83 2 78 73 2 20 51 41 71 54 66 12 7 78 33 9 66 73 17 93 29 50 21 31 85 36 92 16 72 15 67 72 57 66 51 82 72 7 60 27 65 27 79 90 22 58 49 90 12 6 35 92 49 63
67 71 67 54 31 75 43 33 57 47 58 78 42 25 51 69 80 12 51 11 77 49 59 45 34 76 80 64 22 50 70 52 61 89 63 34 26 45 71 55 72 32 69 27 48 63 32 84 36 19 50 41 94 87 99 75 22 9 22 57 54 66 39 55 27 64 14 95 54 3 31 9 50 44 63
63 64 20 57 15 65 3 32 56 45 67 50 76 21 20 18 83 15 78 81 41 29 44 8 79 24 32 56 89 83 79 42 32 73 42 36 49 23 88 43 56 26 29 35 62 86 29 98 82 56 81 52 61 84 45 67 27 22 8 39 74 23 78 2 2 59 17 58 29 6 5 52 1 11 42
9 60 16 43 26 38 58 33 37 61 66 67 73 5 51 69 31 37 2 47 45 13 30 58 37 88 77 18 14 77 58 44 46 71 41 78 83 36 2 45 52 99 81 9 15 7 70 65 86 19 65 88 30 18 81 29 23 37 72 85 91 64 79 99 97 7 41 49 42 92 93 66 45 35 81
50 23 84 54 59 25 61 62 87 23 46 95 46 94 32 67 82 29 73 38 21 59 15 31 96 18 28 76 49 83 11 26 25 66 66 41 33 66 97 53 99 53 50 59 56 69 56 9 18 70 31 20 69 44 77 48 90 92 85 17 85 98 43 5 29 76 29 43 51 10 45 53 37 61 37
91 20 58 44 55 71 93 32 1 20 43 56 16 89 99 49 76 35 32 64 90 30 24 45 90 82 38 9 90 81 10 64 36 43 6 81 27 65 29 71 58 84 76 1 48 20 99 4 45 36 21 85 59 81 15 58 56 44 6 42 48 71 88 14 36 91 92 79 37 39 8 26 3 32 77
33 23 36 89 85 25 67 91 48 22 88 62 68 52 18 38 50 62 70 75 80 15 59 44 90 65 77 41 29 29 32 44 59 56 46 72 59 88 99 50 79 77 99 12 25 70 61 86 27 80 29 8 33 88 37 13 40 98 74 76 90 35 7 52 16 72 96 19 62 78 70 54 98 78 23
46 19 67 38 8 37 17 37 66 27 41 26 10 40 24 90 20 56 87 72 53 11 71 5 90 85 69 57 52 31 97 95 63 81 66 94 17 65 4 63 90 52 49 13 38 13 76 36 26 97 8 70 12 98 50 27 35 12 86 45 68 86 89 20 82 57 26 44 59 3 80 27 23 74 8
26 40 96 17 13 34 24 21 84 6 16 88 12 83 30 88 7 5 40 58 23 38 9 79 97 84 59 88 61 28 9 70 82 2 53 60 40 81 51 53 51 42 78 51 66 61 58 50 31 64 56 93 10 94 54 26 93 86 51 13 53 67 98 17 41 20 10 5 68 63 97 33 50 56 21

Demandas:
0 0 0 0 0 0 0 1
0 0 0 0 1 0 0 0
0 0 0 0 0 0 1 0
0 1 0 0 0 0 0 0
0 0 0 0 0 1 0 0
0 0 0 0 0 0 1 0
0 1 0 0 0 0 0 0
0 0 0 0 0 1 0 0
0 0 0 0 0 0 0 1
0 0 0 0 0 0 1 0
0 0 0 1 0 0 0 0
1 0 0 0 0 0 0 0
0 0 0 0 0 1 0 0
0 0 1 0 0 0 0 0
0 0 0 0 1 0 0 0
0 0 1 0 0 0 0 0
0 0 0 0 0 1 0 0
0 0 0 0 0 1 0 0
0 0 0 0 0 0 0 1
0 0 0 0 1 0 0 0
0 0 0 0 0 0 0 1
0 0 0 0 0 0 0 1
0 0 0 0 0 0 1 0
0 0 1 0 0 0 0 0
0 0 0 0 0 0 1 0
0 0 0 0 1 0 0 0
0 0 0 1 0 0 0 0
0 0 0 0 0 0 1 0
0 0 1 0 0 0 0 0
0 0 0 0 0 0 1 0
0 0 0 0 0 0 0 1
0 0 1 0 0 0 0 0
0 1 0 0 0 0 0 0
0 0 0 0 0 0 0 1
0 0 0 0 1 0 0 0
0 0 0 1 0 0 0 0
0 0 0 0 1 0 0 0
0 1 0 0 0 0 0 0
0 0 0 0 1 0 0 0
1 0 0 0 0 0 0 0
0 0 0 0 0 0 0 1
1 0 0 0 0 0 0 0
0 1 0 0 0 0 0 0
0 0 0 0 0 1 0 0
0 0 0 1 0 0 0 0
0 1 0 0 0 0 0 0
0 0 1 0 0 0 0 0
0 0 0 0 0 0 0 1
0 0 1 0 0 0 0 0
0 0 0 1 0 0 0 0
0 1 0 0 0 0 0 0
0 1 0 0 0 0 0 0
1 0 0 0 0 0 0 0
1 0 0 0 0 0 0 0
0 0 0 1 0 0 0 0
0 0 1 0 0 0 0 0
0 0 0 0 1 0 0 0
0 0 0 0 0 1 0 0
0 0 0 0 0 0 0 1
0 0 0 0 0 0 1 0
1 0 0 0 0 0 0 0
0 0 0 0 0 0 1 0
1 0 0 0 0 0 0 0
0 1 0 0 0 0 0 0
0 1 0 0 0 0 0 0
0 0 0 0 1 0 0 0
0 0 0 1 0 0 0 0
1 0 0 0 0 0 0 0
0 0 0 0 1 0 0 0
0 0 0 1 0 0 0 0
0 0 0 0 0 0 1 0
0 0 0 0 1 0 0 0
0 0 0 0 0 0 1 0
0 0 0 0 0 0 0 1
0 0 0 1 0 0 0 0
0 0 1 0 0 0 0 0
0 0 0 0 1 0 0 0
0 0 0 0 1 0 0 0
0 0 0 0 1 0 0 0
0 0 0 0 0 0 0 1
0 0 0 0 1 0 0 0
0 0 0 0 0 0 0 1
1 0 0 0 0 0 0 0
0 0 0 0 0 1 0 0
0 1 0 0 0 0 0 0
0 0 0 1 0 0 0 0
0 0 0 0 0 1 0 0
0 0 1 0 0 0 0 0
0 0 0 0 1 0 0 0
0 1 0 0 0 0 0 0
0 0 0 0 0 0 1 0
0 0 1 0 0 0 0 0
0 0 0 0 0 0 1 0
0 0 0 0 1 0 0 0
0 1 0 0 0 0 0 0
0 0 0 0 0 1 0 0
0 0 0 0 0 0 0 1
1 0 0 0 0 0 0 0
0 0 0 0 0 1 0 0
0 0 0 0 0 0 0 1
0 0 0 0 0 0 0 1
0 0 0 0 1 0 0 0
0 1 0 0 0 0 0 0
0 1 0 0 0 0 0 0
1 0 0 0 0 0 0 0
0 0 0 0 0 0 1 0
0 0 0 0 1 0 0 0
0 1 0 0 0 0 0 0
0 0 0 1 0 0 0 0
0 0 0 0 1 0 0 0
0 0 0 1 0 0 0 0
0 0 0 0 0 0 0 1
0 0 0 0 1 0 0 0
0 0 0 0 0 0 1 0
1 0 0 0 0 0 0 0
0 0 0 0 1 0 0 0
1 0 0 0 0 0 0 0
0 1 0 0 0 0 0 0
0 0 0 1 0 0 0 0
0 1 0 0 0 0 0 0
0 0 0 1 0 0 0 0
0 0 0 0 1 0 0 0
0 0 0 0 0 1 0 0
0 0 0 0 1 0 0 0
0 0 0 0 0 0 1 0
0 1 0 0 0 0 0 0
0 1 0 0 0 0 0 0
1 0 0 0 0 0 0 0
0 0 1 0 0 0 0 0
0 0 0 0 0 1 0 0
0 0 0 1 0 0 0 0
0 0 0 0 1 0 0 0
0 0 0 0 1 0 0 0
0 0 0 0 0 1 0 0
0 0 0 0 0 0 1 0
0 0 0 1 0 0 0 0
0 0 0 0 0 1 0 0
0 0 0 1 0 0 0 0
0 0 1 0 0 0 0 0
0 0 0 0 0 0 1 0
0 1 0 0 0 0 0 0
0 0 0 0 0 0 0 1
0 0 0 0 0 0 0 1
0 0 0 0 0 0 1 0
0 1 0 0 0 0 0 0
0 0 0 0 0 0 0 1
0 1 0 0 0 0 0 0
0 0 0 0 0 0 1 0
1 0 0 0 0 0 0 0
0 0 1 0 0 0 0 0
0 0 0 0 0 1 0 0
0 1 0 0 0 0 0 0
0 0 0 1 0 0 0 0
0 0 0 0 1 0 0 0
0 0 0 0 1 0 0 0
0 0 0 0 1 0 0 0
0 0 0 0 1 0 0 0
0 0 0 0 0 0 0 1
0 0 0 0 0 0 1 0
0 0 0 0 1 0 0 0
0 0 0 0 0 1 0 0
0 0 0 1 0 0 0 0
0 0 0 1 0 0 0 0
0 0 0 1 0 0 0 0
0 0 0 0 0 0 1 0
0 0 1 0 0 0 0 0
0 0 0 0 0 0 1 0
0 0 0 0 0 0 0 1
0 0 0 1 0 0 0 0
0 0 0 0 0 0 1 0
0 1 0 0 0 0 0 0
0 0 1 0 0 0 0 0
0 0 0 0 0 1 0 0
0 0 0 0 0 0 1 0
0 0 0 0 0 1 0 0
0 0 0 0 0 1 0 0
0 0 0 0 0 0 1 0
0 0 0 0 0 0 1 0
1 0 0 0 0 0 0 0
0 0 0 0 1 0 0 0
0 0 0 0 1 0 0 0
0 0 0 0 0 1 0 0
0 0 0 0 0 0 0 1
0 0 0 0 0 1 0 0
0 1 0 0 0 0 0 0
0 1 0 0 0 0 0 0
0 0 0 1 0 0 0 0
0 0 1 0 0 0 0 0
0 0 0 1 0 0 0 0
0 0 0 1 0 0 0 0
0 0 0 0 1 0 0 0
0 0 0 0 0 0 0 1
0 0 0 0 0 1 0 0
0 0 0 0 1 0 0 0
0 0 1 0 0 0 0 0
0 0 0 0 0 0 1 0
1 0 0 0 0 0 0 0
0 0 1 0 0 0 0 0
0 1 0 0 0 0 0 0
0 0 0 1 0 0 0 0
0 0 0 0 0 0 1 0
0 0 0 0 0 0 0 1
0 1 0 0 0 0 0 0
0 0 0 0 0 0 0 1
0 1 0 0 0 0 0 0
0 0 1 0 0 0 0 0
0 0 1 0 0 0 0 0
0 0 0 0 0 1 0 0
0 0 0 0 0 0 1 0
1 0 0 0 0 0 0 0
0 0 0 0 0 0 0 1
0 0 0 0 0 1 0 0
1 0 0 0 0 0 0 0
0 0 0 0 0 0 1 0
0 0 0 0 1 0 0 0
0 0 0 0 0 0 1 0
1 0 0 0 0 0 0 0
0 0 0 0 0 0 0 1
0 0 0 0 0 0 0 1
0 0 1 0 0 0 0 0
0 0 1 0 0 0 0 0
0 0 0 0 1 0 0 0
0 1 0 0 0 0 0 0
0 1 0 0 0 0 0 0
0 0 0 1 0 0 0 0
0 0 0 0 0 0 1 0
0 0 0 1 0 0 0 0
0 0 0 0 0 0 0 1
0 0 0 0 0 0 1 0
0 0 1 0 0 0 0 0
1 0 0 0 0 0 0 0
0 1 0 0 0 0 0 0
1 0 0 0 0 0 0 0
0 1 0 0 0 0 0 0
0 0 1 0 0 0 0 0
0 0 0 0 0 1 0 0
0 0 0 0 0 0 0 1
0 0 0 0 0 1 0 0
0 0 1 0 0 0 0 0
0 0 0 0 0 0 0 1
0 0 0 0 0 0 0 1
0 0 0 1 0 0 0 0
0 1 0 0 0 0 0 0
0 0 1 0 0 0 0 0
0 1 0 0 0 0 0 0
0 0 0 0 1 0 0 0
0 0 1 0 0 0 0 0
0 0 0 0 1 0 0 0
0 0 0 0 0 1 0 0
1 0 0 0 0 0 0 0

Capacidades:
1 1 4 3 0 4 0 3
1 0 0 0 3 4 4 1
4 0 3 3 0 3 2 1
4 4 1 1 1 1 1 4
0 1 0 3 0 2 2 3
4 3 0 3 2 3 4 0
3 1 1 2 0 3 1 2
2 0 2 4 0 2 1 1
0 2 2 3 1 3 0 1
0 3 3 3 1 1 3 0
2 4 2 2 1 2 4 2
0 2 4 3 1 0 2 2
3 0 3 2 2 0 2 3
1 1 2 4 2 1 2 3
2 1 3 1 1 1 2 4
1 3 4 1 2 3 2 0
1 2 4 2 2 1 2 0
1 0 0 3 3 4 0 2
0 1 1 2 4 2 3 4
2 4 0 0 3 3 0 1
3 0 4 3 0 3 2 2
2 4 4 0 4 1 0 3
2 0 1 2 3 2 0 0
4 0 2 3 2 0 3 4
0 0 3 2 3 2 0 4
2 0 0 2 0 4 4 1
4 3 2 3 0 4 3 1
3 4 4 4 0 0 0 3
2 2 1 0 4 4 1 0
1 1 2 0 4 4 2 2
4 2 2 1 3 3 3 3
2 1 4 4 2 0 1 3
4 1 2 1 4 3 1 4
3 0 2 4 2 2 3 1
2 1 4 0 2 0 4 1
0 1 3 0 4 2 2 3
0 2 2 4 0 3 0 3
1 3 2 4 4 2 1 0
1 3 1 2 2 4 1 3
0 0 1 1 2 3 2 4
1 0 0 1 1 2 4 4
1 3 2 1 2 3 1 2
0 0 2 1 2 1 0 3
4 2 2 2 2 0 1 3
4 4 1 1 1 1 2 0
3 1 3 0 0 0 2 4
1 4 3 1 1 1 0 1
2 1 1 0 2 0 3 3
4 1 4 1 2 4 3 3
3 0 1 4 0 4 2 0
0 4 0 3 1 4 0 4
3 3 3 3 4 3 4 2
1 3 1 0 0 1 3 2
3 4 0 2 2 0 1 3
4 2 0 4 2 3 4 2
4 4 4 0 2 1 3 4
0 2 1 0 3 0 4 1
3 2 4 0 2 1 2 0
2 1 3 4 3 1 3 2
2 0 0 0 4 2 3 4
0 2 1 1 4 0 1 0
4 0 2 0 3 3 4 3
0 1 1 2 3 0 1 2
2 2 0 2 0 4 0 1
4 3 2 4 0 0 3 4
1 2 0 2 4 1 3 4
3 3 4 1 0 1 1 3
2 3 4 3 1 3 1 4
3 1 2 4 2 3 1 0
2 4 0 2 2 1 4 1
3 0 3 3 0 2 2 2
2 0 3 2 1 2 4 0
1 0 2 0 4 4 4 1
3 0 4 4 0 0 0 4
1 2 3 0 4 4 4 4
