m: 250
n: 75
k: 7

Distancias:
57 99 55 16 72 14 25 87 40 77 6 71 12 74 16 14 87 46 14 96 80 24 97 92 70 80 36 1 72 41 29 8 62 31 4 43 92 9 11 63 4 45 12 76 49 29 28 10 95 22 9 44 95 66 27 91 38 1 31 64 74 25 63 46 50 72 90 29 36 18 51 78 65 35 3
6 48 83 86 86 12 77 9 13 59 52 57 44 50 81 90 74 20 6 86 35 98 25 66 77 35 46 85 1 42 81 21 15 64 6 25 48 75 35 7 21 61 77 94 41 57 54 33 2 42 54 4 36 43 86 30 91 84 54 43 15 24 1 66 46 71 59 77 92 78 5 56 61 37 80
16 83 27 75 10 11 81 53 79 91 99 74 71 60 42 88 15 91 6 32 66 28 58 28 37 27 63 41 35 44 98 74 40 84 34 79 23 60 37 37 52 69 62 12 3 47 65 73 79 91 78 15 86 15 72 60 67 66 47 21 25 16 61 34 66 49 99 6 15 38 96 70 18 72 23
9 59 55 48 35 56 56 68 10 25 90 86 34 16 20 10 33 84 49 5 18 15 40 46 46 58 58 43 66 78 61 46 45 49 3 1 52 43 10 42 4 30 90 66 48 67 54 29 3 83 76 18 38 52 7 9 69 34 4 3 73 86 8 3 66 63 78 14 62 32 96 65 43 22 77
10 48 67 39 64 2 53 68 45 97 22 80 35 55 27 13 19 47 56 34 47 94 55 52 55 52 8 90 73 49 43 71 98 72 82 39 7 63 8 21 28 23 16 27 9 98 34 28 67 57 75 27 53 75 2 24 60 70 67 37 49 67 81 79 60 29 11 72 40 83 3 13 56 84 71
52 37 12 94 81 71 67 52 45 81 62 78 53 2 5 26 4 60 39 71 33 55 4 65 32 61 44 90 55 50 8 42 42 98 94 16 37 15 32 3 98 12 57 9 31 39 22 41 22 94 92 13 91 57 39 20 22 46 24 22 6 71 67 68 84 50 63 9 39 80 28 78 60 13 84
37 36 16 39 86 79 51 11 31 77 66 47 61 65 29 57 33 51 25 49 89 14 42 89 82 99 95 42 63 52 49 83 63 50 49 11 10 26 57 96 21 3 38 37 94 81 20 67 28 41 92 33 35 77 81 60 44 72 62 93 20 34 62 1 11 79 34 44 60 35 96 13 96 20 88
41 51 36 48 65 50 55 42 30 60 30 44 85 37 51 69 93 59 69 6 45 46 14 75 73 35 23 98 68 92 27 62 31 95 87 22 36 6 25 17 5 48 64 4 25 17 98 83 70 8 67 49 85 72 51 45 7 59 64 48 71 23 21 2 80 46 93 11 27 13 73 32 17 56 76
28 84 6 29 17 11 19 56 26 49 98 4 30 66 93 26 19 12 76 46 79 16 31 91 40 74 18 4 55 88 65 15 72 94 68 52 52 37 37 11 31 51 26 45 10 84 49 54 6 62 81 51 95 77 57 13 11 85 85 50 58 76 20 52 71 28 63 59 8 42 29 31 31 51 49
49 33 41 68 48 82 94 57 58 61 96 20 54 22 69 91 52 44 97 61 33 85 3 73 17 76 39 72 24 65 76 11 60 32 62 82 59 78 23 77 79 18 11 71 38 7 31 85 64 32 89 51 69 64 35 63 42 24 12 9 74 8 9 81 1 24 24 44 71 2 55 90 89 74 51
98 64 64 53 44 60 42 66 65 53 9 24 25 65 36 89 10 92 16 74 25 11 41 97 55 52 91 72 18 38 91 38 33 93 26 8 92 10 27 8 64 51 33 59 11 67 49 22 64 45 84 88 7 57 13 54 61 57 23 72 68 92 37 64 51 1 72 98 89 80 5 23 28 29 96
32 70 60 82 17 4 7 69 83 51 1 20 99 91 29 77 95 94 68 55 79 55 62 5 92 82 36 43 76 40 96 87 56 59 19 92 98 80 69 5 27 25 90 42 19 67 40 39 52 72 66 25 42 50 53 68 44 92 79 61 10 38 23 89 32 73 67 12 31 51 46 18 6 22 66
88 7 35 80 59 21 94 4 32 6 62 64 5 93 50 2 80 91 4 7 96 63 81 81 37 99 37 55 96 48 38 92 13 60 36 1 25 43 70 18 90 42 65 80 73 69 38 95 92 2 39 89 27 23 29 47 53 63 24 8 52 33 14 3 44 80 47 44 73 20 47 59 95 67 26
25 79 57 92 76 98 38 50 1 96 71 22 90 84 42 87 61 48 61 8 59 17 93 17 22 71 84 83 54 99 80 88 9 88 12 32 32 16 94 92 35 50 17 83 33 72 9 17 6 40 17 83 59 39 38 10 51 60 64 66 69 96 59 12 59 70 26 33 89 20 30 74 37 94 82
88 65 61 71 93 45 55 42 39 37 56 17 39 99 23 57 21 55 50 15 58 43 73 81 36 94 2 93 29 64 18 41 37 47 77 33 54 99 43 3 72 85 83 74 97 6 82 8 55 6 12 59 94 47 94 4 73 2 69 21 5 49 73 26 82 75 20 8 25 98 43 58 40 55 45
78 38 71 12 50 23 91 1 72 44 22 58 8 47 27 79 75 24 15 63 50 48 18 5 24 70 38 17 40 52 10 4 16 1 84 23 12 12 90 28 33 82 22 9 89 33 56 27 45 4 73 13 88 46 26 26 27 80 26 37 50 14 23 25 44 78 33 50 42 28 85 34 69 84 30
90 52 84 81 35 61 71 92 42 18 72 55 40 83 32 77 43 96 14 35 3 60 44 58 8 88 17 67 16 29 45 61 61 90 54 23 83 13 90 99 22 75 71 16 67 39 36 4 42 83 92 39 72 6 79 93 42 11 4 22 11 13 1 99 48 97 6 28 11 41 44 3 35 75 27
91 26 83 59 21 35 24 86 27 55 64 60 57 52 89 85 99 6 65 20 30 11 44 93 46 21 76 28 89 35 58 39 65 54 32 98 40 82 7 13 12 6 79 34 69 89 60 22 17 48 4 38 56 2 70 82 46 84 26 34 41 12 54 8 33 53 56 85 94 20 27 14 12 54 88
14 94 57 96 20 60 98 75 76 89 95 43 38 25 75 98 60 70 78 81 24 57 20 44 69 85 70 96 95 58 19 68 59 57 19 66 28 97 84 33 58 36 9 26 45 88 89 67 87 83 88 6 19 21 8 64 15 63 79 51 14 90 13 71 62 7 70 98 80 84 41 32 76 38 51
20 40 11 14 17 19 73 65 22 97 6 86 62 52 65 5 85 54 30 37 54 99 62 45 42 62 28 71 32 24 47 92 13 64 99 92 35 64 28 72 14 53 37 26 3 18 86 32 95 1 17 78 38 41 37 35 16 8 80 71 28 58 90 94 88 28 30 85 82 42 14 57 3 33 64
33 7 75 68 62 45 50 75 1 61 80 2 8 88 30 89 45 98 52 25 53 67 23 33 45 8 30 37 40 11 46 85 59 98 55 87 63 68 30 16 97 42 8 51 53 88 93 87 65 96 12 83 74 28 63 1 68 5 9 26 3 29 87 49 91 99 19 52 89 43 90 76 62 40 86
14 56 30 67 88 53 59 19 57 22 60 42 77 26 89 90 92 57 3 21 36 87 70 9 79 46 89 25 42 78 95 57 87 64 33 33 62 36 50 66 47 13 60 40 50 28 60 91 77 23 17 28 53 38 76 59 38 41 45 84 80 48 54 92 21 21 34 82 24 57 18 12 4 96 57
73 76 93 54 30 30 59 20 91 51 65 92 93 89 47 20 75 24 44 53 1 31 87 35 11 68 76 70 37 69 29 40 8 26 48 70 27 90 44 45 31 10 9 97 26 81 80 16 19 59 23 64 3 20 83 88 24 62 60 67 48 80 52 48 69 67 4 76 12 60 11 61 43 18 49
13 24 71 83 87 97 4 98 25 30 36 48 56 34 1 95 26 50 28 76 17 32 17 81 84 33 53 31 89 54 98 52 7 26 29 69 61 14 95 77 6 37 5 66 10 15 53 75 31 90 9 44 65 20 41 6 92 56 2 48 62 33 76 1 42 12 52 76 43 69 17 39 31 36 61
78 77 45 3 87 77 37 88 95 8 63 77 7 51 76 18 44 1 64 33 36 7 98 56 27 14 16 7 9 56 35 41 84 13 71 56 31 66 73 7 22 87 24 59 64 45 33 91 69 95 21 48 61 42 14 75 50 3 54 33 50 27 68 83 94 23 33 64 23 85 76 50 28 64 64
55 7 3 88 53 7 1 65 18 7 54 23 44 57 65 85 82 9 42 94 33 65 33 23 2 42 94 51 14 29 70 22 92 63 5 62 97 51 52 8 25 3 67 97 99 12 29 87 79 62 99 19 61 92 52 48 43 27 11 66 68 51 85 34 3 23 81 20 97 90 43 13 84 87 16
47 2 61 75 51 52 46 39 55 63 24 58 40 5 3 9 30 2 26 5 71 76 21 64 37 62 14 90 39 95 70 30 13 59 21 13 52 85 82 42 1 63 28 44 41 46 27 93 96 86 60 31 3 89 6 5 76 41 11 27 51 35 35 85 39 5 24 54 7 82 88 23 11 57 23
11 3 72 40 12 49 33 32 54 42 66 40 61 4 56 72 54 21 80 84 47 96 1 36 77 18 6 25 75 8 54 57 37 96 70 29 17 28 9 75 98 69 33 95 78 99 2 41 47 91 72 16 70 49 67 98 23 50 22 41 63 67 68 31 87 84 38 84 58 99 30 37 82 97 18
36 52 21 96 59 85 61 74 93 16 46 99 15 50 71 79 89 42 83 10 66 87 50 49 5 24 9 47 13 96 15 93 36 56 21 23 13 81 41 24 20 77 12 97 21 44 16 67 96 26 27 91 82 53 73 55 50 35 1 10 97 65 58 22 98 6 87 80 11 95 51 28 1 25 28
83 18 85 89 82 67 73 32 89 21 51 57 8 96 43 48 43 34 7 77 51 48 81 33 41 32 12 58 48 65 95 25 25 98 43 49 63 53 17 1 5 93 62 21 48 49 24 42 33 7 72 11 6 86 35 76 65 35 29 12 61 88 87 71 21 11 70 79 18 6 6 4 65 40 58
52 9 84 18 48 75 78 33 35 64 26 26 2 41 66 28 5 28 50 6 15 74 89 14 90 98 8 55 52 16 87 31 71 84 98 3 94 10 78 99 53 5 17 5 68 85 79 65 96 65 28 61 88 2 97 11 73 9 18 82 14 75 50 75 95 97 19 39 13 47 44 93 66 52 20
16 54 2 69 93 56 16 7 86 84 5 30 75 19 55 43 5 90 23 79 33 15 35 28 62 41 19 63 54 11 22 55 66 48 49 99 86 82 11 36 46 49 68 48 53 56 76 10 26 87 75 31 38 81 53 36 64 86 45 36 93 5 41 56 32 16 78 28 68 26 84 1 94 50 60
94 3 39 3 94 32 38 72 60 74 92 48 44 45 22 33 21 93 90 51 78 85 3 26 99 46 33 41 47 10 3 39 96 97 87 14 3 5 38 58 75 87 54 82 71 9 31 60 29 48 5 97 76 72 34 27 42 4 95 70 70 66 22 85 74 8 40 21 48 4 5 69 60 17 70
80 69 82 3 1 90 87 45 14 40 28 86 9 90 34 7 50 10 41 95 78 79 61 55 60 13 94 11 68 49 29 99 59 48 65 52 34 24 68 28 77 63 96 29 41 76 6 94 37 12 82 35 3 79 28 17 58 57 64 80 92 21 19 19 64 83 7 83 27 60 69 83 58 84 2
89 90 70 18 77 9 12 26 69 63 13 39 26 91 1 3 13 83 56 2 27 14 91 45 21 37 88 97 59 54 21 40 63 42 20 52 50 16 55 25 96 92 22 16 48 29 88 78 93 79 49 85 53 29 47 78 69 68 66 76 6 33 75 42 72 22 12 83 32 16 59 93 71 9 41
52 14 30 48 75 1 37 85 2 18 42 77 5 58 14 75 35 44 55 31 38 52 9 94 3 31 85 29 33 50 75 49 88 52 56 86 18 39 67 90 59 55 98 65 38 62 34 10 67 86 94 93 91 89 2 86 71 13 9 7 50 53 57 12 77 50 18 61 46 76 96 5 31 43 31
50 41 29 19 64 98 47 69 26 31 91 58 81 55 69 4 73 68 93 30 29 90 28 36 25 44 99 90 5 11 21 92 69 15 29 78 70 47 15 26 74 61 92 44 3 78 85 48 3 84 41 14 16 59 76 48 59 99 93 23 42 43 45 9 16 18 99 21 4 42 82 54 44 13 9
76 8 29 58 12 6 51 19 35 17 98 51 24 48 87 82 33 26 51 19 51 5 55 71 79 82 83 8 65 56 66 98 3 14 27 44 2 1 73 86 51 53 52 73 20 74 90 66 94 10 41 66 59 85 71 90 89 6 93 42 59 70 26 41 77 2 45 89 6 48 94 87 43 26 80
31 12 83 68 38 6 90 90 15 38 65 68 40 89 22 77 28 38 98 17 34 38 48 28 78 39 32 22 53 43 72 56 93 47 16 61 30 10 74 25 26 88 57 10 2 93 91 60 50 77 54 28 68 16 66 64 45 69 52 70 35 26 26 39 25 64 43 26 13 2 32 32 54 70 21
99 41 98 45 52 38 6 29 58 68 93 60 26 82 71 68 99 82 6 6 73 53 32 37 84 34 41 42 34 71 57 95 2 51 85 50 44 7 78 17 17 52 78 87 69 33 77 32 49 67 78 1 48 97 55 32 69 48 37 23 56 32 56 19 81 29 74 31 25 81 79 22 90 89 98
35 74 30 27 25 84 22 54 96 63 96 92 99 42 31 24 99 30 5 80 65 11 88 27 79 6 44 7 46 77 6 84 40 58 15 54 47 32 64 65 15 20 4 12 25 58 85 61 17 77 45 28 69 38 79 24 85 8 69 1 48 33 90 4 69 88 90 19 79 2 80 20 77 21 73
55 17 3 19 47 87 25 73 96 17 77 54 64 14 23 75 12 69 50 97 84 90 42 46 12 27 96 55 10 50 25 4 18 54 41 63 75 65 21 95 4 81 24 16 73 18 78 53 45 5 64 13 51 14 40 11 48 22 37 56 89 17 91 92 71 13 82 66 97 61 88 63 43 26 19
21 7 48 46 49 40 17 20 54 20 46 54 19 50 12 16 66 5 61 75 7 13 93 16 29 89 3 30 11 5 53 48 17 53 49 31 11 22 42 26 31 3 72 51 78 8 35 30 6 24 53 53 53 16 44 38 37 81 37 11 22 74 75 25 36 96 64 60 79 89 60 56 46 5 84
28 78 35 1 45 28 15 51 29 46 57 35 7 41 41 23 96 4 4 38 14 69 16 22 98 1 19 39 29 24 10 45 70 77 81 47 73 82 67 2 16 44 12 19 28 15 68 13 99 2 54 24 65 72 24 14 14 13 36 6 44 22 74 73 24 30 69 77 30 36 32 51 33 52 80
64 88 74 65 6 78 20 46 39 10 10 64 45 6 10 42 72 57 48 91 34 61 54 30 87 94 42 33 85 1 54 16 7 5 13 92 31 71 64 2 77 28 16 65 28 65 73 66 18 57 74 75 63 59 63 30 66 84 40 45 85 53 19 1 87 3 39 59 53 84 54 98 56 10 44
24 96 32 60 63 37 92 47 90 87 16 54 41 5 75 30 29 97 90 11 48 79 68 32 45 10 31 32 58 66 44 17 32 65 57 97 68 26 77 78 24 30 56 36 65 59 6 61 99 13 70 49 49 8 30 49 49 93 88 9 12 15 33 16 56 93 65 27 33 20 51 51 84 61 29
18 43 56 15 3 83 37 16 56 53 52 86 84 5 75 44 58 69 24 63 67 69 78 22 18 38 66 28 41 70 82 43 78 92 57 41 44 81 26 38 52 86 71 15 96 24 33 17 20 67 93 32 38 38 16 19 34 25 44 78 37 39 44 13 64 44 83 44 15 61 66 92 15 71 88
16 93 5 33 31 92 46 72 84 44 20 21 92 58 47 13 33 69 47 93 66 74 22 48 16 8 45 40 45 89 28 49 90 88 16 62 85 61 71 7 69 20 56 1 71 90 30 21 89 23 59 90 68 25 71 7 72 11 59 65 67 71 68 60 50 61 41 97 76 44 87 31 53 65 23
43 85 17 67 96 94 33 9 7 60 51 77 20 32 83 39 77 14 24 83 69 95 73 64 47 38 11 68 53 13 61 61 36 16 23 12 63 59 37 20 13 57 21 48 30 83 64 58 88 14 36 12 95 67 74 25 53 28 99 27 69 5 58 86 61 85 32 75 36 15 6 69 86 11 17
70 55 10 46 32 13 65 71 80 51 3 74 51 51 82 66 35 57 86 60 22 3 33 60 98 93 81 41 24 49 5 71 74 15 18 54 36 49 73 82 86 15 2 52 77 85 41 9 59 26 62 35 10 3 13 40 82 98 24 76 58 34 3 83 56 40 4 14 40 25 6 68 38 84 51
14 60 48 24 90 40 44 51 45 62 37 46 52 76 32 80 21 9 40 8 82 24 7 79 69 34 36 51 96 52 45 45 10 88 85 89 37 96 65 4 42 77 75 46 90 87 50 60 13 21 28 77 58 82 92 69 88 74 61 77 11 67 34 43 34 25 60 79 74 11 2 10 66 69 4
78 45 52 67 83 94 59 51 70 65 1 4 75 99 44 52 17 54 52 82 97 74 77 23 24 91 6 20 18 46 77 26 71 89 10 93 49 31 53 75 68 22 54 80 85 53 89 16 28 13 71 46 45 68 88 29 61 21 37 42 63 78 14 34 8 83 59 84 5 81 37 17 81 35 48
69 72 1 63 85 55 74 69 13 1 55 78 77 71 90 39 91 34 9 26 1 95 81 62 26 25 84 91 49 94 29 5 87 99 69 29 36 57 25 19 71 70 69 24 97 41 22 81 6 51 9 16 63 55 81 77 31 13 87 76 8 86 19 11 75 10 18 46 36 97 85 98 8 58 46
23 31 90 10 81 82 4 1 51 84 90 41 28 47 31 27 70 29 98 54 54 35 69 21 99 82 56 65 27 34 32 22 85 72 82 41 44 99 10 59 96 30 3 26 81 8 98 48 42 59 41 20 1 55 74 34 85 47 71 60 94 68 93 43 5 34 81 99 41 60 86 49 69 62 40
65 63 1 53 11 60 81 70 12 99 79 55 21 86 68 97 53 79 18 6 42 34 17 37 60 18 58 95 37 76 86 45 66 49 6 23 38 27 52 28 72 97 9 80 63 43 17 84 58 89 8 47 43 60 95 92 97 56 89 43 84 99 48 97 20 5 64 68 16 43 13 18 44 83 93
80 37 94 77 1 41 59 92 61 27 32 97 11 21 9 20 7 52 83 57 2 14 74 78 75 37 90 7 70 33 73 70 56 50 71 31 31 69 90 9 66 91 58 59 86 37 85 1 52 42 79 37 29 87 53 27 27 76 16 92 7 19 84 12 89 50 33 22 98 49 25 30 48 21 99
85 67 36 46 26 4 43 68 11 99 51 80 56 77 95 22 46 88 69 27 92 97 52 25 36 73 31 23 50 48 79 25 7 77 40 87 86 37 21 40 61 47 98 32 67 24 30 54 44 1 26 29 38 9 16 18 9 50 83 63 59 64 25 70 20 69 58 21 72 14 21 69 74 31 87
64 68 87 29 97 4 77 87 22 34 56 36 5 94 34 65 99 60 51 65 11 36 11 90 23 44 49 95 48 17 78 12 17 60 73 52 93 39 57 69 99 85 36 63 29 20 47 75 96 7 65 99 81 69 11 81 9 6 24 28 12 15 7 72 6 4 91 44 65 68 18 20 39 54 61
86 65 48 91 11 77 91 60 14 24 32 98 10 34 46 42 18 57 30 33 29 69 72 97 71 47 48 35 1 32 28 3 50 8 64 37 25 80 31 93 42 60 97 46 29 61 28 36 36 31 78 72 46 55 4 30 24 99 99 57 66 49 24 75 8 58 83 97 84 68 18 89 17 58 77
28 17 29 58 77 71 49 61 2 14 49 50 75 91 43 21 99 84 91 64 35 37 44 10 78 93 90 53 55 63 22 59 14 45 35 65 5 2 27 48 58 98 57 86 39 16 87 20 50 66 35 48 54 6 41 70 56 85 19 79 58 71 82 10 59 10 39 69 28 99 67 90 56 69 82
50 98 94 26 27 70 52 96 55 4 83 97 25 67 33 70 7 36 36 36 26 1 96 71 3 11 15 30 83 20 89 61 48 6 99 68 13 11 73 40 43 24 25 36 88 58 76 81 33 98 2 27 72 22 80 34 97 15 48 41 48 96 96 41 25 51 30 8 46 70 31 8 90 11 46
17 95 51 33 44 7 40 48 77 38 5 32 55 50 86 23 59 33 48 58 10 49 16 77 66 13 27 87 74 81 98 3 13 3 89 43 57 71 28 90 84 18 52 49 84 60 41 19 87 24 9 61 18 65 6 54 71 72 61 92 28 11 47 95 96 9 3 22 45 82 88 86 52 21 50
58 32 52 21 66 17 32 63 46 98 26 28 53 77 42 10 24 63 82 81 30 9 90 76 70 2 53 71 98 97 99 41 93 89 90 32 8 98 18 77 87 44 19 44 70 20 23 57 34 50 70 46 57 87 11 84 56 24 20 16 3 12 55 2 67 74 40 13 75 68 16 48 68 89 63
87 78 94 50 89 58 13 67 63 40 36 59 73 1 40 30 82 1 94 22 62 80 64 76 80 28 11 92 42 11 74 92 38 34 53 35 74 54 36 7 4 34 73 88 89 23 14 8 28 85 63 16 92 47 45 17 58 72 81 11 47 70 82 49 87 66 12 25 99 26 12 84 65 97 82
60 89 36 90 39 87 60 38 51 46 2 54 3 92 14 85 25 41 15 68 92 19 25 12 93 40 54 73 75 2 66 59 41 33 48 79 64 30 13 49 72 13 81 2 44 99 86 43 18 33 29 45 48 25 22 35 40 38 82 55 63 74 37 31 80 60 29 8 64 82 20 38 4 79 99
34 56 95 34 4 23 65 67 42 70 60 74 8 56 71 61 47 72 51 89 25 34 99 57 77 39 17 72 62 91 38 36 80 90 23 18 59 46 21 95 61 30 88 89 31 1 17 77 90 55 70 13 18 45 72 25 99 43 94 69 85 6 33 7 13 79 87 17 40 35 85 7 5 51 19
59 92 37 52 20 89 89 10 9 41 36 62 50 67 99 94 64 64 28 11 83 69 33 12 3 10 19 21 66 95 7 37 98 63 60 74 27 49 50 18 41 40 12 40 26 99 67 19 82 37 30 67 34 83 4 48 71 39 4 71 73 67 37 45 76 77 95 89 78 91 43 16 50 47 92
68 80 7 72 53 48 1 94 16 98 2 42 6 62 23 17 54 28 94 8 67 8 95 30 15 39 98 61 11 89 29 40 79 88 49 1 14 70 55 55 37 93 32 81 34 66 42 62 3 22 39 1 3 42 19 25 57 30 45 24 92 29 58 90 39 75 87 28 24 2 61 55 99 98 57
89 29 91 26 33 90 60 76 82 74 75 37 23 7 48 47 15 8 27 71 10 21 32 67 18 88 8 72 68 84 27 2 49 51 8 35 47 59 39 90 29 77 88 36 15 23 47 30 42 56 85 98 88 43 56 8 50 62 49 68 7 8 46 76 86 97 29 32 6 36 55 38 45 72 21
21 31 47 33 32 94 28 17 37 2 20 2 62 75 80 31 60 92 47 25 83 59 71 73 55 8 1 36 51 17 54 15 4 2 85 80 48 94 15 61 90 98 81 4 14 67 89 87 85 67 72 20 84 15 85 41 28 24 65 44 24 61 45 5 28 78 17 67 93 48 87 55 32 82 9
74 72 84 73 49 50 90 16 32 12 31 87 28 69 8 47 98 57 19 84 95 52 14 47 41 89 99 55 28 62 20 94 23 24 29 83 88 68 38 89 84 57 56 44 87 69 93 64 5 83 79 15 31 21 46 37 38 60 14 21 11 26 22 78 62 29 84 20 95 76 53 66 85 65 11
50 50 47 68 18 6 38 18 34 68 23 18 29 61 98 80 87 89 55 55 2 31 46 86 77 56 71 97 15 36 51 87 28 94 14 34 18 31 5 57 10 77 57 95 81 72 1 72 34 63 99 74 76 36 15 19 85 98 42 26 62 87 21 24 8 40 74 19 66 42 84 92 40 85 98
73 95 26 9 74 18 86 98 80 63 15 28 12 15 78 69 17 15 18 30 14 93 42 14 50 22 55 31 22 39 1 39 68 66 17 98 96 87 73 14 42 38 15 56 42 98 34 8 80 20 66 8 82 30 93 86 53 32 51 37 94 19 99 93 98 97 1 11 49 2 14 26 94 74 8
31 64 47 80 24 18 98 37 49 14 35 58 92 15 9 28 30 75 28 47 44 99 89 96 25 28 25 18 2 65 86 93 54 85 95 96 96 25 61 65 40 11 36 97 43 69 13 63 33 68 47 84 14 17 64 74 1 75 8 39 36 31 40 49 95 41 63 13 1 21 59 79 48 2 4
70 91 21 72 1 42 33 93 41 15 84 64 80 50 20 64 49 29 73 3 15 97 9 68 24 21 33 65 82 58 64 30 48 81 22 62 79 85 43 48 25 33 32 21 4 30 90 61 28 22 85 51 54 65 91 82 27 74 98 62 89 21 96 10 52 9 33 53 68 87 72 55 24 1 96
14 79 2 27 50 17 47 17 4 72 67 60 92 13 79 28 80 32 5 72 93 69 52 91 11 61 25 61 59 8 58 85 92 65 12 54 21 27 28 74 55 20 88 85 78 27 42 51 6 51 66 97 34 71 74 21 11 65 25 60 47 65 18 85 51 47 7 45 36 56 32 21 70 21 49
82 15 57 33 73 40 59 77 15 46 20 50 85 26 11 36 51 73 25 3 67 54 85 18 60 29 65 77 64 21 15 92 49 47 51 97 20 1 72 22 55 82 97 76 73 71 49 50 60 29 12 28 9 71 7 66 61 39 60 15 83 97 11 20 65 93 19 98 88 34 34 20 48 35 26
57 28 31 68 51 40 3 84 52 69 86 8 78 98 74 86 21 79 41 96 71 54 38 88 89 25 17 95 8 82 33 92 79 3 30 69 59 47 18 27 93 55 30 45 28 18 62 39 11 3 48 25 66 14 53 38 50 86 25 70 17 68 46 66 55 51 49 6 75 64 82 65 23 37 20
24 2 99 4 8 67 96 7 21 30 46 92 33 62 16 42 71 84 38 46 11 17 51 52 10 53 78 2 37 24 9 71 7 82 27 1 13 10 26 58 56 74 30 15 59 30 17 12 16 6 44 8 90 89 44 52 87 96 71 11 13 44 58 47 11 31 60 98 43 28 17 78 54 61 47
51 52 76 50 96 46 2 25 65 40 77 72 32 56 15 91 76 26 47 20 72 10 98 28 58 84 56 58 7 67 32 43 8 92 54 11 69 46 74 98 29 83 88 19 86 7 19 25 69 68 94 91 10 55 62 62 5 8 95 53 16 67 87 4 6 69 61 37 96 60 30 91 4 72 36
51 22 86 66 4 44 86 18 75 60 8 36 9 8 53 60 45 82 17 19 36 38 2 27 96 93 10 26 78 58 90 57 2 71 65 27 96 82 25 72 84 24 16 28 44 46 26 83 98 22 29 45 59 17 20 99 6 57 50 57 84 40 28 23 2 50 37 96 83 27 69 23 24 29 32
52 34 71 13 57 50 72 67 50 37 66 95 90 57 27 63 16 81 24 51 98 28 25 81 54 52 62 53 11 75 29 22 46 36 15 25 84 36 46 16 96 65 64 35 16 24 77 70 78 38 53 90 75 98 43 62 7 14 73 5 41 42 6 40 59 46 51 85 2 66 66 78 15 61 56
41 13 7 91 30 74 91 50 40 31 51 7 23 63 31 73 24 95 38 82 99 72 93 77 52 77 25 62 86 68 27 69 60 42 69 40 64 4 13 42 55 15 33 57 30 19 22 19 88 61 48 15 23 21 97 86 1 49 62 84 40 95 78 79 8 33 66 83 29 23 41 53 38 77 47
99 64 73 17 65 4 48 97 60 49 66 89 44 93 13 72 84 6 69 22 64 23 93 50 49 80 50 35 54 65 53 58 6 59 1 46 54 33 67 40 96 15 71 42 16 54 31 63 12 76 61 9 28 21 8 40 33 39 22 66 41 92 40 98 49 29 18 84 27 77 87 64 25 4 88
17 65 54 97 42 69 76 21 33 59 9 41 71 69 40 64 99 74 15 93 45 93 74 46 63 71 35 66 83 64 51 23 30 3 27 49 7 99 20 69 32 44 87 10 21 11 35 49 70 84 23 31 97 26 25 10 89 22 59 66 73 87 81 22 85 92 89 35 29 91 80 70 79 28 52
55 65 91 73 97 45 51 14 68 17 37 44 13 85 44 80 52 80 39 93 91 49 18 6 7 33 34 48 20 97 19 4 56 78 10 93 28 56 39 89 68 58 60 66 72 48 33 8 28 18 59 72 83 85 27 20 14 62 35 29 14 67 22 40 5 70 7 78 4 56 64 23 33 90 15
2 63 35 97 63 29 12 83 66 85 48 68 65 99 74 15 24 11 97 87 38 27 16 83 56 79 12 92 92 82 69 9 2 84 33 17 58 23 19 58 63 89 53 54 50 26 83 76 62 19 14 1 16 49 69 77 43 4 24 80 79 51 27 72 19 67 32 83 13 72 76 6 92 50 21
48 5 86 68 14 26 44 42 50 17 68 86 38 12 71 12 25 32 34 27 19 15 62 5 53 60 64 80 25 98 75 62 1 25 67 7 51 66 62 10 66 77 45 3 20 86 3 86 61 9 36 31 35 63 66 71 13 59 18 21 94 64 25 16 80 44 37 48 76 84 49 68 88 8 78
77 87 82 14 92 61 98 5 17 57 29 73 31 98 40 3 21 59 39 37 21 27 19 83 76 55 18 51 27 79 77 92 58 30 95 98 25 85 55 2 58 22 10 55 1 87 97 15 50 84 75 49 38 48 1 51 29 32 71 32 31 67 31 5 27 91 87 93 60 2 67 29 4 14 94
68 85 32 66 80 12 34 22 64 36 20 31 45 7 60 15 84 20 94 39 56 96 16 32 22 18 50 67 2 7 61 16 95 22 43 75 13 58 19 62 7 60 41 47 48 79 40 37 72 60 54 4 99 8 9 49 86 91 60 37 54 57 77 43 38 8 90 32 33 75 59 56 80 36 84
59 32 48 74 69 13 38 71 82 40 24 28 19 94 62 37 42 51 12 77 19 76 57 77 50 98 79 8 85 42 22 14 84 91 22 72 96 61 69 52 60 37 93 50 10 17 29 52 83 8 49 60 16 6 17 70 58 46 12 96 92 51 73 39 1 34 5 46 51 76 65 67 27 33 11
62 26 50 40 30 70 15 82 18 68 94 95 67 50 8 5 51 82 93 49 38 97 91 62 27 84 73 82 35 99 13 57 61 61 38 41 29 48 62 57 66 97 30 70 83 85 60 44 76 12 38 11 46 89 74 10 55 7 87 1 12 60 15 57 53 9 76 68 66 17 40 77 69 6 40
17 20 56 58 31 66 41 29 27 72 87 23 15 93 98 5 39 35 90 18 76 5 25 71 49 71 99 80 62 22 11 94 5 28 18 25 24 14 60 41 56 43 43 67 66 53 46 49 37 28 80 89 95 4 45 92 82 66 71 62 19 19 5 27 97 39 53 40 11 9 7 95 71 88 58
56 48 24 54 57 63 79 36 23 59 75 13 28 10 70 85 84 15 94 95 5 16 14 90 28 86 7 55 29 46 48 19 72 36 6 21 20 43 30 63 34 13 76 11 14 88 16 18 76 71 45 91 53 84 28 98 74 41 91 93 54 68 57 12 57 30 90 38 95 60 75 86 88 78 85
25 86 69 20 33 28 24 52 20 92 5 43 45 8 69 19 16 87 35 85 38 16 92 7 8 62 98 8 88 27 18 45 94 86 56 70 71 18 79 77 44 99 18 18 72 90 3 53 63 67 70 11 43 30 66 46 92 95 28 5 57 90 78 1 64 4 71 85 58 90 90 80 35 83 86
46 66 88 20 96 22 1 41 26 69 44 36 17 89 49 69 17 21 60 80 66 14 31 61 29 51 79 46 64 10 82 42 11 25 28 51 89 27 96 54 37 13 56 32 96 59 29 19 62 23 94 82 12 26 15 51 68 27 41 28 10 74 58 46 40 35 39 32 3 18 26 43 93 83 85
58 55 99 96 61 3 9 52 84 87 71 82 68 82 61 76 47 79 74 92 88 29 19 45 91 24 32 55 37 25 35 41 74 27 83 24 3 56 64 31 6 28 2 70 69 29 33 51 4 40 72 87 74 35 50 80 2 51 28 68 29 90 73 34 85 8 35 49 70 82 27 90 58 43 47
14 54 96 33 38 40 46 28 2 64 51 90 18 82 3 67 58 20 18 50 12 28 98 25 56 62 62 91 2 72 77 22 58 5 61 22 97 68 69 60 52 78 36 9 66 5 73 1 53 75 49 48 44 53 96 38 31 11 28 65 51 87 92 33 28 9 2 40 50 9 6 23 56 73 14
88 32 74 31 36 92 2 2 19 68 66 93 4 21 31 69 74 3 85 64 65 92 56 71 9 98 76 63 64 16 72 37 75 11 72 41 20 69 1 79 92 70 12 58 47 76 44 4 74 93 41 29 14 22 12 26 66 49 79 14 63 61 97 70 1 91 84 3 63 35 75 17 4 89 22
57 91 87 40 77 65 1 63 32 73 5 55 75 76 10 19 87 79 47 91 24 53 73 27 25 47 86 81 85 17 4 60 40 62 69 70 7 19 85 54 93 81 32 75 27 71 14 50 69 54 33 1 55 22 78 95 77 37 11 79 82 29 17 26 77 49 46 55 32 34 62 95 31 73 23
1 58 63 10 44 68 19 43 37 32 36 22 12 68 3 76 94 79 39 37 38 49 55 59 24 32 20 73 5 9 64 17 61 58 27 74 9 23 45 49 28 94 3 78 31 13 39 70 50 77 36 68 51 90 63 76 9 42 8 67 71 95 69 63 63 58 75 25 20 57 19 3 97 2 13
67 87 75 49 55 48 66 54 92 81 97 45 86 43 16 60 96 99 22 84 34 34 45 77 35 12 51 92 15 28 36 75 62 59 93 2 45 46 99 25 93 92 86 36 59 18 13 53 25 62 27 69 30 22 79 78 25 72 16 87 55 32 48 55 37 16 2 9 80 21 70 33 81 63 42
54 37 65 78 65 61 96 30 4 76 1 35 84 95 74 53 52 86 24 47 27 90 20 89 24 9 65 85 31 18 14 20 19 45 67 71 98 75 41 24 16 30 79 42 75 60 69 77 70 84 74 18 68 65 37 84 8 43 50 67 91 24 62 14 40 37 71 78 65 23 61 2 5 37 55
4 19 43 28 48 20 52 1 20 48 68 71 65 32 42 17 70 89 98 45 99 48 28 99 31 43 25 89 62 22 9 45 68 29 5 37 59 87 31 3 94 96 22 64 92 67 32 23 53 9 52 47 83 26 87 24 39 51 28 41 66 7 57 34 43 54 66 78 36 68 73 13 65 92 17
97 42 98 75 43 97 59 51 22 91 41 41 21 26 24 72 30 96 87 5 86 70 11 93 10 80 95 99 1 41 51 98 11 62 43 51 78 42 62 57 90 44 23 30 89 55 76 12 21 28 62 81 21 32 67 99 16 9 14 47 56 49 95 22 17 38 45 19 63 90 65 24 47 20 80
87 56 67 44 82 2 51 40 61 60 53 55 68 11 18 13 53 17 93 49 49 72 31 33 1 50 76 3 92 81 39 87 90 72 70 89 41 13 19 1 92 84 37 57 43 73 68 55 20 10 97 16 42 19 91 58 3 99 54 63 82 34 4 51 28 1 88 33 97 25 3 34 85 21 19
28 25 86 87 82 13 82 70 13 40 69 94 5 9 92 15 45 73 84 35 24 76 14 88 31 7 75 5 80 67 75 98 77 26 94 47 79 5 24 34 85 73 30 24 13 8 11 59 46 25 95 66 7 17 64 89 97 44 35 75 86 79 93 85 77 80 39 60 61 4 32 28 29 42 4
90 20 72 74 39 31 23 55 51 66 95 80 58 20 40 81 49 6 16 57 90 40 68 63 53 22 44 42 52 70 1 20 81 13 2 40 33 99 67 39 44 35 65 77 89 51 86 48 77 24 23 94 95 15 79 50 15 88 11 67 87 77 98 49 26 53 35 8 42 80 24 93 27 78 33
7 65 2 34 83 64 39 16 44 69 76 62 1 27 49 70 2 8 63 69 45 30 97 82 97 32 35 78 2 18 87 3 71 59 68 72 1 23 36 55 76 70 11 17 6 36 42 31 27 42 82 18 89 80 33 83 59 4 39 94 9 51 44 3 80 53 10 75 86 6 33 1 52 16 14
51 30 71 47 4 6 68 56 45 71 8 77 26 22 25 30 56 28 74 32 43 57 89 6 10 41 44 63 42 73 7 96 85 32 73 67 5 50 28 58 20 17 15 7 88 12 87 78 66 8 71 71 45 63 50 6 67 5 38 48 72 82 56 43 31 35 79 34 15 31 55 22 99 3 91
82 90 32 89 48 87 3 14 74 52 37 12 23 50 31 55 77 66 30 47 15 33 70 79 20 72 89 4 28 75 67 55 38 59 39 95 9 26 78 20 57 47 15 17 52 89 91 19 71 23 2 58 30 61 4 70 57 48 87 41 24 52 70 49 4 99 13 54 59 41 52 40 29 74 21
93 59 15 49 34 8 1 39 38 61 29 18 42 60 88 65 54 55 14 49 51 86 84 82 55 32 56 21 65 52 3 44 40 28 98 18 15 52 86 43 90 47 84 35 55 44 59 75 23 11 45 8 20 46 84 6 18 64 42 15 7 96 82 10 79 4 71 13 34 42 76 77 1 28 68
54 15 93 6 18 96 76 26 70 95 15 35 41 60 36 33 44 5 55 25 68 52 41 9 63 17 13 14 43 96 18 45 15 57 50 80 44 41 49 41 85 8 56 86 65 19 68 76 46 11 32 86 32 37 44 25 37 90 96 44 6 81 49 48 62 70 92 95 68 68 3 34 66 6 89
92 20 96 8 81 78 3 98 17 22 41 86 46 24 6 3 91 55 83 3 43 10 96 82 87 88 37 60 82 10 92 93 80 50 40 55 10 61 97 18 4 51 58 75 34 76 12 5 52 56 45 47 94 52 78 89 6 23 13 13 71 68 98 21 60 93 82 39 39 88 89 16 63 54 50
14 52 94 19 36 25 25 66 12 29 29 53 34 66 95 42 91 20 34 48 7 29 76 75 22 74 33 44 33 67 92 57 78 10 20 52 53 11 45 10 72 85 56 65 80 39 97 74 29 10 3 3 10 62 45 66 16 78 48 45 21 99 98 1 5 95 40 90 87 40 43 25 85 43 65
82 91 12 91 31 69 3 68 84 12 73 10 93 43 81 70 73 89 67 73 96 47 53 26 84 65 97 90 70 90 2 19 49 18 19 23 94 43 65 68 85 53 48 16 67 40 89 15 73 53 67 61 8 16 11 1 47 12 8 90 75 84 62 68 20 32 11 2 45 92 48 8 82 65 94
14 87 27 32 85 98 32 81 7 98 80 70 7 23 36 53 47 12 17 96 61 91 25 80 29 57 24 48 63 93 81 29 81 83 8 63 15 91 1 96 31 31 2 39 66 6 42 60 63 54 27 69 83 57 66 15 82 29 95 78 79 92 61 30 76 35 14 81 62 82 45 38 58 25 98
21 34 28 47 46 23 5 31 26 88 46 61 81 85 20 48 68 72 91 25 13 76 54 28 40 41 47 18 86 59 66 85 20 31 75 2 38 88 40 7 41 27 35 84 94 49 99 13 52 55 15 84 40 37 57 6 42 83 95 89 98 52 18 96 83 21 8 28 94 85 4 4 82 44 87
46 58 60 37 84 33 90 40 96 45 49 17 72 71 46 63 4 20 53 34 92 89 6 81 87 5 9 58 9 81 93 84 24 36 21 21 2 7 58 53 43 53 37 34 65 2 3 32 76 78 61 34 80 58 55 75 37 73 79 12 14 68 15 81 23 77 78 92 20 67 74 88 58 35 7
38 30 23 42 53 85 67 69 60 62 82 91 86 74 40 43 58 82 99 98 22 96 8 99 61 10 88 5 15 8 32 9 13 71 44 18 56 79 38 78 56 66 80 28 53 46 61 94 42 81 62 28 1 91 52 98 18 70 39 81 19 25 70 89 77 85 60 86 69 71 68 8 49 81 57
59 14 11 71 34 46 45 5 17 55 75 82 55 78 53 7 80 44 46 43 95 10 76 52 10 31 60 63 83 10 32 2 1 72 82 50 96 72 69 41 84 56 73 24 42 15 68 48 30 82 80 64 76 6 60 41 30 77 14 40 86 5 45 92 24 5 57 25 39 85 71 48 60 54 67
49 15 91 73 2 47 29 76 54 86 3 46 92 43 8 37 40 56 80 62 27 90 57 67 5 66 36 9 96 42 24 95 58 37 29 87 67 58 38 66 92 79 41 41 64 51 72 93 69 77 6 81 7 17 4 35 38 88 94 18 38 96 66 13 51 95 73 98 83 39 53 86 96 62 30
67 54 97 70 39 26 92 24 81 93 73 82 93 9 39 21 15 27 9 61 46 50 1 37 3 21 21 88 84 58 39 70 71 48 55 34 21 74 10 43 96 33 93 68 97 64 14 82 23 89 91 12 93 1 98 31 62 93 65 2 31 56 61 53 31 50 13 83 79 61 26 74 73 25 24
64 15 75 81 44 8 23 52 37 30 77 10 67 6 49 46 53 63 96 51 14 56 50 86 41 19 33 22 77 43 55 22 87 58 32 87 25 70 69 85 60 60 93 53 12 70 88 62 36 36 20 99 82 42 71 50 71 60 85 51 21 64 9 63 43 70 29 50 69 49 72 54 13 51 67
11 41 28 97 4 98 75 15 42 69 60 83 34 57 70 86 34 43 64 17 47 44 44 21 32 65 75 35 22 66 20 5 30 74 26 64 17 14 14 75 69 50 5 2 83 85 55 22 3 52 83 98 81 68 4 98 18 19 95 61 76 72 51 75 90 40 95 23 48 62 71 83 1 81 83
45 25 45 29 75 29 14 28 3 94 11 37 9 99 63 93 56 67 17 59 35 49 78 26 21 98 52 55 76 11 7 69 81 17 6 79 4 35 10 63 29 31 64 87 9 26 4 87 89 98 28 97 75 35 12 32 7 71 9 62 86 99 99 27 22 70 69 30 29 36 88 81 29 87 56
20 43 37 18 52 94 73 60 32 75 55 94 98 4 60 49 94 50 55 79 22 18 11 3 15 33 41 95 30 74 63 4 41 61 72 90 83 18 57 46 38 78 49 42 61 99 11 37 79 81 10 42 97 55 91 21 38 40 86 70 54 10 37 63 60 49 39 9 12 86 94 34 2 60 27
26 99 77 60 17 14 82 54 47 20 59 66 9 74 4 42 50 35 87 25 77 78 5 9 93 28 95 18 9 1 8 64 59 67 99 86 58 98 54 42 45 63 30 4 33 60 82 10 67 41 89 8 63 42 11 9 14 31 65 21 91 86 27 29 65 42 95 51 52 32 80 57 16 71 28
91 76 84 36 34 36 52 10 57 1 18 75 47 71 44 93 17 3 80 2 91 81 43 65 90 14 6 81 78 46 24 71 38 43 22 53 32 4 95 25 82 42 37 89 77 31 98 14 20 76 11 65 5 20 79 89 47 18 80 18 90 23 7 28 76 4 2 50 77 14 20 16 77 31 97
93 86 85 60 78 40 33 26 13 16 66 83 78 33 8 78 22 17 61 52 77 3 43 50 36 72 89 61 79 14 42 24 77 14 88 27 17 29 52 89 15 73 75 70 73 87 1 45 44 66 46 40 66 74 86 23 41 58 52 69 69 34 52 4 47 89 16 39 11 83 46 88 65 39 7
90 35 95 97 4 71 67 75 59 91 35 68 81 31 22 80 51 16 1 38 37 72 18 19 47 46 57 77 20 81 61 26 25 6 94 70 31 7 20 84 61 27 73 41 53 30 18 8 14 71 14 68 93 34 24 74 67 92 70 73 79 36 16 45 10 62 38 36 24 56 60 21 77 91 87
59 15 43 96 95 70 42 93 21 64 36 64 51 59 66 93 13 88 96 95 10 77 85 58 51 99 13 1 12 12 44 85 58 67 3 85 73 35 50 98 39 83 17 39 14 56 70 91 76 62 56 76 96 11 40 48 72 9 12 4 21 88 8 72 77 55 48 8 15 68 80 20 81 12 87
47 93 36 52 30 36 83 53 65 90 50 38 30 39 48 98 93 96 48 43 27 40 8 6 98 40 63 32 92 98 15 98 49 27 1 52 76 88 56 3 26 49 15 51 93 50 78 46 60 8 93 39 38 51 18 77 89 63 92 51 93 44 43 77 80 35 71 49 76 92 25 72 81 24 73
57 56 25 48 8 65 12 22 78 39 78 74 28 78 21 15 12 76 24 26 83 19 57 84 50 98 83 45 94 30 71 97 59 46 25 37 75 63 8 40 60 18 10 36 74 54 18 72 38 51 69 54 26 56 35 91 23 56 44 21 58 8 53 97 40 9 22 52 7 8 32 29 91 70 52
40 39 78 71 22 64 43 49 46 86 55 93 8 63 49 71 87 51 89 5 17 64 2 18 39 96 29 28 23 66 37 78 97 60 1 14 52 89 77 10 89 29 22 20 3 24 19 45 87 69 2 75 65 8 32 53 11 1 77 50 90 85 55 90 19 2 95 71 91 61 40 87 74 57 79
69 31 35 22 12 10 9 64 25 45 16 84 24 14 29 89 99 48 7 52 71 64 41 90 35 18 30 12 40 8 23 1 1 2 85 52 24 30 14 87 75 99 22 47 71 33 77 71 65 3 25 73 43 37 15 41 93 83 82 5 3 41 57 85 6 70 63 17 5 41 75 67 60 2 52
95 91 34 31 88 65 3 62 56 76 85 32 44 83 88 7 83 74 19 15 82 26 65 2 90 67 22 49 10 88 70 14 6 5 42 71 24 58 73 28 49 50 44 94 88 11 95 31 69 45 50 28 12 80 63 63 16 13 93 16 17 77 25 18 87 60 95 31 10 84 69 53 88 24 18
59 33 34 71 41 1 37 38 6 20 89 87 52 77 90 43 85 60 64 18 14 20 24 92 20 75 59 12 70 46 23 2 83 11 26 37 23 20 38 91 92 81 84 84 24 71 94 64 47 42 56 44 99 96 24 35 12 27 58 12 70 34 79 34 71 37 21 70 15 94 34 70 11 48 6
32 19 80 87 59 27 76 8 47 53 98 90 3 45 65 95 46 7 48 88 73 42 83 39 90 52 82 71 99 88 83 44 84 38 42 16 87 18 52 96 72 15 6 60 14 91 41 74 56 58 56 1 58 46 54 94 30 40 96 24 52 91 39 13 80 51 9 43 50 60 13 37 50 64 22
20 8 36 65 10 96 19 1 49 85 69 66 35 2 49 24 46 21 63 65 68 38 57 18 91 33 70 38 69 17 66 19 27 46 8 63 81 7 47 25 53 6 66 43 56 72 38 43 62 46 11 15 30 74 53 46 59 25 94 28 7 71 45 71 68 77 44 62 29 52 94 96 90 40 23
23 53 80 32 91 55 79 50 83 62 22 96 38 65 32 45 71 55 2 25 67 90 46 35 52 7 71 32 49 28 87 46 69 57 47 66 57 3 45 23 84 49 12 13 67 9 37 1 33 46 8 10 93 41 3 7 26 26 68 45 89 79 46 45 83 13 69 24 14 94 8 98 20 53 23
43 49 95 26 27 26 48 61 32 27 92 90 91 75 99 59 1 19 83 58 58 97 41 8 58 61 36 61 77 79 74 95 85 95 63 96 17 9 59 93 56 75 86 8 54 55 2 5 37 15 24 15 11 38 36 97 5 6 16 70 68 99 75 13 39 8 72 18 3 90 98 15 55 3 62
62 43 73 77 7 54 83 43 29 1 82 88 79 50 59 61 97 9 86 10 98 12 46 95 10 96 21 94 18 36 22 36 95 23 81 94 29 15 66 41 6 16 46 22 60 33 10 74 51 80 13 3 66 96 49 25 75 2 95 11 17 2 43 98 27 80 93 56 1 42 44 25 19 82 44
93 7 89 16 73 81 87 76 8 43 19 33 34 92 96 42 80 98 42 67 47 77 51 34 72 80 50 23 69 36 37 51 88 36 73 35 76 81 61 58 74 86 17 58 50 39 48 84 5 75 83 43 61 44 32 71 19 59 2 47 35 43 76 93 25 37 65 2 84 42 16 48 67 71 56
67 66 43 73 6 62 18 90 53 84 32 35 73 43 93 95 34 79 13 67 83 35 76 39 96 1 35 61 52 36 63 69 11 33 32 41 56 93 62 52 99 24 38 41 76 92 35 36 66 89 11 54 90 62 86 2 88 33 33 47 49 65 73 70 2 11 48 50 40 74 2 39 82 46 97
17 7 76 80 26 11 1 50 99 86 78 28 90 60 66 74 55 34 35 2 58 40 38 1 36 20 25 42 5 3 96 53 29 68 8 93 68 54 69 57 69 21 80 20 24 39 66 34 6 60 81 85 71 46 89 46 7 6 17 29 36 34 9 31 15 29 16 5 96 11 77 7 70 10 50
94 34 64 55 48 99 53 52 86 75 23 26 77 58 59 22 71 58 67 87 94 54 45 39 1 96 63 73 85 42 87 55 22 76 41 98 69 74 99 96 58 99 74 39 69 63 73 5 16 80 54 49 48 44 95 35 50 9 83 70 35 61 46 57 5 62 49 65 20 80 32 1 27 70 20
65 99 74 25 74 61 8 77 88 86 25 62 59 41 58 32 95 40 85 91 75 7 94 77 78 86 8 67 21 61 48 84 55 35 55 31 67 42 29 72 35 32 47 16 30 75 1 70 44 70 51 9 18 96 30 86 96 66 7 99 5 6 54 42 11 82 84 41 30 72 30 52 66 12 21
12 82 60 83 63 13 39 20 75 20 10 45 19 47 17 71 15 55 70 36 57 83 9 82 39 76 86 61 29 46 56 52 41 92 67 78 91 41 37 75 90 46 62 50 45 44 18 61 90 49 41 57 96 67 35 98 7 93 90 8 42 55 65 94 6 5 49 70 30 14 20 10 30 3 30
16 14 50 31 26 10 65 86 63 26 76 13 61 9 20 44 5 76 10 56 86 29 84 73 44 86 28 9 57 19 57 36 90 47 48 45 35 54 80 15 14 32 39 15 11 28 19 23 88 39 94 18 94 56 54 30 11 95 14 41 68 85 81 68 69 52 11 92 53 64 72 69 52 93 78
99 90 66 53 4 57 22 89 20 90 84 20 44 38 15 86 57 38 20 20 46 94 84 25 80 99 70 12 2 99 99 18 39 86 87 56 9 40 29 85 28 63 49 3 3 90 51 74 73 46 83 45 65 77 16 93 38 28 55 27 23 68 30 38 19 89 96 95 5 22 18 5 33 67 5
70 64 88 4 14 96 41 38 90 51 7 71 53 3 79 8 29 51 95 57 43 44 47 36 38 9 88 81 46 62 18 37 61 18 38 91 24 66 70 9 8 70 53 89 89 15 99 26 27 82 67 48 28 51 65 66 52 43 12 20 57 27 52 2 88 42 34 30 21 35 19 89 49 75 80
21 47 32 25 89 42 41 63 62 81 56 94 76 8 79 62 47 3 53 54 66 1 6 33 93 23 67 41 63 73 52 74 94 2 92 13 39 51 80 24 20 64 88 99 40 69 34 88 80 96 47 46 94 48 88 92 64 11 54 78 67 13 6 22 77 86 51 13 34 39 78 4 31 34 34
65 59 72 28 30 15 11 66 91 70 72 26 63 85 90 58 57 62 72 30 81 15 47 54 65 22 95 45 21 60 95 31 16 74 44 35 82 21 40 74 60 20 82 84 13 59 33 1 97 56 28 7 81 47 9 38 42 92 66 83 79 44 93 78 66 72 72 68 42 8 69 3 58 1 8
5 7 45 39 13 20 81 15 51 21 44 45 87 16 22 32 67 33 54 26 2 27 45 19 75 30 22 69 32 58 8 78 99 29 73 66 42 49 16 88 62 6 3 78 97 41 65 28 79 94 7 58 40 66 66 77 82 96 15 12 27 9 16 77 52 65 14 76 51 57 59 6 74 66 81
78 17 64 8 29 46 66 25 67 55 34 83 30 51 85 33 82 78 76 42 12 94 12 76 2 76 91 62 66 28 12 85 47 49 66 66 54 51 81 65 65 92 42 95 38 10 75 11 41 96 30 99 87 28 54 49 44 37 99 73 8 99 72 62 82 67 6 9 76 60 19 24 17 24 38
34 21 32 60 61 74 53 90 16 32 74 88 49 44 12 84 23 50 2 82 96 20 56 6 89 64 25 16 42 40 36 5 86 2 29 38 10 10 29 83 84 17 74 38 55 47 75 17 55 98 44 12 25 47 65 86 40 96 87 74 39 7 79 33 86 50 56 89 69 43 18 90 46 8 77
34 85 29 60 95 67 70 28 33 69 65 70 30 93 20 27 8 34 96 80 92 55 30 64 32 22 82 23 24 97 12 46 20 62 23 15 4 64 41 22 3 79 91 19 14 88 64 3 40 29 89 86 60 48 37 70 7 44 74 41 18 84 59 56 36 97 43 23 90 48 51 40 13 45 75
27 37 65 47 43 54 26 65 28 37 80 33 7 56 67 99 95 33 12 96 51 63 79 64 35 65 52 71 23 60 71 38 52 34 33 20 31 74 2 44 78 94 81 41 18 43 55 60 37 70 27 64 70 20 59 99 33 6 71 52 73 40 20 83 96 85 42 58 50 9 96 51 44 62 74
74 49 1 73 1 14 73 44 79 13 69 37 37 74 50 9 53 12 68 38 3 11 66 37 58 58 43 52 93 31 28 49 35 91 56 41 40 15 47 70 55 13 99 37 96 19 29 38 18 57 61 70 23 69 64 86 83 96 31 65 37 53 46 98 77 69 13 12 64 36 14 64 5 21 55
53 76 14 71 84 75 67 22 11 24 34 72 98 17 73 33 43 36 41 54 37 45 46 26 25 80 71 55 37 22 22 28 9 83 81 40 85 96 72 70 67 61 25 66 13 53 88 25 10 63 81 9 88 97 34 20 80 44 45 30 90 62 15 40 5 39 17 61 37 36 50 42 17 13 54
57 90 42 77 83 36 84 35 57 89 46 45 49 79 25 78 48 22 24 56 24 24 80 28 79 82 19 14 24 66 85 42 17 91 80 70 11 30 27 78 44 43 42 76 84 97 11 85 73 82 34 34 75 4 57 40 71 55 13 16 11 43 8 94 67 55 46 23 20 61 96 94 84 14 12
78 94 18 78 30 1 28 36 40 1 24 96 34 24 61 27 81 85 17 12 45 24 47 83 87 87 62 26 55 80 74 1 5 11 67 95 94 55 53 78 65 43 68 16 61 8 92 18 85 65 19 24 48 73 65 6 98 80 96 36 39 97 93 58 84 97 83 54 97 31 64 29 80 62 7
99 77 61 66 71 54 47 71 18 54 20 64 34 59 94 23 48 91 43 75 51 66 16 11 96 48 72 24 70 89 37 55 44 3 12 83 28 14 51 52 80 85 92 20 55 52 24 85 56 81 30 12 52 99 74 63 20 85 18 10 73 64 68 45 3 81 67 61 31 49 5 61 49 59 25
94 91 13 65 88 34 31 84 26 68 93 34 55 57 55 49 56 50 43 31 67 76 18 42 53 61 89 85 75 22 56 22 20 88 29 25 38 1 84 99 45 84 59 64 41 58 25 7 86 64 6 89 21 67 32 78 95 94 86 41 55 49 38 12 58 6 73 10 48 23 25 48 50 56 69
10 77 43 2 78 11 77 27 81 52 37 32 44 84 33 30 99 48 55 60 31 68 39 89 91 98 13 24 38 29 69 52 91 14 43 95 85 67 72 61 66 55 68 10 8 55 14 63 33 89 6 5 8 39 25 21 72 30 79 34 65 15 19 75 94 45 91 23 22 96 4 40 34 4 23
21 48 34 22 4 33 12 58 7 50 81 89 68 53 35 85 58 54 70 54 38 71 69 12 86 97 41 45 20 54 79 58 36 10 29 45 62 53 81 94 56 99 70 95 6 86 62 51 39 6 72 12 32 55 81 14 86 10 42 79 72 40 43 79 72 52 6 73 32 31 46 13 59 49 2
5 13 67 73 62 2 37 80 11 1 22 15 22 34 3 3 87 4 22 43 75 32 1 46 56 61 83 48 21 51 12 84 39 93 45 91 40 67 56 12 48 17 13 21 82 94 46 94 60 97 97 70 76 87 55 83 44 1 56 59 19 38 16 79 17 67 82 52 76 10 8 5 98 52 89
92 41 17 9 40 41 24 92 49 47 53 35 69 94 98 78 22 41 99 61 49 84 75 94 79 53 4 50 86 29 38 50 91 13 45 45 67 78 89 24 45 40 36 7 99 1 62 63 84 25 91 25 81 17 91 24 84 62 97 36 54 13 81 51 20 77 36 21 72 51 70 42 71 42 67
57 45 87 42 91 64 17 93 93 22 73 46 64 67 85 59 92 33 53 32 84 22 47 58 31 31 44 48 84 99 56 14 86 91 80 88 55 40 66 4 71 17 64 67 66 88 91 90 21 90 81 72 84 17 23 96 88 97 4 13 90 56 12 83 56 20 39 71 85 27 42 37 96 58 65
78 99 98 47 88 21 56 51 41 74 60 8 32 31 67 82 36 67 47 32 5 26 60 28 14 51 18 92 79 23 35 30 95 78 80 62 63 30 44 61 44 70 31 81 55 63 8 11 86 77 31 48 56 62 72 32 14 29 61 25 91 76 83 48 19 14 62 14 58 99 90 37 42 1 32
78 4 77 41 96 24 12 51 2 90 17 60 14 31 5 28 63 90 2 78 14 92 62 66 12 67 65 34 19 12 67 61 1 2 11 92 43 24 27 64 7 51 86 73 55 81 7 74 30 63 17 30 18 63 74 62 81 54 52 9 54 46 27 59 72 80 77 82 33 99 49 63 27 53 87
46 91 42 98 54 8 78 85 2 87 18 13 62 51 91 11 72 24 8 35 93 48 66 83 24 44 11 45 52 25 3 10 16 67 83 89 29 61 4 92 63 89 9 8 1 91 51 72 99 3 93 69 25 44 63 61 56 61 71 36 24 32 91 46 99 85 24 88 27 98 50 29 71 89 26
54 75 95 23 56 80 45 54 39 83 27 2 14 19 16 48 48 37 49 22 50 93 1 5 20 69 33 99 72 66 36 67 74 20 55 66 39 98 80 76 35 97 56 25 70 52 80 68 80 23 60 55 56 71 58 71 34 92 35 74 13 74 49 76 70 31 86 28 9 71 74 61 89 94 84
4 22 5 20 66 4 52 91 85 44 22 2 62 30 95 13 93 83 18 36 19 30 69 54 19 55 16 5 42 53 67 10 89 17 38 95 87 92 71 40 46 42 94 55 9 46 57 49 19 31 41 65 82 22 69 11 73 46 19 41 86 16 51 13 8 26 79 48 7 10 78 27 57 81 88
17 97 49 59 1 26 27 61 27 75 39 49 24 62 78 49 94 5 24 32 58 99 81 64 42 16 23 95 9 66 63 8 71 40 3 43 67 26 4 95 62 10 59 35 68 78 53 14 99 39 36 35 18 20 38 78 13 3 48 13 99 30 39 86 20 75 72 21 96 82 19 57 1 62 66
75 9 56 5 19 68 11 69 18 66 4 42 81 67 25 86 98 28 51 12 16 13 13 39 42 26 82 72 50 51 95 61 41 8 98 96 36 24 41 61 43 76 86 38 71 65 49 21 65 62 10 81 87 22 89 67 22 60 72 6 44 43 50 67 24 8 24 63 97 15 55 18 46 32 43
24 52 39 43 45 21 19 14 77 11 30 18 78 77 74 3 93 78 45 87 98 44 56 41 93 28 49 29 1 13 16 49 19 21 16 99 83 39 58 54 26 12 30 44 84 4 86 46 92 9 5 21 90 82 38 12 78 17 55 96 80 13 19 5 69 77 56 28 77 94 69 66 31 47 70
13 80 74 49 22 64 39 50 7 85 55 33 50 55 8 72 61 95 49 79 2 65 82 67 89 43 34 5 29 62 82 18 82 34 51 73 76 33 70 45 48 74 63 56 84 18 15 97 93 74 50 10 8 54 67 31 26 99 17 10 19 68 68 42 5 37 6 46 40 14 67 87 8 23 49
99 33 91 59 37 41 19 97 79 75 70 57 5 45 83 80 42 39 33 1 51 1 70 71 62 67 78 37 55 39 85 86 75 74 93 17 65 34 44 81 8 33 40 4 46 97 73 23 44 43 16 45 85 21 45 24 38 87 72 74 12 16 78 46 82 39 61 72 10 53 4 4 74 56 55
83 10 20 26 71 72 47 17 37 13 78 24 58 19 61 47 15 66 36 4 54 41 50 5 45 82 79 48 20 5 29 83 94 81 85 40 32 16 93 81 81 20 80 84 82 50 74 33 35 92 8 97 91 38 34 95 82 64 60 89 58 32 74 50 45 8 23 97 35 21 58 72 37 36 15
55 75 18 19 67 55 72 75 14 64 49 82 85 36 19 65 13 57 95 67 62 79 54 48 84 81 24 3 77 60 87 74 61 9 66 12 23 39 75 23 63 67 82 39 3 38 49 43 56 72 48 42 90 43 16 30 72 43 30 60 95 41 11 10 4 17 1 16 84 69 41 19 13 67 87
15 14 1 55 61 38 9 49 74 31 14 30 61 55 12 58 36 52 89 88 60 52 61 26 61 62 4 37 64 1 8 92 83 75 93 78 18 16 57 54 4 70 31 48 99 29 57 56 97 75 42 82 3 98 78 76 32 54 25 42 67 37 30 95 5 9 78 70 38 7 21 84 2 75 38
14 2 91 39 64 26 39 96 40 95 49 4 38 51 26 12 79 62 32 82 67 42 62 5 66 65 39 26 29 8 62 63 5 45 7 76 15 39 9 80 64 99 60 25 52 18 63 87 23 33 18 84 60 3 18 42 69 86 46 49 19 26 48 11 70 78 58 16 86 64 22 59 64 89 40
22 67 13 48 87 36 59 57 83 45 74 46 50 27 8 6 86 37 73 95 67 18 62 36 37 55 36 36 24 56 51 21 96 19 17 41 1 21 36 38 23 65 6 14 83 76 32 99 13 26 68 57 30 71 20 92 40 62 95 28 56 23 48 38 17 42 33 23 6 27 65 74 14 40 64
48 1 17 53 75 37 99 38 37 18 97 57 72 31 42 56 28 34 77 84 16 70 34 27 66 64 22 35 94 3 29 67 60 57 22 64 90 7 60 59 97 19 43 17 67 42 32 86 41 38 39 96 3 42 2 77 49 50 75 50 59 20 4 55 41 51 89 4 79 3 19 31 25 67 24
51 12 63 62 26 8 26 56 35 26 64 62 34 38 63 13 72 6 97 27 87 12 84 29 89 1 76 85 14 61 12 87 45 20 58 9 7 6 96 24 96 39 21 59 20 88 85 15 12 73 80 8 76 21 6 65 53 34 19 95 62 45 48 34 4 57 74 34 85 96 41 26 47 90 23
65 4 17 55 97 4 4 13 96 85 3 41 19 86 73 44 43 54 51 72 1 62 35 98 72 70 58 89 50 81 5 48 42 32 16 46 61 81 36 65 30 30 92 6 93 31 2 8 27 88 89 47 54 82 8 35 52 53 72 90 95 68 26 57 37 90 30 7 64 37 74 34 41 1 72
74 99 13 21 41 12 99 69 44 30 9 93 57 79 64 44 58 39 1 10 32 46 82 78 9 73 70 88 37 77 97 47 53 70 38 91 92 46 12 1 98 25 57 78 17 52 57 12 64 62 13 66 76 29 28 6 23 99 77 81 15 28 49 14 57 70 25 98 56 2 29 38 60 14 21
7 25 17 93 32 67 47 57 22 81 21 21 10 91 26 68 44 83 3 49 18 89 89 73 91 11 71 53 3 7 34 55 72 15 6 87 21 84 52 26 57 55 72 23 62 95 34 18 63 97 7 82 98 37 80 33 14 43 28 69 38 21 38 11 62 47 78 38 72 32 60 71 62 79 56
76 72 31 96 75 44 48 2 75 85 46 6 38 30 76 7 16 25 90 46 39 62 91 14 58 65 54 89 38 17 65 16 83 35 70 4 65 89 88 55 17 62 31 48 6 12 35 62 28 78 69 99 42 50 37 64 38 20 57 75 10 48 99 43 79 35 85 14 44 69 37 80 72 39 36
60 5 53 57 45 65 9 75 15 75 36 29 71 65 57 10 99 13 35 21 17 72 42 88 78 77 41 10 6 17 79 37 65 80 59 18 38 46 40 60 29 59 42 64 42 82 60 32 74 24 26 93 47 21 12 87 28 52 36 70 42 32 57 33 38 94 2 29 47 31 10 60 76 76 28
49 95 72 57 79 9 74 45 79 40 55 98 32 9 23 80 38 14 3 18 61 12 53 9 34 18 86 86 1 6 80 5 63 33 55 66 56 99 38 18 76 91 24 30 46 62 60 62 81 58 35 44 42 79 1 12 31 84 77 9 21 31 56 66 57 11 37 36 79 86 22 37 20 39 62
45 39 95 74 72 99 83 86 58 29 37 10 52 39 69 43 16 68 49 92 52 90 49 19 62 94 40 87 10 35 30 45 21 46 26 64 42 36 90 27 95 42 78 64 79 94 67 94 14 16 71 42 95 62 6 67 43 48 98 11 55 14 49 97 27 75 21 29 89 54 41 72 59 21 37
17 27 97 60 68 44 68 11 90 86 84 80 20 81 41 1 56 39 79 36 86 93 28 4 18 91 39 66 65 1 33 85 44 55 1 84 70 78 42 30 24 99 44 87 33 16 57 48 50 76 82 14 12 57 13 84 68 81 49 24 78 10 20 43 13 36 34 81 11 28 45 82 96 24 49
91 81 34 67 86 30 40 69 89 13 1 66 9 6 42 24 34 35 99 27 24 74 14 65 87 9 1 35 95 59 36 33 8 4 78 67 5 92 82 9 76 8 14 59 37 96 66 65 50 66 95 76 34 61 31 44 4 60 33 14 8 54 36 5 66 78 74 52 26 78 80 93 63 42 47
19 69 30 53 33 69 28 39 32 99 63 61 66 52 95 88 32 82 97 63 90 34 28 82 67 47 21 54 89 34 13 22 39 18 15 23 91 99 91 6 61 33 72 93 90 94 52 51 89 57 83 6 13 17 94 7 7 70 27 47 77 17 33 17 58 98 75 75 59 48 9 62 98 9 98
75 90 55 8 37 56 86 31 40 22 86 15 23 76 3 24 28 62 91 3 39 85 71 3 13 24 70 95 2 90 1 52 26 54 27 93 68 41 38 21 63 85 36 97 27 38 50 42 63 36 34 62 47 48 82 4 23 89 80 18 86 85 86 47 30 84 38 32 91 7 20 36 74 88 4
36 67 46 35 69 82 13 60 54 92 22 27 51 49 84 88 52 47 66 8 87 9 80 3 37 24 81 51 47 5 27 89 40 77 69 53 95 39 29 88 52 42 55 53 11 21 92 24 1 13 15 38 60 10 30 25 37 17 68 78 99 78 85 64 45 52 48 34 45 17 38 90 61 20 43
57 82 84 1 57 43 59 75 4 96 64 43 48 94 83 90 93 59 79 7 7 43 4 23 59 50 66 7 46 40 28 69 70 49 64 65 60 53 77 87 81 22 30 51 44 11 31 69 76 9 85 99 18 18 63 34 75 10 67 30 62 74 38 61 13 91 7 3 95 99 46 81 87 48 82
9 46 87 26 65 77 6 3 68 79 12 45 31 67 77 90 77 15 74 85 7 37 89 63 34 46 28 89 55 53 64 28 81 41 78 65 81 60 92 31 81 75 87 38 48 78 3 10 73 42 52 14 61 80 64 16 75 30 11 21 1 52 66 60 28 65 90 25 49 95 62 14 89 22 42
21 1 77 68 31 31 49 22 2 48 31 74 7 91 29 72 43 35 14 26 85 55 20 93 27 82 31 13 16 75 41 99 3 61 49 89 61 71 86 6 41 92 18 15 34 21 66 75 44 62 51 88 86 13 75 62 66 6 22 8 36 4 28 94 35 97 76 68 43 16 37 26 95 55 22
26 64 74 39 78 48 69 34 66 57 72 79 32 96 61 17 31 17 6 21 47 57 86 50 62 85 39 66 47 73 95 69 68 39 19 78 76 17 54 69 75 39 90 77 37 8 1 24 31 24 26 10 16 96 44 30 90 77 26 98 21 37 47 63 68 20 68 58 22 89 21 72 20 34 62
36 6 48 58 56 48 16 30 38 66 65 84 79 42 64 94 38 34 92 89 8 49 85 91 65 40 95 82 56 84 67 74 48 89 82 8 5 17 52 79 92 26 31 52 27 87 68 48 60 71 62 85 9 61 13 72 55 21 91 99 78 22 60 5 82 27 60 57 36 62 71 12 4 16 42
75 98 58 42 23 36 20 94 46 79 34 97 15 22 24 91 70 87 52 82 8 59 50 50 68 29 25 65 1 64 29 79 17 54 52 69 81 31 70 24 52 75 27 59 22 4 11 77 69 72 97 8 15 10 80 17 25 13 12 26 14 41 71 86 83 4 97 19 66 36 2 88 51 38 88
18 95 1 82 79 49 56 10 87 84 77 85 64 2 29 2 99 51 80 98 88 16 70 95 79 66 13 8 98 53 56 34 65 5 27 15 3 97 92 52 76 91 96 21 71 4 49 75 96 73 94 69 11 48 49 61 97 90 6 31 29 57 81 79 57 76 46 97 3 86 26 22 85 21 29
72 9 90 72 37 97 60 21 3 93 36 74 64 34 74 33 49 22 80 95 60 61 47 14 25 56 61 81 86 19 4 55 57 28 61 90 28 46 41 12 46 78 61 41 18 1 20 88 47 40 30 30 8 99 14 84 58 9 39 77 98 63 98 2 22 49 31 68 32 56 48 59 32 81 38
19 85 69 82 22 54 22 98 58 91 83 74 73 65 59 37 37 9 69 47 52 6 72 60 98 11 22 86 60 43 74 33 20 48 98 25 10 36 18 33 42 21 78 96 71 54 8 94 22 50 45 66 53 92 47 35 34 70 5 69 59 97 47 2 43 64 8 12 16 81 83 71 17 99 58
63 34 22 84 19 75 22 11 69 26 24 77 98 66 88 31 78 52 50 1 78 81 97 76 91 26 28 77 38 17 38 28 8 72 89 27 18 42 24 70 74 69 97 69 87 43 59 59 46 13 29 33 69 75 36 66 97 60 43 13 64 54 94 29 12 33 17 48 10 51 24 7 22 93 5
44 1 52 1 73 26 27 92 54 48 32 86 38 20 95 48 6 98 42 36 72 24 60 44 2 9 51 7 22 45 77 26 35 31 97 48 55 89 78 49 98 9 89 90 55 39 23 66 90 55 29 18 60 95 92 33 56 15 95 79 4 44 22 18 8 33 12 33 61 80 11 18 19 77 15
32 38 10 22 5 27 98 29 23 37 89 78 78 48 99 21 39 79 6 55 91 15 29 24 39 7 65 60 37 80 79 15 90 88 4 29 52 2 93 61 2 55 5 13 37 83 61 94 60 56 47 15 11 93 62 64 73 53 94 10 88 11 56 47 33 29 50 4 51 43 95 89 27 25 85
45 47 7 9 79 26 47 54 76 7 39 12 35 37 25 26 31 51 68 41 43 25 52 4 98 48 83 43 95 36 14 54 50 1 60 52 39 31 90 81 43 58 67 7 78 35 36 49 21 85 10 50 1 30 30 10 35 3 67 69 47 2 25 36 7 18 27 24 8 71 1 30 99 57 94
86 42 27 66 10 18 89 66 75 10 85 21 17 14 16 17 21 30 6 90 44 41 43 63 70 2 73 2 33 75 16 89 53 67 58 71 10 20 77 31 96 85 76 33 76 6 11 11 85 92 82 98 73 28 26 23 78 46 80 46 34 60 31 23 40 84 85 25 50 51 79 23 59 68 5
93 7 83 26 45 42 86 81 64 66 70 26 77 43 12 97 58 49 67 16 70 37 73 70 19 64 96 49 44 90 6 41 13 32 9 76 80 56 19 56 37 81 32 9 73 88 79 59 67 1 82 63 21 30 54 81 92 20 62 13 70 81 6 95 56 19 29 46 11 70 39 24 97 29 80
76 91 29 73 1 14 63 98 37 77 37 23 48 2 52 2 85 77 52 27 4 9 55 88 91 8 68 17 44 20 76 50 52 75 79 61 22 51 68 59 76 27 54 70 7 59 43 81 15 70 38 96 34 25 27 30 93 68 28 74 19 88 46 81 99 64 71 32 84 97 30 2 5 45 38
87 7 50 85 2 56 84 18 18 39 96 13 87 95 9 44 5 1 88 1 42 3 38 46 70 48 35 63 84 95 33 62 55 22 3 59 3 82 71 60 86 98 74 7 47 92 11 58 55 96 77 12 46 36 91 56 22 55 72 65 51 8 46 16 97 22 2 35 87 20 1 55 22 89 34
83 75 26 39 31 63 46 92 57 68 41 77 86 33 2 14 78 79 14 27 71 11 85 99 77 23 42 93 84 49 21 48 90 94 90 1 43 94 82 21 11 77 9 93 10 57 17 25 81 54 54 61 19 73 10 10 76 63 65 93 25 76 30 47 91 38 84 96 15 85 37 16 69 55 84
88 98 97 91 2 33 32 55 62 77 61 24 13 41 49 73 39 91 83 75 35 56 53 24 33 56 68 92 25 3 59 55 84 33 18 77 56 4 1 56 62 28 32 87 93 82 59 59 45 10 53 97 62 2 5 42 74 80 28 27 9 99 11 35 88 94 87 48 77 17 26 10 31 23 40
52 97 14 61 80 18 4 24 99 53 87 20 17 93 30 93 78 97 15 60 51 95 20 80 35 98 19 5 5 88 75 56 21 97 71 7 66 45 17 42 81 19 50 69 32 71 46 60 40 96 75 28 21 17 71 20 99 34 8 95 52 12 27 46 60 18 74 7 92 47 65 48 53 51 21
25 38 87 72 31 11 45 81 2 27 11 5 24 35 19 80 20 32 94 8 23 1 60 87 15 16 99 74 46 22 59 51 57 96 62 94 26 23 46 48 35 22 78 91 19 85 12 97 58 39 72 77 72 55 31 41 18 39 75 60 98 68 80 62 29 56 21 85 69 71 14 7 56 32 18
77 13 9 36 12 93 83 60 45 16 94 37 60 16 66 11 55 5 47 32 71 89 92 85 29 37 56 40 31 71 85 70 24 78 52 78 86 2 23 57 63 71 50 52 9 21 50 66 96 5 21 78 80 40 2 77 18 12 59 90 76 65 81 32 54 3 39 73 25 25 23 94 67 20 86
75 70 10 46 38 27 22 48 27 88 33 96 2 2 10 95 91 50 98 7 63 60 20 62 11 47 90 91 18 83 69 1 61 66 49 77 98 9 2 33 67 95 92 98 96 87 27 86 87 51 78 38 60 7 73 71 64 90 31 37 25 79 15 71 17 95 66 54 54 91 81 94 81 56 35
79 30 30 83 7 3 60 48 2 41 55 47 70 34 8 36 8 60 8 7 80 31 91 19 16 97 35 88 85 34 4 40 23 59 56 89 22 66 27 90 33 94 5 19 40 96 6 83 57 95 83 71 57 67 5 38 96 12 18 67 24 48 26 67 40 90 27 78 90 81 83 57 33 3 97
23 12 49 94 1 4 11 27 15 96 77 67 48 44 97 87 22 37 66 75 74 61 93 95 31 9 73 46 50 48 41 81 91 64 75 44 27 55 8 88 68 3 60 8 47 32 16 5 36 92 57 84 27 60 25 99 35 98 38 82 54 95 73 32 34 82 69 42 73 71 21 87 18 59 31
74 62 84 56 13 49 78 62 12 10 19 71 80 79 27 91 49 31 33 99 28 67 46 40 84 38 9 78 18 98 85 41 60 98 46 43 39 57 35 41 55 40 89 29 30 7 37 11 42 37 27 4 4 55 35 95 17 47 79 30 96 82 62 58 42 47 17 41 73 43 87 4 49 72 94
67 31 45 86 61 94 9 14 18 59 65 5 65 67 87 98 19 99 38 58 78 46 24 52 87 59 63 89 98 31 16 53 17 86 90 39 68 70 19 92 6 93 81 90 63 8 58 36 90 75 26 62 21 11 17 86 57 46 89 44 48 18 98 18 36 1 70 78 71 16 54 62 20 36 59
15 40 99 45 14 80 4 45 38 7 37 91 68 82 53 25 82 36 98 17 33 55 37 34 89 36 42 58 54 57 89 48 47 41 52 64 18 72 3 33 83 5 75 75 58 53 27 67 15 51 10 92 94 59 78 49 77 3 13 64 12 29 35 62 81 28 5 57 23 35 84 64 12 33 68
37 34 35 96 29 87 75 8 45 28 37 83 9 67 55 81 63 96 35 90 69 84 94 31 10 58 76 78 99 73 26 29 1 84 14 75 71 20 86 53 48 10 47 92 88 23 99 91 42 90 30 10 46 4 24 19 21 53 54 29 96 43 19 67 25 38 82 25 42 90 56 70 95 62 23
10 13 10 12 91 55 51 48 86 61 30 70 5 24 71 24 13 80 71 1 87 93 70 7 22 27 3 47 75 46 70 51 62 66 10 81 82 36 63 88 5 22 89 55 68 19 98 23 20 57 51 49 34 88 94 31 88 86 70 32 19 15 52 15 13 14 16 22 30 30 7 40 16 71 65
51 8 14 49 7 58 28 24 75 86 41 10 80 52 17 58 49 30 19 20 70 53 2 7 11 62 66 94 95 71 41 14 75 56 76 29 28 24 4 34 76 51 10 62 32 42 13 34 19 78 80 16 44 40 80 46 90 95 40 83 37 2 20 18 55 11 2 91 19 80 54 32 40 13 1
45 78 4 73 97 48 57 95 97 53 5 96 7 79 94 95 29 15 35 99 93 30 74 26 39 3 91 50 25 52 65 62 45 86 33 60 15 38 51 40 79 61 94 61 55 2 77 20 75 25 12 32 76 96 5 66 18 44 19 14 10 15 46 13 1 65 66 26 79 11 1 45 34 85 18
58 40 7 85 12 51 36 2 11 87 98 84 68 80 66 77 41 59 71 96 64 54 53 48 18 17 37 62 53 54 80 41 92 19 29 31 33 24 38 78 11 81 27 93 58 98 46 73 10 55 2 84 25 59 2 52 76 26 54 89 10 92 11 8 96 95 27 69 87 31 56 35 72 55 73
84 78 70 68 92 74 49 57 52 1 6 26 21 28 70 35 79 56 98 61 75 61 27 43 81 17 50 83 99 69 86 8 58 35 80 4 59 33 46 24 90 43 37 28 3 76 34 45 86 84 99 30 93 45 84 13 94 25 99 42 65 34 93 72 96 79 43 37 36 75 90 15 57 79 17
6 64 25 67 38 3 18 27 50 80 32 16 33 79 5 46 47 66 40 25 35 74 48 67 89 8 66 28 26 13 14 27 6 68 65 25 17 75 33 5 72 87 70 54 24 43 44 44 36 12 96 11 48 47 2 84 19 22 10 96 77 53 65 24 80 34 68 24 74 63 40 75 93 34 92
87 83 41 91 94 72 89 8 45 2 83 25 93 67 48 52 47 97 36 96 45 50 86 98 9 3 41 83 61 45 18 84 91 85 57 30 23 49 69 55 57 97 84 54 58 22 62 36 57 18 33 47 22 63 49 84 46 20 86 6 47 81 96 68 81 66 68 48 41 90 56 68 49 13 67
30 5 68 43 50 19 1 18 90 83 2 60 66 80 87 44 35 77 67 6 62 96 77 3 57 53 22 17 21 42 90 12 67 12 59 70 56 87 57 5 27 77 22 63 20 99 55 80 89 73 95 39 27 66 6 71 87 27 49 69 26 86 31 30 46 43 92 86 63 6 95 44 48 17 1
87 46 82 68 40 32 92 62 83 53 83 10 74 49 16 50 42 95 12 20 13 50 13 64 46 11 47 85 96 91 29 36 55 8 22 50 64 12 65 74 83 41 6 15 88 55 85 93 70 57 12 17 34 10 70 54 39 80 51 6 9 44 75 16 69 24 72 49 80 76 80 29 36 29 70
13 35 22 80 78 8 26 12 9 33 73 3 27 87 78 26 18 58 14 66 96 51 28 72 16 25 81 60 93 65 19 28 20 69 94 4 21 86 7 55 88 47 45 5 43 47 2 17 74 96 20 60 98 78 68 40 80 31 42 41 81 63 90 56 22 20 39 35 16 42 33 16 81 66 56
85 33 62 31 29 14 83 76 55 66 15 96 22 65 86 1 30 1 91 49 63 38 28 99 88 89 63 99 63 65 47 80 80 98 78 75 3 51 3 47 10 88 22 45 62 76 44 17 35 87 2 55 36 54 45 67 63 46 70 59 30 5 43 22 34 77 18 40 25 7 14 45 58 26 66
48 44 22 35 39 41 94 78 69 52 66 98 57 40 96 62 61 78 46 52 97 84 42 17 2 17 89 21 56 39 52 46 5 56 82 89 17 92 62 60 29 32 82 33 35 19 73 13 45 10 83 23 90 85 91 52 46 24 80 37 9 19 82 64 8 50 95 74 20 73 69 52 80 25 2
88 37 39 78 97 91 90 16 50 29 92 21 45 87 88 92 41 52 80 42 5 74 88 53 1 78 43 87 17 70 9 10 33 22 19 5 22 43 37 78 89 81 21 68 46 25 69 21 43 42 71 32 88 14 3 64 89 65 1 55 1 64 46 7 26 41 55 43 29 15 67 83 53 79 43
79 19 95 41 56 70 27 57 95 10 16 33 34 35 45 58 71 38 53 31 90 31 21 18 56 41 78 19 69 6 42 93 33 80 71 82 68 40 46 81 44 87 68 49 90 96 92 44 46 49 33 87 65 37 74 37 18 86 28 27 30 73 88 29 83 45 87 31 71 25 47 46 85 10 76
94 81 6 23 56 25 13 8 59 41 99 19 68 23 63 26 57 98 61 78 92 7 65 27 71 47 20 83 76 30 25 14 14 10 79 46 98 72 24 20 17 73 98 43 4 10 56 21 8 39 42 48 43 2 51 93 69 45 80 86 28 76 72 56 8 38 32 70 25 44 92 56 89 47 70
34 91 79 40 46 44 69 49 24 50 85 60 33 38 23 8 65 9 17 30 83 76 9 26 83 21 41 16 22 69 15 56 56 1 5 20 24 66 47 47 87 54 60 50 32 75 15 79 3 88 69 78 27 52 88 86 5 56 59 5 92 41 93 57 20 4 63 37 19 66 96 15 8 37 81
96 63 3 85 1 89 14 26 44 68 53 65 7 57 44 47 7 34 80 2 25 20 53 24 30 50 52 45 43 18 22 51 14 35 88 63 32 88 42 62 48 93 13 27 15 42 67 88 34 41 14 2 96 13 13 32 1 5 56 72 8 61 86 96 78 88 85 65 30 56 34 87 21 47 90
12 1 33 1 26 32 21 13 52 19 15 97 39 4 73 60 31 17 83 90 96 41 45 71 86 87 93 62 7 34 75 6 58 67 45 56 47 32 93 60 97 66 66 62 60 76 38 8 70 31 61 8 9 30 12 93 49 29 2 72 12 20 30 55 17 55 18 16 57 67 31 70 85 28 65
88 14 78 57 13 93 37 31 63 1 45 98 58 18 7 52 58 94 57 28 20 45 19 1 72 77 18 33 74 34 69 78 2 19 18 74 51 80 97 64 44 90 51 43 24 2 61 37 32 38 71 54 47 49 20 66 78 71 57 19 34 1 49 33 91 41 10 26 14 86 20 54 29 39 69
2 8 50 51 78 39 94 30 93 74 75 89 27 6 14 59 57 47 76 58 34 53 21 73 96 13 91 60 55 73 99 90 1 35 9 93 18 76 92 40 37 65 58 83 16 99 20 9 91 43 36 39 2 3 36 46 82 27 77 60 97 58 74 45 86 84 54 64 31 97 59 17 93 71 27
5 62 18 69 66 23 87 78 1 4 49 63 16 67 7 88 33 76 8 84 60 80 43 77 13 53 52 48 96 88 58 64 18 68 2 50 55 96 61 58 39 25 68 84 60 27 11 49 88 43 75 33 35 53 66 30 30 91 26 29 84 12 88 89 41 46 20 73 87 66 92 39 78 20 42
10 94 63 9 3 23 70 10 34 24 76 41 39 70 7 36 83 38 76 41 1 66 87 16 46 90 51 29 34 75 17 16 92 18 22 66 76 29 84 58 69 10 20 57 83 17 94 43 65 88 1 63 70 79 42 96 74 81 8 40 41 84 81 58 47 84 33 29 84 21 76 78 38 51 61

Demandas:
0 1 0 0 0 0 0
0 0 0 0 0 1 0
0 0 0 1 0 0 0
0 0 0 0 1 0 0
0 0 1 0 0 0 0
0 0 1 0 0 0 0
1 0 0 0 0 0 0
1 0 0 0 0 0 0
0 1 0 0 0 0 0
0 1 0 0 0 0 0
0 0 0 0 0 0 1
0 0 1 0 0 0 0
0 0 0 0 0 0 1
0 1 0 0 0 0 0
0 0 0 0 0 1 0
0 0 0 0 0 1 0
0 1 0 0 0 0 0
0 0 0 0 0 0 1
0 0 0 1 0 0 0
0 1 0 0 0 0 0
0 0 1 0 0 0 0
0 0 0 0 0 1 0
0 1 0 0 0 0 0
0 0 1 0 0 0 0
0 0 0 0 0 1 0
0 0 0 0 0 0 1
0 0 0 0 0 1 0
0 0 1 0 0 0 0
0 0 0 0 1 0 0
0 1 0 0 0 0 0
0 0 0 1 0 0 0
0 0 1 0 0 0 0
1 0 0 0 0 0 0
0 0 0 0 0 0 1
0 0 1 0 0 0 0
0 0 1 0 0 0 0
0 0 0 0 0 0 1
0 0 0 0 0 0 1
0 1 0 0 0 0 0
0 0 1 0 0 0 0
0 0 1 0 0 0 0
1 0 0 0 0 0 0
0 0 1 0 0 0 0
0 0 0 1 0 0 0
0 0 0 1 0 0 0
0 0 0 0 1 0 0
0 0 0 0 0 1 0
0 0 0 0 0 0 1
0 0 0 0 1 0 0
0 0 0 0 0 1 0
0 0 1 0 0 0 0
0 0 1 0 0 0 0
0 0 0 0 1 0 0
0 0 0 1 0 0 0
1 0 0 0 0 0 0
0 0 1 0 0 0 0
0 0 0 1 0 0 0
0 0 1 0 0 0 0
0 0 0 0 0 1 0
0 1 0 0 0 0 0
0 0 1 0 0 0 0
0 0 0 0 0 0 1
0 0 1 0 0 0 0
0 0 0 0 1 0 0
0 0 0 0 0 0 1
0 0 0 0 0 1 0
0 0 0 0 0 0 1
0 0 0 1 0 0 0
0 0 1 0 0 0 0
0 0 0 0 1 0 0
0 0 0 0 0 1 0
0 0 0 0 0 0 1
0 0 1 0 0 0 0
0 0 0 0 1 0 0
0 0 0 1 0 0 0
0 0 1 0 0 0 0
1 0 0 0 0 0 0
0 0 0 1 0 0 0
0 0 0 0 0 0 1
0 0 0 0 0 0 1
0 0 1 0 0 0 0
0 0 1 0 0 0 0
0 0 0 1 0 0 0
0 0 0 0 0 0 1
0 0 1 0 0 0 0
0 0 0 1 0 0 0
1 0 0 0 0 0 0
0 0 0 1 0 0 0
0 0 0 0 0 0 1
0 0 0 1 0 0 0
0 0 0 1 0 0 0
0 1 0 0 0 0 0
0 0 0 0 0 0 1
0 0 0 1 0 0 0
0 0 0 0 1 0 0
0 1 0 0 0 0 0
0 0 0 1 0 0 0
0 0 0 0 1 0 0
0 1 0 0 0 0 0
0 1 0 0 0 0 0
0 0 1 0 0 0 0
1 0 0 0 0 0 0
1 0 0 0 0 0 0
0 0 0 0 1 0 0
0 0 0 0 0 0 1
0 1 0 0 0 0 0
0 0 0 1 0 0 0
0 0 0 0 0 0 1
1 0 0 0 0 0 0
0 0 1 0 0 0 0
0 1 0 0 0 0 0
1 0 0 0 0 0 0
0 0 0 0 0 0 1
0 0 0 1 0 0 0
0 0 0 0 1 0 0
1 0 0 0 0 0 0
1 0 0 0 0 0 0
0 0 0 0 0 0 1
0 0 1 0 0 0 0
0 0 1 0 0 0 0
0 0 0 1 0 0 0
1 0 0 0 0 0 0
0 1 0 0 0 0 0
0 0 1 0 0 0 0
0 0 0 0 1 0 0
1 0 0 0 0 0 0
0 0 0 0 0 0 1
0 0 0 0 0 1 0
0 0 0 0 1 0 0
0 0 0 1 0 0 0
1 0 0 0 0 0 0
0 0 0 1 0 0 0
1 0 0 0 0 0 0
0 0 0 1 0 0 0
0 0 1 0 0 0 0
0 0 0 0 1 0 0
0 0 0 0 0 1 0
0 1 0 0 0 0 0
0 1 0 0 0 0 0
0 0 0 0 0 1 0
0 0 0 0 0 0 1
0 1 0 0 0 0 0
0 0 0 0 0 1 0
0 0 0 0 0 0 1
0 1 0 0 0 0 0
0 0 1 0 0 0 0
0 0 0 1 0 0 0
0 0 0 1 0 0 0
0 0 0 1 0 0 0
0 1 0 0 0 0 0
0 0 0 0 0 1 0
1 0 0 0 0 0 0
1 0 0 0 0 0 0
0 1 0 0 0 0 0
0 0 0 0 0 0 1
0 0 0 0 1 0 0
1 0 0 0 0 0 0
0 0 0 0 0 1 0
0 0 1 0 0 0 0
0 0 1 0 0 0 0
0 0 0 0 0 1 0
0 0 1 0 0 0 0
0 0 0 0 1 0 0
0 0 0 0 0 0 1
0 0 0 0 0 1 0
0 0 0 0 0 1 0
0 0 0 0 0 1 0
0 0 0 0 1 0 0
0 0 0 0 0 1 0
0 1 0 0 0 0 0
0 0 0 0 1 0 0
0 0 0 0 0 0 1
1 0 0 0 0 0 0
0 0 0 0 1 0 0
1 0 0 0 0 0 0
0 0 0 0 0 0 1
0 1 0 0 0 0 0
0 0 0 0 0 1 0
0 1 0 0 0 0 0
0 0 1 0 0 0 0
0 0 0 0 0 0 1
1 0 0 0 0 0 0
0 0 0 0 0 1 0
0 0 1 0 0 0 0
0 0 0 0 0 1 0
0 0 1 0 0 0 0
0 0 0 0 0 0 1
0 0 1 0 0 0 0
0 0 0 0 1 0 0
0 0 0 1 0 0 0
0 1 0 0 0 0 0
0 0 0 0 0 1 0
0 0 1 0 0 0 0
0 0 0 0 0 1 0
0 0 0 0 1 0 0
1 0 0 0 0 0 0
0 0 0 0 0 1 0
1 0 0 0 0 0 0
0 1 0 0 0 0 0
0 0 0 0 0 0 1
0 0 0 1 0 0 0
0 0 1 0 0 0 0
1 0 0 0 0 0 0
0 1 0 0 0 0 0
0 1 0 0 0 0 0
0 0 1 0 0 0 0
0 0 0 1 0 0 0
0 0 1 0 0 0 0
0 0 0 0 1 0 0
0 0 0 0 1 0 0
1 0 0 0 0 0 0
0 0 0 0 1 0 0
0 0 1 0 0 0 0
0 0 0 0 0 1 0
0 0 0 0 1 0 0
0 1 0 0 0 0 0
0 0 0 0 0 0 1
0 0 1 0 0 0 0
0 0 0 0 1 0 0
1 0 0 0 0 0 0
0 1 0 0 0 0 0
0 0 0 0 0 1 0
1 0 0 0 0 0 0
1 0 0 0 0 0 0
1 0 0 0 0 0 0
0 0 0 0 0 1 0
1 0 0 0 0 0 0
0 0 0 0 0 1 0
0 0 0 1 0 0 0
0 0 1 0 0 0 0
0 0 1 0 0 0 0
0 0 1 0 0 0 0
0 0 0 0 0 1 0
0 0 0 0 0 0 1
0 0 0 0 0 0 1
0 1 0 0 0 0 0
1 0 0 0 0 0 0
0 0 0 1 0 0 0
1 0 0 0 0 0 0
0 0 1 0 0 0 0
0 1 0 0 0 0 0
0 0 0 0 1 0 0
0 0 0 0 0 1 0
0 0 0 0 1 0 0
0 0 0 0 0 1 0
0 0 0 0 0 1 0
1 0 0 0 0 0 0
0 0 1 0 0 0 0
0 0 1 0 0 0 0
0 0 0 0 1 0 0

Capacidades:
3 2 3 3 3 0 1
0 4 4 4 1 3 4
0 2 3 4 0 1 1
1 3 0 1 1 2 2
2 4 1 2 2 3 0
4 1 1 2 3 4 4
4 3 3 3 3 4 1
0 1 0 0 2 1 1
0 0 2 1 4 3 4
2 2 1 0 1 3 3
3 2 0 0 3 3 3
0 2 0 1 4 0 0
4 4 3 3 3 2 3
0 0 3 1 1 2 2
1 0 3 0 3 0 0
0 0 0 2 2 0 0
4 0 0 2 4 2 4
4 0 1 2 3 1 3
4 0 4 4 0 0 3
4 3 1 0 2 3 3
1 2 0 2 1 0 2
3 1 1 3 2 1 1
3 1 4 2 4 3 2
2 3 3 1 3 0 3
4 0 2 1 4 0 1
4 3 4 1 1 4 2
4 0 4 1 4 1 0
1 4 4 2 0 2 1
1 3 2 3 1 3 3
1 2 4 4 1 1 3
3 1 0 1 3 1 2
1 2 4 1 4 1 4
4 2 4 2 1 1 0
3 4 1 4 2 1 2
2 0 0 0 2 2 0
3 4 4 2 3 0 4
0 3 2 4 1 4 0
1 2 4 4 1 4 4
0 4 0 3 1 0 1
2 1 3 2 1 3 0
2 0 3 0 1 0 3
3 0 1 4 0 1 3
4 4 0 0 3 4 4
3 2 3 1 1 1 3
2 1 4 3 1 1 3
0 3 2 3 4 1 0
0 3 1 3 3 1 2
3 2 2 2 3 1 3
0 4 4 2 3 4 4
2 2 2 0 4 4 1
3 4 1 3 3 2 2
4 3 4 4 4 0 3
0 3 0 0 3 4 3
1 2 2 3 4 0 4
3 0 4 0 0 1 0
2 0 3 0 2 0 1
4 2 2 2 2 2 0
1 2 0 4 0 1 2
3 1 0 3 1 1 3
3 0 0 1 0 2 3
3 4 3 0 1 4 2
2 2 3 3 0 2 3
3 3 2 0 4 4 3
0 2 2 3 4 1 2
0 4 2 1 2 0 4
0 2 2 2 0 1 1
3 2 3 0 1 4 1
3 3 4 0 1 1 2
2 0 3 2 3 1 2
0 4 2 1 1 3 2
1 4 1 4 4 3 2
3 1 0 0 4 2 3
2 0 2 3 4 0 4
2 0 3 1 2 3 2
3 4 4 3 0 3 2
