m: 250
n: 50
k: 7

Distancias:
60 12 7 30 62 1 50 20 54 40 45 89 94 36 49 61 39 75 9 83 49 30 5 8 25 11 75 83 85 27 60 29 38 18 86 33 10 68 68 93 70 36 65 17 75 13 61 31 71 45
42 8 42 11 71 67 98 85 21 90 39 64 9 74 83 76 17 87 51 29 72 53 58 8 63 48 62 85 96 32 89 88 12 54 82 82 46 72 93 22 25 83 19 68 7 34 57 55 57 35
41 78 55 30 53 73 75 53 4 83 95 77 41 77 78 81 85 97 23 62 65 10 14 92 95 87 44 77 8 6 32 16 49 55 89 88 28 18 89 42 44 18 3 64 30 79 54 68 36 84
77 91 79 56 57 10 86 26 95 2 6 36 45 89 15 22 31 61 88 49 46 14 14 28 58 54 66 69 11 78 22 18 59 24 79 46 91 65 52 97 20 2 80 80 90 70 72 99 79 50
38 13 23 54 97 93 80 84 55 24 85 38 68 97 27 4 2 5 64 25 75 53 13 26 88 9 36 55 3 43 9 7 30 75 72 11 5 50 36 30 59 86 46 57 89 70 97 92 38 25
8 1 60 36 9 41 13 70 95 27 60 65 3 17 23 25 23 17 77 42 75 36 32 10 93 86 15 28 16 5 2 89 69 70 79 16 47 95 22 89 81 96 13 64 86 27 19 29 88 37
65 14 47 12 51 75 38 63 71 46 60 97 25 90 35 30 72 58 74 82 97 7 41 89 46 40 12 73 80 1 38 82 95 55 31 59 40 36 97 73 97 20 76 24 49 55 28 87 6 93
62 11 64 77 31 17 10 37 62 29 55 5 72 79 49 86 16 54 3 20 74 77 3 47 33 9 6 88 38 94 75 31 45 62 54 89 36 17 42 29 97 79 10 59 68 87 20 24 56 67
90 18 33 50 43 70 35 87 65 37 32 78 44 24 60 44 9 78 23 36 89 40 80 81 88 92 33 15 16 3 35 90 79 70 86 73 68 57 62 28 65 8 6 61 15 4 68 71 99 48
47 48 12 91 11 43 62 56 62 13 50 5 68 32 78 55 28 66 86 49 66 94 20 61 93 48 52 42 57 58 97 69 64 99 19 36 77 55 33 85 64 83 79 16 83 63 45 51 48 76
73 8 36 45 35 32 46 76 16 48 85 42 94 33 61 14 44 24 70 8 79 17 75 83 66 14 9 98 49 36 74 88 28 25 10 83 75 81 4 10 55 76 86 42 42 69 81 91 59 20
16 17 30 32 84 41 80 71 46 86 9 26 48 93 58 95 53 75 32 22 5 15 7 49 37 23 36 70 87 52 11 24 34 21 83 79 50 23 93 79 68 43 17 42 99 78 54 72 21 31
49 80 4 11 21 10 69 79 15 13 46 90 86 87 64 91 1 39 62 41 75 82 54 56 40 14 14 55 5 50 14 57 74 42 33 2 30 5 83 62 57 90 76 12 72 51 77 12 33 68
13 34 11 18 83 83 81 38 37 30 76 32 48 65 53 2 99 71 2 40 33 90 79 34 42 61 39 64 4 23 39 74 38 42 90 94 40 67 93 27 88 27 29 87 42 8 14 24 73 62
53 67 53 24 34 33 42 85 36 69 90 92 31 93 27 2 96 50 52 36 77 35 85 53 50 37 20 18 13 53 60 73 39 89 81 56 5 61 11 50 37 23 47 58 65 27 52 45 56 75
22 1 90 89 44 71 66 97 50 22 42 79 38 69 7 37 77 97 89 80 69 81 82 51 72 11 53 36 54 33 44 62 69 78 72 72 50 66 39 98 18 22 76 8 7 15 71 64 7 31
70 23 92 80 16 61 98 86 82 13 82 13 16 19 94 16 35 85 89 51 54 18 52 58 5 97 22 9 39 38 18 36 10 25 27 63 26 71 73 34 12 83 20 53 1 58 80 65 96 25
46 14 36 50 75 26 97 46 59 92 3 57 45 16 5 68 82 45 26 76 71 66 57 6 2 97 17 17 92 2 73 72 24 40 49 68 72 78 93 9 80 33 58 89 4 95 67 7 57 18
10 22 1 2 13 17 36 9 60 92 47 99 7 46 7 78 45 51 78 75 63 25 11 82 96 29 14 21 7 92 73 10 40 59 79 94 33 42 86 42 53 93 97 24 44 9 21 88 29 81
60 96 81 2 5 30 93 18 84 7 87 48 25 47 95 5 64 88 12 15 89 75 45 57 49 89 17 95 26 72 50 26 77 97 55 96 63 33 66 59 1 64 43 17 27 83 65 83 89 51
9 40 61 56 7 31 78 84 27 92 63 20 13 15 83 9 73 61 15 39 2 91 76 19 22 45 70 74 78 11 91 62 38 40 64 69 91 57 15 9 11 66 27 2 34 66 88 91 77 35
47 16 96 33 18 86 52 40 52 54 78 91 26 52 36 83 18 53 35 89 69 86 42 1 81 54 62 24 69 82 15 87 68 15 15 49 98 40 36 37 59 29 79 9 7 99 92 25 33 4
70 7 30 20 73 76 1 89 98 52 90 50 96 30 31 44 78 40 97 7 52 43 34 34 18 84 14 50 56 73 59 3 45 93 4 61 98 62 11 96 48 92 49 19 85 78 51 14 92 86
18 46 15 80 41 78 22 34 78 27 87 56 70 64 3 9 4 21 47 83 49 61 3 3 10 18 58 32 82 46 6 5 27 25 88 49 19 76 38 98 92 59 18 62 76 89 51 69 5 89
11 18 15 91 82 20 17 75 96 87 76 89 39 94 73 30 95 98 16 82 61 65 56 4 25 15 99 61 10 78 29 61 64 29 59 55 64 42 6 18 60 29 31 58 27 23 88 55 64 20
38 20 59 74 54 39 51 19 30 69 60 85 19 43 90 19 26 19 62 13 89 63 80 81 8 79 39 84 14 40 70 23 37 43 26 5 78 95 5 2 4 28 65 85 51 68 64 74 76 1
72 60 66 28 15 83 20 70 91 45 37 11 51 38 33 18 43 6 64 1 94 28 92 65 84 85 72 39 55 22 14 86 10 11 46 21 22 33 81 94 20 89 4 48 63 59 44 49 84 67
48 55 81 99 52 47 60 31 36 86 58 84 73 76 81 4 68 10 45 33 63 64 80 2 64 34 66 17 11 51 41 48 48 70 71 36 3 96 21 24 55 26 56 62 91 39 30 46 64 13
12 49 48 63 42 24 76 67 39 55 66 33 51 13 86 88 40 90 64 81 31 40 69 11 2 5 29 96 28 22 20 76 95 71 32 92 21 94 20 76 60 51 50 37 45 42 84 36 44 95
8 48 30 85 48 81 93 61 87 5 69 16 37 94 11 49 51 5 5 20 91 29 69 83 71 94 27 9 87 39 23 26 26 72 46 52 77 83 77 31 75 94 88 26 61 99 30 79 36 29
34 20 52 40 97 53 60 89 34 84 70 93 42 58 4 79 40 71 24 72 22 74 39 53 24 82 32 67 90 26 89 27 86 63 55 34 78 28 55 71 84 43 88 30 44 4 96 75 80 18
52 36 75 68 43 83 39 87 20 95 49 70 54 97 3 94 46 7 63 64 93 30 12 84 61 79 93 84 92 30 35 86 64 73 62 68 91 72 39 12 50 22 70 47 16 17 56 24 22 77
49 27 52 84 90 54 2 23 83 96 49 27 65 59 75 21 45 84 17 81 6 82 2 87 94 96 50 25 49 51 37 32 54 32 21 64 93 1 8 41 18 20 71 58 37 53 93 7 40 86
39 28 90 8 95 51 9 3 78 51 22 40 34 51 93 72 15 43 61 9 39 57 83 6 67 84 83 46 30 51 1 65 90 11 30 30 11 73 63 64 22 47 49 20 20 89 20 7 6 53
64 96 30 38 60 85 16 65 16 69 36 28 68 35 62 86 37 33 23 70 78 91 3 25 89 98 83 15 98 36 88 47 59 71 82 11 29 73 70 60 10 32 13 31 67 50 47 6 6 7
34 7 49 66 54 43 63 24 84 37 21 15 81 67 77 74 93 76 82 98 15 72 52 80 20 34 29 26 48 49 22 53 46 19 91 15 6 5 14 8 75 20 42 34 58 42 82 47 66 59
73 35 62 60 77 24 18 21 33 38 9 21 37 83 94 38 69 2 89 22 28 67 56 40 20 57 38 38 36 33 13 19 51 78 50 19 37 45 98 79 15 3 67 45 28 44 2 2 18 23
7 47 57 67 20 29 84 51 11 4 89 55 36 58 20 76 27 26 73 8 31 67 73 76 48 6 49 66 65 69 10 62 36 95 43 61 4 81 3 92 6 45 64 65 51 46 4 4 27 36
4 63 70 12 16 41 37 37 72 62 40 48 54 45 9 63 81 28 37 5 2 9 31 99 99 26 79 80 52 81 36 21 71 8 21 74 20 63 33 39 19 69 97 84 82 24 20 8 81 76
32 91 95 30 72 14 92 32 51 99 48 47 65 28 12 62 68 47 96 15 44 39 50 34 94 49 57 2 4 55 45 7 81 65 45 34 13 21 79 77 38 70 53 37 3 39 26 34 82 33
64 17 40 8 36 11 27 90 47 45 62 40 29 26 34 53 22 46 4 33 95 51 48 68 49 50 67 66 18 75 50 66 81 99 45 70 59 94 32 53 83 5 90 41 55 67 78 67 82 10
50 29 99 39 5 33 67 39 83 6 14 45 89 56 3 47 2 69 77 12 28 4 12 44 87 81 69 50 92 69 40 61 6 91 54 65 43 42 92 95 5 77 2 96 4 33 16 73 24 27
13 44 46 99 24 77 53 66 42 15 56 16 48 40 49 32 96 38 96 23 35 56 7 34 8 6 80 3 55 19 22 7 98 19 81 12 82 34 5 51 57 63 97 40 88 75 40 49 45 13
42 71 71 78 86 29 59 50 37 37 89 17 51 50 37 12 1 42 92 70 19 39 37 66 16 62 60 69 91 34 69 34 91 42 12 44 74 97 53 58 67 5 30 62 6 17 69 59 27 47
25 63 27 94 68 62 3 11 1 65 2 6 39 77 77 67 23 16 79 3 97 66 74 91 51 73 4 38 38 15 35 66 96 83 59 87 18 70 69 2 20 78 62 85 78 69 72 65 77 12
52 23 2 78 99 27 71 59 31 26 92 65 37 72 36 57 89 95 12 86 33 82 39 94 57 86 86 33 89 48 27 68 22 30 90 86 86 65 74 71 73 97 30 42 28 16 92 47 54 4
55 42 73 50 92 66 71 50 72 90 82 37 95 49 69 12 76 39 89 31 87 17 23 60 2 12 47 81 94 86 98 40 21 34 69 73 11 65 13 20 16 5 10 10 11 89 68 30 70 8
81 77 79 42 82 83 38 29 97 72 82 75 14 61 22 48 73 96 27 15 28 22 77 67 96 24 23 80 35 13 23 33 19 26 72 63 98 60 60 89 35 57 65 22 73 11 2 2 31 7
89 65 69 4 55 43 3 3 13 88 48 45 84 20 12 54 23 69 75 9 38 28 95 20 62 76 81 17 19 6 27 65 70 1 60 80 76 25 19 22 55 26 40 12 5 82 24 70 25 24
93 69 21 2 39 48 26 53 95 36 72 92 75 88 79 30 33 97 8 44 76 27 4 14 9 34 70 62 34 66 89 74 62 97 1 88 49 80 68 17 60 8 63 59 54 65 24 67 74 92
44 53 63 12 36 85 70 78 33 86 93 31 41 25 37 31 61 70 35 14 13 9 54 46 20 95 84 44 12 10 6 21 61 26 65 60 44 95 6 65 53 5 66 18 80 11 50 9 8 49
24 36 13 34 26 86 13 35 90 12 48 83 99 14 65 83 35 59 56 16 99 63 11 83 18 93 30 8 65 4 40 75 42 93 8 25 14 25 44 99 94 14 64 93 80 25 85 78 87 31
54 1 57 67 25 39 72 25 56 82 13 21 17 26 62 60 73 7 7 83 62 29 51 95 54 84 13 8 11 65 4 52 49 30 20 48 66 32 59 7 68 57 45 70 95 14 97 47 30 23
74 89 49 11 71 44 42 25 96 94 3 74 75 12 65 86 25 88 42 61 7 34 45 8 46 26 46 9 59 92 99 65 67 43 76 37 28 25 17 98 61 69 97 62 56 19 59 68 97 28
76 64 34 51 68 12 15 13 35 43 75 51 57 57 56 37 91 5 2 43 99 38 38 16 24 8 66 45 35 31 84 5 67 85 32 1 2 38 28 69 86 46 91 87 10 77 55 89 76 55
44 78 20 38 11 20 59 57 69 86 36 79 58 7 41 51 95 55 85 7 39 79 38 17 79 56 86 73 25 26 44 68 61 70 59 11 57 74 96 29 23 74 55 92 23 14 88 45 82 26
25 84 80 65 54 41 89 7 84 73 17 67 27 16 13 21 6 25 72 32 51 20 99 11 1 59 92 14 45 2 69 77 36 60 46 10 2 87 85 54 3 47 33 39 1 77 37 52 18 40
38 11 62 98 76 39 97 37 17 16 92 68 85 61 78 18 57 80 51 48 76 72 58 1 94 94 47 80 56 91 96 46 34 79 42 27 60 81 94 73 2 85 63 48 89 27 87 88 21 96
97 88 64 86 70 20 91 96 97 18 52 1 88 49 91 95 72 8 47 51 5 71 22 42 21 37 99 52 76 80 14 19 62 28 70 50 81 16 88 82 41 28 71 42 40 31 20 47 38 18
19 81 59 1 84 95 73 20 97 61 81 41 90 5 54 85 56 14 2 30 77 80 82 43 96 99 45 26 3 21 35 55 56 93 92 15 29 54 87 95 97 57 73 26 58 5 11 24 93 88
82 87 18 87 83 45 92 65 24 36 18 2 74 22 11 12 55 44 18 99 25 18 63 10 70 49 92 33 54 83 74 20 25 5 54 23 62 10 41 17 26 30 1 47 34 50 38 47 57 45
10 58 4 93 82 84 96 91 77 51 79 61 6 96 81 69 99 3 52 36 82 8 9 14 78 22 1 2 38 23 14 68 89 5 24 52 36 20 35 36 17 49 79 42 34 27 8 71 27 8
74 6 70 78 29 77 13 36 98 74 5 29 11 19 92 88 2 80 51 51 56 70 77 72 91 74 88 71 75 54 32 47 6 8 6 19 93 44 2 88 24 66 81 10 76 97 30 88 5 84
90 92 65 83 90 26 55 75 94 22 71 2 92 30 38 49 31 41 21 58 1 16 97 58 11 18 60 24 57 82 16 97 1 35 7 42 12 18 21 78 51 20 48 82 85 26 23 25 27 64
69 42 63 97 81 54 84 22 13 55 35 63 44 80 87 57 12 65 58 52 33 42 13 76 60 20 10 12 17 96 18 24 29 45 93 84 87 10 76 64 65 69 14 44 32 63 25 88 64 44
91 9 54 66 59 49 31 6 94 89 93 6 41 13 48 56 85 90 18 76 94 43 9 18 90 93 16 20 76 45 19 19 11 18 47 20 59 21 97 59 47 82 29 55 85 40 4 19 66 79
62 41 47 56 84 79 97 4 8 80 1 15 86 44 66 91 8 88 85 15 31 91 60 68 2 26 10 17 17 6 62 60 9 12 82 80 23 63 96 33 15 3 63 48 10 97 73 98 75 51
36 1 92 73 29 64 10 71 86 39 84 99 54 56 65 80 6 54 9 26 87 87 10 24 81 32 97 1 63 39 34 70 69 90 10 93 14 22 69 38 18 49 78 27 49 98 63 72 28 20
38 71 70 25 27 15 79 94 94 38 81 7 69 66 29 46 50 70 72 32 95 48 47 4 86 62 26 39 24 27 68 77 80 34 43 48 99 63 24 9 25 84 71 43 82 83 37 31 79 61
71 4 22 77 6 14 40 5 37 15 82 36 36 64 84 62 25 62 34 9 63 77 86 75 69 41 69 82 48 51 62 47 16 21 31 49 29 73 28 53 37 14 39 33 36 11 78 39 86 4
58 97 91 72 58 58 93 2 76 97 9 41 96 81 13 23 65 31 53 91 42 95 21 96 94 62 11 60 13 29 85 30 24 49 10 51 75 73 6 99 79 5 30 74 12 50 21 77 51 97
33 59 29 22 50 11 4 70 61 48 84 8 11 73 87 56 26 93 88 2 80 61 68 11 15 73 48 31 70 58 54 89 21 72 51 63 70 32 51 44 34 89 54 83 46 66 25 99 70 59
40 33 34 35 36 54 13 39 83 30 72 55 57 29 20 80 97 28 19 7 66 54 86 29 95 87 12 69 43 5 19 17 98 42 38 9 83 32 58 24 40 29 8 13 70 85 79 35 64 61
64 75 42 72 29 1 35 89 28 37 79 31 57 4 3 17 95 23 99 39 84 19 75 75 17 65 18 59 15 25 47 55 77 63 99 73 44 22 33 82 15 12 68 5 51 23 88 9 85 87
45 20 96 16 12 36 70 68 87 18 68 30 3 83 69 61 14 71 42 1 9 83 38 60 20 56 12 21 65 20 75 13 99 93 29 15 83 90 39 26 52 32 99 27 36 83 21 75 97 5
27 93 94 16 31 38 16 63 72 74 92 98 36 92 88 43 13 6 37 16 16 82 10 4 91 70 18 31 42 96 26 99 79 15 9 65 12 75 31 3 68 55 92 71 91 57 50 74 94 93
87 52 72 31 42 82 62 78 2 74 28 45 97 21 75 45 31 41 3 77 38 28 42 11 97 7 67 39 75 27 78 42 87 26 38 58 61 97 48 71 79 39 83 95 4 59 69 2 18 90
12 15 18 54 48 9 96 47 39 67 63 5 53 67 81 59 4 96 45 77 35 87 77 3 23 83 98 4 22 49 65 89 37 58 30 3 93 3 56 78 56 57 57 3 80 52 59 19 32 86
1 82 81 25 54 74 7 18 82 58 80 35 91 69 93 1 87 68 81 26 16 80 81 25 41 56 70 16 85 93 34 3 34 9 84 39 59 88 63 18 68 90 4 73 45 48 48 66 2 76
29 73 43 82 4 80 29 78 20 81 89 73 74 19 53 37 45 70 64 4 85 41 21 34 72 7 80 74 24 90 8 33 39 12 23 26 8 57 6 68 28 36 36 45 4 17 8 31 72 78
78 61 82 35 4 87 97 68 71 46 76 55 2 28 70 33 64 45 43 66 60 98 10 64 32 2 51 7 6 95 41 98 88 92 27 76 78 17 75 10 88 74 58 75 80 57 12 27 36 90
6 70 25 5 79 85 7 70 18 95 67 42 42 44 50 24 16 87 99 34 87 63 59 19 55 50 10 18 6 56 26 20 12 71 70 58 48 2 60 58 11 81 1 26 5 13 15 43 65 42
88 69 96 8 48 59 7 42 55 75 55 16 4 67 37 6 95 11 6 89 63 80 68 23 94 83 16 13 17 82 19 80 73 91 33 14 56 90 71 75 57 27 34 82 6 46 82 12 9 18
28 35 16 23 82 7 19 1 36 49 8 76 24 82 28 21 96 38 30 20 50 86 67 29 53 50 48 5 99 97 97 52 94 98 22 26 66 35 5 19 92 1 85 36 64 53 65 71 52 8
53 4 90 43 36 76 62 27 51 30 7 91 49 29 30 43 23 71 80 93 78 57 67 76 26 51 57 7 5 42 7 27 22 5 84 40 64 72 5 62 17 20 81 70 98 62 63 65 22 43
3 22 20 25 31 68 51 59 17 19 31 90 56 72 58 57 57 79 74 47 36 75 4 67 60 47 97 27 17 41 35 84 97 49 56 74 70 81 77 35 51 37 38 55 14 48 23 91 78 54
8 61 69 43 94 63 13 20 22 39 95 92 52 38 90 36 9 19 36 88 77 22 69 44 87 21 49 14 40 65 56 82 29 64 74 8 21 13 37 30 23 64 13 44 42 2 9 68 19 84
93 24 7 27 40 37 76 95 50 4 28 55 30 53 84 58 61 19 32 10 21 45 14 73 48 3 4 60 89 89 32 89 33 24 28 63 45 28 87 41 74 58 4 15 53 16 27 41 55 67
71 52 63 59 97 31 95 54 28 10 75 38 21 29 85 32 85 60 76 72 85 77 22 10 95 26 73 56 65 2 37 32 34 50 92 49 30 4 60 50 97 61 3 58 39 17 94 89 16 84
5 64 97 34 78 88 4 87 18 81 14 70 61 80 23 14 19 75 22 3 60 86 31 20 86 94 82 14 44 70 76 82 58 57 27 43 76 26 1 61 45 54 87 68 72 71 85 98 4 88
66 30 96 22 12 44 16 73 99 85 92 61 61 38 66 57 63 3 91 68 40 72 31 47 20 40 87 87 15 52 64 37 27 8 83 82 61 22 80 84 3 33 21 67 10 5 5 95 11 98
23 20 78 2 7 42 63 36 26 83 87 15 46 44 18 88 94 22 34 22 22 11 28 56 67 40 35 50 33 61 42 81 27 76 72 96 49 69 16 20 98 16 3 14 16 98 58 38 69 24
34 89 38 45 40 73 50 99 82 29 54 68 95 1 18 86 3 40 54 40 90 52 91 55 59 68 31 60 53 98 75 21 7 70 63 57 3 89 79 6 1 66 44 27 88 54 40 91 3 46
5 28 11 78 90 2 14 88 42 65 42 18 83 82 67 40 53 18 68 87 9 1 96 8 68 91 82 1 51 38 88 8 56 55 24 95 33 27 7 96 84 76 20 39 12 92 10 45 47 48
35 43 72 49 8 36 34 25 67 85 71 21 27 42 56 38 1 48 68 57 47 8 16 73 42 90 6 34 56 85 90 63 12 56 61 30 18 28 55 97 79 49 22 69 82 24 85 96 96 39
88 65 40 8 28 14 97 4 17 77 67 57 41 55 71 13 29 65 12 9 62 8 5 63 36 11 52 84 51 43 48 88 21 56 33 4 18 15 5 89 44 89 37 44 2 14 37 7 20 97
4 29 83 89 99 1 50 17 9 3 57 67 39 80 65 45 7 14 87 78 82 59 5 17 6 8 14 43 56 93 91 52 78 1 87 41 19 53 12 35 94 60 49 98 26 85 32 96 35 21
76 94 12 24 37 32 79 50 55 84 40 23 49 8 18 80 39 89 20 40 58 32 92 92 27 98 68 66 87 29 71 10 72 92 62 21 98 82 84 55 19 34 91 18 73 90 83 72 92 23
62 79 55 67 17 55 50 34 80 37 92 12 89 58 3 42 3 11 34 45 41 12 20 49 94 57 14 69 39 1 79 52 39 30 44 18 34 17 30 27 70 43 24 76 59 12 3 71 17 22
22 48 96 51 58 46 76 75 21 90 24 9 98 14 24 22 28 19 71 80 24 78 76 1 88 41 57 32 94 87 81 64 23 51 31 5 23 61 30 29 15 11 18 58 33 59 94 79 84 86
33 88 99 12 5 69 34 9 42 17 73 26 63 62 39 84 92 82 84 91 46 39 37 65 75 51 87 77 42 22 1 61 32 43 60 80 67 49 39 2 2 31 66 18 49 81 62 10 95 23
82 58 62 59 21 87 75 52 88 36 2 87 2 99 4 41 2 39 80 93 36 23 11 29 57 77 61 9 88 34 31 94 51 85 37 10 19 75 45 30 72 4 79 68 6 39 18 56 87 43
64 48 80 17 44 58 70 42 43 41 56 26 42 60 65 50 58 51 85 61 57 37 63 3 76 37 2 30 19 64 58 5 42 37 65 46 57 77 14 81 13 26 90 82 10 47 74 12 28 54
39 17 81 87 73 21 84 85 46 21 89 68 10 26 49 38 66 48 97 91 28 5 20 28 15 69 25 38 72 15 20 10 8 12 85 97 68 24 5 87 3 19 5 58 24 50 20 4 13 74
49 24 40 48 79 22 45 14 26 74 8 28 85 82 47 57 16 12 53 47 60 44 99 34 83 97 97 19 16 9 24 76 19 5 9 75 14 43 90 66 91 1 15 16 96 70 83 90 51 82
28 82 66 4 78 64 72 84 80 84 54 3 14 57 66 67 56 97 87 50 14 1 25 46 13 19 91 96 38 6 91 94 66 2 20 76 21 43 1 95 63 40 88 7 16 54 90 50 85 1
81 37 58 52 68 6 34 20 75 21 23 6 98 28 94 78 3 98 22 32 59 69 8 64 25 89 98 17 55 98 3 72 90 85 43 86 84 7 95 84 10 87 20 8 8 64 69 36 63 46
65 72 62 17 8 22 83 74 43 10 26 36 83 12 64 56 12 76 92 37 2 58 83 52 26 58 4 39 31 16 19 7 16 66 25 22 43 31 61 34 97 11 1 54 52 89 23 18 71 32
70 83 73 48 53 75 71 27 9 87 29 20 48 29 58 27 33 88 43 21 23 10 92 47 55 70 38 56 76 68 3 39 54 29 68 82 10 80 84 22 92 72 76 86 37 57 26 89 69 30
1 1 95 25 23 79 75 81 62 27 80 91 68 7 17 16 55 45 4 81 38 66 3 17 80 96 50 82 40 32 10 50 58 7 76 20 16 31 34 6 83 51 46 7 85 59 84 78 64 21
60 66 59 94 78 38 59 95 48 23 90 33 65 52 2 51 82 54 27 7 61 45 33 26 82 51 38 89 68 62 15 96 89 81 83 53 20 38 73 78 54 68 34 42 25 78 92 50 42 10
14 21 88 66 21 90 25 81 90 74 74 19 57 73 57 44 77 72 5 56 79 30 11 62 78 53 80 82 38 86 66 82 66 36 80 5 18 79 61 34 84 71 7 4 72 37 71 43 88 31
47 21 91 28 54 71 32 47 82 41 32 99 51 73 85 23 35 32 20 39 9 81 98 69 14 31 8 64 9 78 41 22 36 71 51 62 12 52 23 27 12 29 31 47 19 64 96 68 14 92
94 42 45 99 82 16 59 89 74 19 85 37 57 6 77 99 15 69 48 62 59 64 87 15 71 91 39 95 31 22 7 26 22 14 87 94 81 30 60 25 25 48 32 55 85 59 38 93 60 8
65 85 54 46 53 4 18 1 98 78 11 30 29 77 63 35 86 80 33 9 71 96 51 97 90 50 26 16 63 47 82 68 82 59 62 2 11 11 33 49 61 60 27 55 79 48 45 90 88 72
41 83 65 70 76 40 31 65 36 47 75 13 66 58 87 93 68 3 36 2 96 64 91 47 72 62 95 31 24 90 97 34 93 20 95 50 55 60 15 88 9 75 66 87 47 33 84 87 33 32
95 51 78 23 12 59 55 72 20 24 40 11 69 24 78 72 54 62 96 97 89 97 83 31 36 41 12 95 38 66 39 31 84 30 16 50 67 63 62 64 1 13 60 3 37 77 75 34 15 49
36 84 41 94 76 18 54 77 70 49 80 29 69 81 27 90 59 36 75 31 15 22 19 47 38 91 63 72 29 33 1 5 32 74 34 41 54 60 95 67 45 40 97 17 95 25 89 44 59 90
32 23 85 8 74 18 85 51 29 26 8 82 50 34 52 84 7 19 18 43 57 94 56 93 63 55 99 16 84 84 10 41 72 15 94 15 61 93 82 89 53 61 33 4 33 39 96 21 94 95
35 20 59 93 70 15 47 42 11 85 5 91 86 68 30 51 5 84 33 27 32 1 81 16 99 29 75 17 94 70 35 17 78 53 36 57 28 58 25 10 78 9 24 54 46 51 63 20 37 65
11 22 9 18 47 62 55 6 74 52 10 71 26 70 5 78 27 73 92 25 66 40 47 88 5 61 88 23 24 85 1 55 47 38 11 38 11 68 23 10 36 48 37 80 80 84 18 37 24 87
58 19 96 63 14 42 81 13 28 98 90 23 68 41 73 35 42 23 95 80 82 25 18 57 4 53 47 18 25 81 80 28 72 50 37 93 84 69 75 70 22 70 80 8 27 30 7 69 37 3
73 80 99 10 67 82 96 60 17 80 48 55 24 48 94 85 94 58 12 10 78 51 32 83 52 53 97 19 6 66 92 26 22 99 3 48 16 46 77 96 26 79 35 30 43 93 66 58 69 57
50 17 20 6 69 98 79 73 63 23 20 7 53 28 11 46 78 92 4 97 5 31 92 29 10 39 18 41 69 40 75 16 10 19 55 89 93 74 85 58 74 24 12 75 25 9 61 52 92 42
81 9 53 66 20 98 39 56 40 34 17 39 53 56 67 4 84 92 74 69 65 24 24 99 45 79 88 23 87 51 58 93 43 37 57 99 83 6 4 55 52 59 11 2 91 6 9 56 91 57
31 13 51 54 72 19 15 6 97 72 26 29 60 97 9 42 45 64 86 19 27 95 34 88 56 19 10 70 19 34 41 87 16 10 21 55 30 91 80 34 8 75 10 28 94 18 45 77 96 7
80 11 4 27 69 68 30 5 40 77 32 7 28 4 25 37 1 60 95 18 7 17 44 34 59 96 38 30 11 65 93 6 4 67 54 92 87 66 38 49 90 21 3 66 55 66 8 74 23 94
72 42 5 94 61 14 70 44 66 18 59 34 76 55 46 11 61 57 21 95 14 92 53 48 65 31 86 42 3 61 93 57 16 23 39 98 56 84 46 77 27 63 34 31 18 25 4 7 35 56
50 88 65 34 30 53 69 20 50 31 5 5 61 64 75 17 52 36 95 18 39 40 4 7 37 96 69 15 38 32 53 74 39 42 52 87 50 39 27 28 48 36 31 96 17 37 60 60 81 94
7 35 20 89 63 80 10 91 5 8 41 13 44 64 49 8 69 18 68 63 72 57 57 55 17 16 9 24 26 74 49 48 23 54 80 75 60 70 23 18 25 52 81 3 86 35 66 24 84 80
73 10 98 7 11 80 54 86 9 61 83 11 63 47 82 7 13 58 66 88 57 65 73 76 60 74 98 42 59 5 9 43 37 16 54 19 17 66 59 38 97 38 3 54 35 16 83 71 53 58
49 84 6 4 2 5 68 20 70 46 78 30 21 4 80 77 12 98 79 39 84 15 67 36 48 46 19 38 48 75 96 51 92 73 59 67 65 87 51 14 22 99 51 6 40 89 73 30 61 43
6 77 42 95 89 56 11 33 68 98 64 49 82 95 54 32 10 91 55 60 38 59 84 68 34 42 13 25 52 59 10 32 69 28 23 75 7 64 84 83 79 6 51 94 46 6 50 80 5 47
74 32 68 48 76 63 75 38 22 71 14 43 23 81 62 26 47 83 97 82 91 19 80 37 45 56 31 7 69 5 3 19 90 37 58 97 26 91 31 23 58 2 58 17 2 26 22 74 40 23
10 79 35 33 18 60 91 54 95 43 35 73 61 50 74 11 24 93 30 35 53 62 91 27 24 99 10 61 14 39 35 96 51 38 92 82 39 69 58 6 76 90 88 60 42 98 37 71 78 64
42 38 86 49 88 63 62 69 88 27 32 31 89 75 1 16 86 97 27 19 57 7 14 97 65 83 82 53 3 26 49 68 72 58 91 9 3 36 92 68 2 40 98 69 25 59 9 33 92 88
39 26 23 67 71 67 7 65 56 48 54 73 2 1 71 86 72 27 63 83 9 61 32 72 23 10 41 5 22 75 36 7 63 26 30 30 13 53 61 5 21 74 54 98 78 31 22 23 95 80
61 98 87 69 16 36 64 16 75 26 70 26 78 76 78 42 61 71 55 43 78 60 49 47 15 46 18 98 67 21 90 52 81 91 4 55 39 12 36 42 98 11 64 45 98 24 84 56 82 42
58 61 92 28 52 47 54 95 88 42 33 7 29 26 92 17 6 68 23 67 69 98 50 49 9 45 65 56 20 52 31 53 80 1 77 39 68 36 35 15 28 9 29 33 71 86 78 94 16 25
34 7 52 49 88 96 86 94 60 32 81 45 6 69 20 40 69 15 27 23 34 73 79 12 29 68 3 17 76 73 57 95 8 9 17 82 15 60 64 93 40 46 16 24 51 44 84 38 65 40
63 90 19 93 76 39 56 65 5 75 54 89 72 5 56 65 75 75 38 46 47 5 40 7 88 85 6 20 10 69 8 40 76 37 23 29 28 13 77 54 55 17 13 18 92 39 31 5 89 71
59 85 22 15 83 70 98 35 62 43 53 52 50 17 82 33 64 70 61 87 91 13 29 50 15 42 87 4 55 11 44 49 13 95 17 18 30 29 79 49 94 94 69 23 27 42 42 83 36 11
12 27 93 3 35 53 83 93 34 15 82 46 40 11 36 84 29 62 21 16 68 3 17 79 62 49 82 78 37 66 78 22 50 93 37 13 96 19 45 6 47 83 78 37 92 38 75 11 38 27
43 98 65 55 59 2 89 79 28 5 66 75 82 76 71 9 52 81 69 31 59 65 9 73 45 9 14 43 75 11 47 99 29 82 21 63 84 72 39 50 27 35 3 49 52 37 78 95 72 19
54 99 38 11 2 89 77 36 70 80 42 18 38 15 51 76 39 78 9 44 53 97 25 13 65 21 41 66 22 6 70 44 25 24 70 35 72 13 70 74 99 13 30 27 87 52 60 3 17 91
34 29 75 74 23 37 50 92 49 68 40 98 76 31 14 75 71 78 23 12 72 4 66 76 47 91 19 44 95 8 75 89 17 55 97 65 81 19 19 86 13 83 61 22 55 9 69 59 65 68
6 44 13 6 57 97 50 26 55 99 84 63 29 71 36 55 60 41 50 95 30 87 31 5 11 18 65 73 66 61 66 77 46 87 12 4 16 2 92 20 30 84 96 79 91 2 93 59 40 81
68 45 89 14 80 72 67 97 5 12 27 30 16 85 42 86 51 33 53 47 21 40 28 46 8 52 47 53 51 57 47 7 29 23 76 10 1 73 20 49 84 38 52 25 55 91 61 99 53 81
69 64 39 16 80 49 12 17 15 20 55 40 91 8 39 55 44 18 50 16 97 31 67 41 54 71 23 50 86 59 28 38 65 50 8 84 2 52 58 63 36 26 2 33 72 75 25 38 83 57
6 58 11 65 67 35 81 44 12 46 66 35 78 58 71 43 78 37 68 49 88 83 12 10 73 33 76 86 34 60 60 43 96 38 71 95 17 60 23 28 38 95 15 91 38 85 57 81 86 43
53 73 76 53 98 67 70 63 53 14 87 54 63 23 62 44 52 86 55 3 99 14 24 14 7 24 45 45 62 22 42 99 65 64 85 96 99 73 62 4 96 85 89 22 19 65 31 10 60 1
10 57 9 26 15 45 28 46 58 75 36 69 38 27 75 61 5 28 18 29 24 40 91 2 90 8 73 23 46 76 43 88 41 3 67 58 41 54 95 57 52 23 86 19 42 31 5 15 25 75
87 82 86 36 71 26 79 57 32 25 52 89 33 5 30 12 47 59 74 72 4 93 30 5 52 10 87 42 12 56 92 79 80 90 30 95 54 86 28 75 47 3 52 76 86 88 68 13 8 76
95 57 54 13 23 75 68 15 85 26 7 70 14 72 19 66 66 88 3 60 58 89 30 12 58 55 29 17 64 23 80 57 53 7 99 90 42 61 17 9 52 85 31 93 25 36 44 3 91 61
80 86 93 13 63 10 69 71 1 74 25 92 24 3 35 52 38 4 66 65 10 87 3 81 57 45 56 97 58 44 66 33 95 64 90 8 43 44 15 89 18 43 53 14 85 32 5 87 13 20
93 21 83 6 97 22 49 38 73 85 80 9 88 65 51 43 46 8 13 62 34 4 58 96 14 76 37 48 26 91 80 29 13 33 62 73 70 46 70 29 82 90 76 22 43 27 31 6 46 73
27 79 43 65 81 69 65 81 67 50 24 71 58 40 95 84 69 67 24 11 64 46 82 37 13 16 93 95 85 95 81 20 62 61 52 23 15 79 63 89 71 31 14 73 4 60 30 51 9 69
52 70 52 62 56 17 53 11 29 99 83 67 78 66 30 30 93 50 43 3 58 59 52 97 11 62 67 91 89 81 81 37 38 24 19 96 4 38 58 9 43 12 24 22 24 16 28 8 28 71
49 63 41 67 50 28 2 84 18 42 89 80 38 75 65 88 31 37 91 43 36 41 14 47 45 52 4 48 15 7 13 89 79 48 57 32 94 1 87 87 94 26 49 86 45 10 68 37 22 83
40 38 96 14 20 79 56 35 20 34 3 52 38 97 40 9 47 25 46 65 49 2 43 96 72 36 49 10 89 39 34 83 54 98 87 33 85 52 14 90 52 86 35 10 85 68 68 17 72 24
74 49 18 54 11 2 28 68 36 36 70 52 29 81 15 1 63 37 47 14 84 28 50 82 67 68 98 11 78 69 35 10 5 33 63 22 6 71 4 56 37 70 74 51 67 21 21 33 93 40
61 40 8 93 98 31 35 92 14 65 93 72 86 98 79 45 54 52 26 43 97 8 70 83 60 34 65 66 97 52 89 43 68 20 84 54 89 84 2 80 2 65 5 79 16 78 52 27 44 51
84 66 72 48 18 33 58 21 64 98 64 86 92 68 88 35 95 73 51 16 37 75 20 16 23 9 76 37 33 5 53 76 87 23 44 16 55 89 30 77 89 80 80 2 12 24 24 57 52 13
83 22 53 7 17 88 8 33 35 75 26 19 95 41 12 91 59 28 51 92 98 73 98 46 53 17 86 61 27 90 34 42 50 51 20 98 41 38 58 72 30 54 97 81 98 31 10 22 16 33
50 3 68 93 78 29 81 96 85 70 20 7 56 21 47 46 10 82 10 81 78 49 9 70 58 13 91 42 91 2 10 65 74 48 46 69 7 9 50 66 23 55 2 16 87 83 29 91 42 32
69 13 92 12 61 70 41 93 44 45 42 51 96 2 74 98 93 45 72 40 94 29 70 17 76 9 97 21 44 93 43 46 75 48 73 28 22 92 24 41 52 53 57 75 84 35 95 88 74 52
82 43 97 82 81 27 64 65 64 55 97 65 84 26 3 82 20 69 6 9 74 22 5 19 80 88 18 16 91 67 24 68 70 23 30 27 90 37 1 46 24 86 86 59 51 26 42 18 58 9
35 68 81 8 71 12 44 61 94 91 13 74 74 26 55 92 16 2 85 53 80 44 7 6 6 31 21 29 42 36 17 25 93 73 81 97 47 19 52 74 15 21 29 11 6 42 42 91 46 59
93 8 14 9 22 21 22 17 21 56 15 68 92 9 37 79 37 71 7 3 37 59 29 32 61 91 71 8 3 72 69 34 9 46 41 59 68 36 66 28 61 37 41 61 62 17 29 37 7 28
58 34 42 58 79 44 77 35 74 55 35 96 81 81 6 80 14 89 24 30 67 22 33 45 4 5 87 6 66 95 30 32 26 38 46 25 55 28 66 30 73 99 52 19 87 3 92 12 84 65
10 91 58 51 17 28 73 19 26 92 3 24 79 5 85 93 80 37 81 21 23 45 35 20 64 55 31 58 67 58 43 93 6 87 50 2 34 86 5 94 41 94 21 73 30 58 81 57 25 77
56 90 66 45 28 54 76 49 86 91 84 1 14 68 2 36 60 33 27 85 8 98 20 32 99 73 85 79 44 83 58 74 35 71 56 89 55 95 2 88 66 79 58 98 35 70 6 29 23 93
95 85 38 57 77 31 48 47 27 77 33 31 89 44 5 22 81 6 17 92 22 84 22 99 75 38 99 31 53 55 23 4 37 48 59 66 32 11 40 48 70 26 7 68 86 81 52 57 97 97
61 94 81 52 48 35 55 90 92 59 52 50 67 83 74 22 34 48 94 10 84 35 3 16 9 10 28 91 13 66 96 11 43 9 67 66 22 46 78 20 83 38 55 99 11 68 34 81 22 41
2 52 65 56 88 26 67 6 98 23 28 85 30 55 22 83 68 83 10 76 35 74 26 2 37 56 53 84 75 85 88 82 34 86 85 21 34 15 34 50 13 91 62 78 52 10 99 61 99 4
11 59 5 56 84 3 61 79 45 5 6 27 11 27 21 47 4 18 8 58 6 19 4 66 42 42 83 46 27 23 17 72 61 11 86 59 12 6 77 62 96 66 61 58 5 64 31 67 13 22
33 54 44 4 70 13 40 23 26 23 15 48 72 68 4 90 36 60 21 55 49 21 83 56 68 55 1 4 55 13 76 27 98 70 44 59 90 30 93 56 82 86 27 51 79 99 92 12 64 29
95 95 3 61 47 31 9 57 7 1 4 65 94 34 62 21 52 71 12 15 60 4 75 22 19 14 85 10 56 53 54 3 36 77 83 33 83 34 32 75 63 16 58 77 6 2 48 92 22 16
49 69 23 69 13 71 39 52 49 30 78 91 77 72 50 18 24 23 73 40 39 19 49 29 96 9 22 95 24 59 28 56 51 17 79 30 69 71 92 42 15 28 31 10 48 47 47 54 82 78
94 10 31 59 83 44 17 95 67 95 2 65 48 51 23 26 10 97 98 63 2 98 1 10 84 55 75 3 17 81 73 82 37 68 20 56 61 43 32 42 81 69 84 81 79 60 85 73 77 94
92 57 64 78 65 68 59 72 30 89 97 2 38 16 71 36 49 89 60 82 5 17 32 22 52 81 8 1 55 15 67 44 69 55 3 94 29 76 29 33 76 70 29 98 54 27 59 14 46 91
7 93 58 3 57 21 10 32 20 84 18 68 25 6 15 6 54 20 7 68 85 46 23 87 22 5 92 91 76 53 80 49 2 27 52 60 60 70 92 58 79 73 71 11 68 9 81 20 61 92
84 67 1 98 37 80 65 72 83 43 47 59 20 35 63 24 47 85 89 98 51 80 37 3 1 30 64 56 49 97 57 59 15 2 30 55 72 11 98 81 45 40 29 85 92 28 67 24 42 91
56 68 85 79 66 34 20 9 62 47 92 13 59 11 29 3 68 30 48 18 65 22 72 46 51 5 7 95 73 25 48 95 28 75 87 31 8 64 28 88 25 35 76 24 17 76 58 93 62 99
33 14 58 36 13 25 34 19 18 21 64 56 65 28 50 62 20 96 64 73 20 97 5 63 66 7 31 63 70 25 24 43 25 73 32 57 81 11 10 45 41 90 96 22 36 8 84 13 32 21
26 40 28 80 36 59 22 82 99 89 12 47 32 56 91 70 71 11 63 13 53 59 95 27 80 87 2 79 90 90 55 55 84 49 37 36 54 90 86 75 51 28 77 72 27 90 19 80 33 14
63 90 74 62 58 64 91 93 40 95 67 46 77 35 11 23 22 21 30 74 56 46 33 62 26 74 5 77 25 38 19 17 49 80 85 40 60 52 69 40 31 49 77 33 62 78 54 10 60 88
42 89 18 43 27 63 36 30 43 2 90 84 74 50 89 65 95 79 49 65 49 45 79 36 24 86 50 80 26 88 24 59 10 98 97 94 69 62 38 62 24 61 15 11 46 92 39 54 69 20
12 92 37 5 74 32 64 39 87 78 1 16 67 30 90 23 2 8 82 84 24 1 62 24 65 29 79 53 26 77 51 6 50 53 60 8 46 10 29 89 68 77 40 36 22 56 2 54 32 97
54 67 48 8 41 89 16 65 10 61 52 74 30 6 10 67 43 44 94 61 44 77 28 7 75 60 98 90 92 32 18 1 99 59 84 35 35 37 33 89 8 58 5 62 27 68 32 58 88 41
22 60 17 14 24 66 88 93 35 44 40 73 33 32 16 60 58 55 46 22 9 77 71 83 92 29 70 39 75 42 5 50 53 54 68 79 97 84 78 81 1 19 60 20 79 17 31 38 53 96
6 84 55 59 66 91 63 11 32 99 50 34 39 42 44 30 14 16 75 98 43 34 80 83 56 70 54 47 62 22 35 84 86 40 97 59 79 2 97 63 9 46 36 9 75 70 43 14 18 13
5 16 69 72 42 76 13 2 77 11 38 45 58 48 26 82 84 36 28 20 98 97 92 64 62 61 12 94 29 78 79 11 43 3 14 44 77 19 90 83 92 44 51 94 61 89 35 51 62 37
52 59 57 43 8 76 26 51 96 39 18 87 18 93 67 54 91 53 93 97 12 62 87 91 67 36 38 48 26 47 24 76 71 96 34 34 85 72 11 65 97 35 40 13 40 70 90 70 60 67
55 29 12 8 94 2 4 4 96 52 84 24 1 44 71 93 30 24 71 99 32 48 50 45 72 50 36 52 83 90 70 82 11 92 59 70 48 58 63 30 17 10 56 7 22 19 50 75 78 34
34 73 85 12 23 27 53 87 77 94 49 67 53 51 7 62 90 5 15 17 31 76 31 99 57 1 88 7 99 10 37 66 76 96 4 60 53 20 75 59 89 10 85 38 60 85 15 56 19 66
61 26 60 97 66 58 63 27 64 7 60 74 44 52 21 62 81 77 71 9 68 68 23 98 56 91 22 77 97 40 36 31 13 16 11 14 29 30 82 75 67 32 4 80 82 15 78 56 67 79
5 26 45 50 55 88 28 40 24 91 87 2 84 96 68 43 11 85 52 59 86 12 91 45 32 98 14 40 32 73 48 28 71 88 75 55 61 31 13 5 67 23 94 87 32 7 84 69 6 34
45 55 62 21 63 59 13 48 36 3 43 7 5 81 87 29 64 54 16 75 43 54 6 1 92 39 43 9 90 73 48 55 81 24 58 59 77 73 99 83 98 78 79 80 73 86 70 22 57 32
31 77 10 8 63 36 81 31 8 10 74 22 44 90 84 50 89 66 94 39 77 71 24 96 96 76 99 16 95 43 93 25 96 84 51 49 13 43 85 14 82 33 18 1 76 38 59 76 48 62
47 38 3 68 47 5 9 37 71 39 68 18 95 84 49 68 41 42 77 1 80 52 82 21 92 22 12 85 41 44 1 70 4 99 7 94 6 97 50 93 50 39 6 21 27 30 74 18 79 51
10 69 42 3 34 85 91 49 61 47 69 67 92 40 50 5 97 51 10 21 68 57 86 1 55 49 89 85 70 22 95 58 42 96 50 46 62 38 97 21 88 95 87 7 12 64 60 80 54 4
38 35 13 95 82 22 18 85 97 53 30 75 40 62 50 14 24 26 82 21 79 4 78 96 1 36 79 19 24 43 4 51 75 44 38 97 1 11 18 4 19 12 64 34 79 78 12 29 92 69
41 15 36 95 48 47 72 19 45 62 55 54 13 26 29 50 68 46 78 23 60 93 55 82 1 92 98 7 70 96 59 70 71 26 5 27 3 28 2 65 92 98 63 12 51 22 82 29 37 12
37 13 35 64 83 60 93 78 89 73 77 17 8 43 86 63 17 79 74 25 92 71 70 51 32 66 23 46 90 84 69 14 38 2 29 32 13 86 5 55 33 57 16 67 45 53 49 88 17 76
8 56 69 54 90 81 46 91 60 12 40 59 81 86 2 46 4 99 25 94 73 5 31 35 42 55 98 17 14 78 73 6 22 69 19 58 24 87 87 4 95 84 25 63 43 12 96 19 67 86
47 11 25 95 40 1 16 61 24 72 70 32 46 91 3 6 27 23 47 91 52 35 77 83 41 94 56 93 22 75 53 15 71 99 85 85 70 78 88 31 49 48 17 50 48 7 50 39 29 87
7 14 50 99 5 62 86 64 81 69 5 17 86 32 71 25 50 91 14 9 27 53 22 87 14 41 17 78 76 63 85 17 98 56 45 98 54 38 36 70 33 37 60 20 20 94 40 72 69 90
37 83 9 27 16 49 81 12 83 23 52 48 11 41 38 34 24 44 29 20 97 5 23 11 56 75 63 68 64 92 83 54 42 41 89 74 61 48 38 25 26 33 18 1 55 30 38 26 48 41
47 43 82 67 29 34 33 29 16 95 49 51 78 14 56 45 1 26 19 75 50 59 79 54 48 83 41 9 9 16 94 68 5 47 92 83 95 54 6 39 1 89 60 31 61 64 97 90 93 7
76 92 72 40 49 80 29 26 73 51 14 98 55 99 98 7 96 76 53 10 83 60 91 30 90 56 73 94 70 40 91 1 12 95 49 62 54 33 79 2 93 78 22 24 67 43 23 4 41 84
44 80 52 31 72 79 73 33 69 96 37 11 48 2 69 70 74 56 95 42 4 34 40 50 44 47 78 79 23 8 72 76 95 9 73 73 94 36 69 61 14 16 65 15 86 18 89 51 59 50
32 54 89 97 8 2 61 50 40 52 6 24 36 14 92 37 97 56 1 99 20 69 5 14 26 30 99 96 96 42 56 86 95 87 85 26 13 52 34 42 98 85 56 42 93 57 98 10 93 29
38 45 59 23 53 9 91 62 91 88 28 89 20 74 3 42 58 77 46 4 50 97 22 36 45 93 16 26 81 10 1 42 91 67 36 55 24 70 7 84 49 37 1 41 36 96 77 46 87 65
45 11 5 3 24 92 58 73 32 79 75 67 26 78 49 24 91 99 3 25 31 16 29 93 80 43 63 37 46 68 50 11 9 30 43 39 45 65 35 47 36 46 49 29 92 82 42 24 9 60
62 65 44 36 89 17 49 40 60 32 50 29 72 96 49 31 30 40 19 36 91 16 4 28 13 11 89 89 88 50 93 47 61 5 81 11 26 13 51 37 50 6 35 52 90 23 42 86 73 51
45 21 22 9 48 35 41 58 88 60 49 20 66 33 63 64 9 41 7 4 78 45 15 73 69 61 5 28 10 3 30 49 70 81 99 91 47 27 91 18 25 96 37 50 57 83 30 15 31 36
89 78 65 11 17 28 72 34 31 5 3 39 49 9 79 82 89 46 22 82 19 21 23 23 29 64 16 69 6 91 37 54 24 60 17 83 9 83 5 16 61 39 49 43 69 40 29 88 26 79
28 5 64 26 73 69 88 70 46 10 13 41 52 28 14 73 48 84 97 80 79 87 75 64 89 10 37 79 50 1 57 89 75 11 41 29 68 78 80 66 31 10 65 1 88 90 87 34 72 36
86 66 22 14 57 34 71 27 48 66 41 6 60 45 32 81 94 79 56 28 13 11 18 27 46 51 51 70 63 33 47 9 8 32 96 48 53 65 3 22 26 66 63 14 11 84 18 29 62 8
74 97 24 53 20 14 51 51 99 61 60 51 25 26 45 46 88 95 42 69 23 96 13 59 30 45 41 5 28 4 77 32 99 74 17 39 73 20 87 7 56 38 52 65 64 26 61 90 15 80
24 95 50 40 63 45 91 95 57 82 93 78 55 72 14 6 30 91 23 43 68 74 99 69 85 46 98 90 75 20 56 19 50 67 93 22 9 34 97 67 7 24 26 80 36 36 65 4 87 21
77 27 99 27 19 25 54 35 14 76 33 92 48 87 99 22 23 55 68 48 47 86 41 17 74 8 8 95 92 93 78 89 2 37 42 64 69 7 39 31 14 21 14 49 83 87 23 43 86 64
8 26 84 88 76 41 58 60 74 59 51 60 6 94 90 16 37 14 10 90 63 82 51 2 59 15 85 42 4 94 70 62 46 10 34 33 37 42 73 59 99 35 23 19 73 44 75 23 54 62
64 34 84 46 80 16 95 79 87 86 23 33 92 98 59 73 93 19 51 42 97 89 57 96 81 16 51 87 39 65 23 82 8 78 32 94 61 89 19 93 87 33 62 87 86 9 29 8 55 7
47 81 86 7 40 17 38 54 61 66 29 73 60 86 88 58 27 8 39 84 68 8 95 46 96 15 83 12 83 9 74 5 70 38 44 72 3 91 36 96 8 89 14 57 54 73 57 43 67 48
2 74 48 28 6 83 40 25 29 57 99 8 68 1 25 82 86 21 70 6 77 73 48 96 51 72 73 2 86 98 56 77 74 55 27 31 55 29 71 59 3 29 19 24 69 6 47 18 60 55
65 73 89 64 15 7 10 1 46 45 88 36 37 92 90 59 31 42 45 80 79 94 69 3 58 7 22 63 25 83 59 45 23 46 82 87 75 29 76 1 27 82 55 26 75 63 58 73 50 1
96 72 39 41 67 98 33 53 23 94 86 20 33 55 95 13 58 4 69 36 16 86 10 56 29 54 58 66 88 95 46 79 87 17 91 94 20 57 72 85 21 50 59 24 18 95 70 54 30 14
15 78 79 47 92 34 95 59 63 37 28 85 89 92 74 9 82 54 48 25 47 85 85 98 53 69 82 62 19 17 92 77 71 80 53 59 90 2 24 63 39 32 10 52 30 65 52 78 14 40
77 60 85 71 64 50 45 10 44 50 54 70 89 5 51 73 60 75 27 97 81 19 98 11 34 93 53 83 39 19 50 42 90 61 48 38 75 30 17 62 55 46 10 41 91 40 56 53 47 26
39 4 71 12 87 89 48 77 74 81 9 8 5 34 64 62 51 8 11 6 41 25 49 2 15 28 20 74 78 91 7 87 10 46 39 68 18 75 78 25 34 29 44 33 45 15 20 66 50 60
63 40 77 25 10 58 84 45 6 90 53 49 92 93 34 83 44 47 81 58 53 40 30 65 70 95 62 62 23 74 48 36 92 96 54 70 24 75 69 77 59 9 86 94 11 82 93 9 85 20
93 77 64 84 82 50 1 43 58 79 41 24 64 67 12 92 71 62 3 77 55 10 49 72 14 79 60 83 5 62 44 52 97 49 81 76 54 37 82 55 20 66 18 96 2 67 20 92 64 44
24 40 83 55 56 71 68 29 45 64 2 74 91 89 48 78 82 50 74 60 96 29 41 25 74 63 4 60 24 77 33 24 42 88 4 92 36 98 79 47 31 30 28 28 42 79 89 33 39 95
72 54 7 61 78 10 74 6 79 77 15 20 33 44 83 32 27 60 25 39 86 67 23 32 52 97 39 78 66 46 40 44 62 23 1 95 80 19 69 16 23 9 91 84 23 8 41 87 41 73
57 90 35 26 98 74 82 55 74 99 61 65 56 57 47 15 59 94 24 29 80 75 50 62 5 48 64 44 37 4 92 23 92 56 66 43 29 83 2 24 15 16 62 62 58 74 38 60 12 77
14 39 24 74 99 8 68 33 55 37 80 27 49 35 89 79 84 60 18 27 15 49 39 58 93 87 2 53 1 91 82 89 36 45 92 59 85 73 9 72 32 44 97 22 81 81 51 84 14 2
98 70 87 79 27 17 62 39 5 34 63 94 75 40 65 47 92 76 59 97 91 81 34 19 20 5 66 19 86 21 22 16 53 21 52 78 57 80 7 77 31 14 34 11 10 97 66 97 96 34
39 84 83 44 62 5 30 2 25 16 17 36 20 19 78 72 94 35 15 52 34 70 29 20 55 99 65 8 58 36 24 89 10 67 47 45 30 46 54 22 46 94 67 66 64 4 85 55 10 85
25 42 96 79 16 59 29 44 25 37 69 23 39 24 85 78 24 21 73 8 64 10 68 62 45 62 38 57 75 66 57 12 59 86 56 81 96 10 32 65 31 8 94 2 82 46 54 95 48 71
96 91 94 4 19 17 62 62 40 61 78 43 92 12 80 84 13 12 2 3 84 42 96 76 66 27 9 86 18 33 24 36 43 97 97 77 67 30 16 22 96 32 53 41 87 46 80 7 29 34
34 5 78 29 78 26 91 99 6 94 28 80 69 3 89 6 84 67 37 55 20 49 77 2 73 79 94 48 68 96 54 27 90 90 89 57 34 11 35 22 34 52 79 89 32 46 81 81 11 55
10 82 38 88 51 53 69 28 82 72 34 87 92 74 21 2 14 86 42 32 93 32 68 28 27 7 50 27 7 59 32 97 68 48 27 56 60 31 3 51 73 76 95 65 58 45 45 89 45 7
22 75 80 80 44 34 37 1 96 12 69 59 11 86 6 87 21 79 29 68 48 24 69 30 67 49 56 85 13 45 92 84 11 30 30 69 72 23 11 66 59 53 51 2 25 36 80 55 91 61
93 79 17 62 4 58 40 95 27 79 25 34 92 49 47 99 9 31 19 99 28 98 85 78 38 82 40 1 77 91 20 47 28 62 28 77 60 29 41 48 1 16 5 16 44 42 33 90 15 53
1 77 30 44 20 79 56 84 35 43 62 65 93 1 24 55 40 83 43 38 44 44 17 36 55 86 51 87 33 95 54 1 49 7 43 80 9 45 75 85 34 37 91 49 18 18 40 28 10 32
40 95 24 70 73 15 45 77 98 92 95 20 37 81 80 39 38 52 62 54 34 9 89 18 80 22 10 22 12 13 31 55 14 57 44 40 47 57 68 52 6 96 26 16 29 14 85 42 21 38
79 46 67 96 82 88 28 46 6 91 71 78 73 59 75 78 86 27 85 71 13 22 33 2 95 49 53 51 4 31 57 59 9 58 5 90 11 32 29 82 99 61 32 65 94 12 27 13 87 28
6 6 67 9 6 22 68 45 19 67 71 74 90 40 99 24 43 76 87 60 41 23 19 86 16 38 20 64 58 84 18 23 20 9 33 50 9 79 5 75 19 64 85 58 77 65 83 13 16 9

Demandas:
0 0 0 0 0 0 1
0 0 0 1 0 0 0
0 1 0 0 0 0 0
1 0 0 0 0 0 0
1 0 0 0 0 0 0
1 0 0 0 0 0 0
1 0 0 0 0 0 0
1 0 0 0 0 0 0
1 0 0 0 0 0 0
0 0 0 1 0 0 0
0 0 0 1 0 0 0
0 1 0 0 0 0 0
0 1 0 0 0 0 0
1 0 0 0 0 0 0
0 0 1 0 0 0 0
0 0 0 0 0 0 1
0 1 0 0 0 0 0
0 0 1 0 0 0 0
0 0 0 0 0 0 1
0 1 0 0 0 0 0
0 1 0 0 0 0 0
0 0 0 0 1 0 0
0 0 0 0 0 1 0
0 0 0 0 0 0 1
0 0 0 0 0 0 1
0 0 0 0 1 0 0
1 0 0 0 0 0 0
0 0 0 0 1 0 0
0 0 0 0 0 1 0
1 0 0 0 0 0 0
0 1 0 0 0 0 0
1 0 0 0 0 0 0
0 0 0 0 0 1 0
0 0 0 0 0 0 1
1 0 0 0 0 0 0
0 0 0 0 0 1 0
0 1 0 0 0 0 0
0 0 0 0 0 0 1
0 0 1 0 0 0 0
0 0 0 0 0 1 0
0 0 0 0 1 0 0
0 1 0 0 0 0 0
0 0 1 0 0 0 0
0 1 0 0 0 0 0
0 0 0 0 0 0 1
0 0 0 0 1 0 0
0 1 0 0 0 0 0
0 0 0 0 1 0 0
0 1 0 0 0 0 0
0 0 1 0 0 0 0
0 0 0 1 0 0 0
0 0 0 0 0 1 0
0 0 1 0 0 0 0
1 0 0 0 0 0 0
0 0 0 1 0 0 0
0 0 0 0 0 0 1
0 0 0 0 0 1 0
0 0 0 1 0 0 0
0 0 0 0 0 1 0
0 1 0 0 0 0 0
0 1 0 0 0 0 0
0 1 0 0 0 0 0
0 0 0 1 0 0 0
0 0 0 0 1 0 0
0 0 1 0 0 0 0
1 0 0 0 0 0 0
0 0 1 0 0 0 0
0 0 0 0 0 1 0
0 0 1 0 0 0 0
0 0 0 0 1 0 0
0 0 0 0 1 0 0
1 0 0 0 0 0 0
0 0 1 0 0 0 0
0 0 1 0 0 0 0
1 0 0 0 0 0 0
0 0 0 0 0 0 1
0 0 0 0 0 0 1
1 0 0 0 0 0 0
0 0 1 0 0 0 0
0 0 0 0 1 0 0
0 0 0 1 0 0 0
0 0 1 0 0 0 0
0 0 0 0 0 1 0
0 0 1 0 0 0 0
0 0 1 0 0 0 0
0 0 0 0 1 0 0
0 0 0 0 1 0 0
1 0 0 0 0 0 0
0 0 0 1 0 0 0
0 0 0 1 0 0 0
0 0 0 0 0 1 0
0 1 0 0 0 0 0
1 0 0 0 0 0 0
0 0 0 0 0 1 0
1 0 0 0 0 0 0
0 0 0 1 0 0 0
0 0 1 0 0 0 0
0 0 0 0 0 0 1
0 0 0 1 0 0 0
0 0 1 0 0 0 0
0 1 0 0 0 0 0
0 0 0 0 0 0 1
0 0 0 0 1 0 0
0 0 1 0 0 0 0
0 1 0 0 0 0 0
0 0 0 0 0 0 1
0 0 1 0 0 0 0
0 0 0 0 1 0 0
0 0 0 0 1 0 0
0 0 0 0 0 0 1
0 0 0 0 0 1 0
0 0 1 0 0 0 0
0 0 1 0 0 0 0
1 0 0 0 0 0 0
0 0 0 0 0 0 1
1 0 0 0 0 0 0
0 0 0 1 0 0 0
0 0 0 0 0 0 1
0 0 1 0 0 0 0
0 0 1 0 0 0 0
1 0 0 0 0 0 0
0 0 0 0 0 0 1
0 1 0 0 0 0 0
0 0 0 0 0 0 1
0 0 0 0 1 0 0
0 0 1 0 0 0 0
0 0 0 0 0 1 0
0 0 1 0 0 0 0
0 0 0 0 1 0 0
0 1 0 0 0 0 0
0 0 0 0 0 0 1
0 0 0 0 1 0 0
1 0 0 0 0 0 0
0 0 0 0 1 0 0
0 1 0 0 0 0 0
0 0 0 1 0 0 0
0 0 0 0 0 1 0
0 0 0 0 0 1 0
0 0 0 1 0 0 0
0 1 0 0 0 0 0
0 0 0 0 0 0 1
0 1 0 0 0 0 0
0 1 0 0 0 0 0
0 0 0 0 1 0 0
0 0 1 0 0 0 0
1 0 0 0 0 0 0
0 0 1 0 0 0 0
1 0 0 0 0 0 0
0 1 0 0 0 0 0
0 0 0 0 0 1 0
0 0 0 1 0 0 0
0 0 0 0 0 1 0
0 0 0 0 1 0 0
0 0 0 1 0 0 0
0 0 0 0 0 1 0
1 0 0 0 0 0 0
0 0 0 1 0 0 0
0 0 0 0 0 0 1
0 1 0 0 0 0 0
0 0 0 1 0 0 0
0 0 0 1 0 0 0
0 0 0 0 1 0 0
1 0 0 0 0 0 0
0 0 0 0 1 0 0
0 1 0 0 0 0 0
0 0 0 0 1 0 0
0 0 0 0 0 0 1
0 0 0 0 0 1 0
0 0 0 0 0 0 1
0 1 0 0 0 0 0
0 0 0 1 0 0 0
1 0 0 0 0 0 0
0 0 0 0 0 0 1
0 0 0 0 1 0 0
1 0 0 0 0 0 0
0 0 0 1 0 0 0
0 1 0 0 0 0 0
0 0 0 0 1 0 0
0 0 0 0 1 0 0
0 0 0 1 0 0 0
1 0 0 0 0 0 0
0 1 0 0 0 0 0
1 0 0 0 0 0 0
1 0 0 0 0 0 0
0 0 0 0 0 1 0
0 0 0 0 0 1 0
0 0 0 1 0 0 0
0 0 0 1 0 0 0
1 0 0 0 0 0 0
0 0 0 1 0 0 0
0 0 0 1 0 0 0
0 0 0 1 0 0 0
0 0 0 0 0 0 1
0 0 0 1 0 0 0
1 0 0 0 0 0 0
0 0 1 0 0 0 0
0 0 1 0 0 0 0
0 1 0 0 0 0 0
0 0 0 0 0 0 1
0 0 0 0 1 0 0
0 1 0 0 0 0 0
0 1 0 0 0 0 0
1 0 0 0 0 0 0
0 1 0 0 0 0 0
0 0 0 0 0 0 1
0 0 1 0 0 0 0
0 0 0 0 0 1 0
1 0 0 0 0 0 0
0 1 0 0 0 0 0
0 0 0 1 0 0 0
0 0 0 1 0 0 0
0 0 1 0 0 0 0
0 0 0 1 0 0 0
0 0 0 1 0 0 0
1 0 0 0 0 0 0
0 0 0 0 0 0 1
0 1 0 0 0 0 0
0 0 0 0 0 1 0
0 0 1 0 0 0 0
1 0 0 0 0 0 0
0 0 0 0 1 0 0
0 0 0 0 0 1 0
0 0 0 0 0 1 0
0 0 1 0 0 0 0
0 0 1 0 0 0 0
0 0 0 0 1 0 0
0 0 0 1 0 0 0
0 0 0 0 1 0 0
0 0 0 0 0 0 1
0 0 0 0 1 0 0
0 0 0 0 1 0 0
0 0 0 0 0 0 1
0 0 0 0 1 0 0
0 0 0 0 1 0 0
0 0 0 0 0 1 0
0 1 0 0 0 0 0
0 0 0 1 0 0 0
0 1 0 0 0 0 0
0 0 1 0 0 0 0
0 0 0 1 0 0 0
0 0 0 0 0 0 1
0 0 0 0 0 0 1
0 0 0 0 0 1 0
0 0 0 1 0 0 0
0 0 0 0 0 0 1
1 0 0 0 0 0 0
1 0 0 0 0 0 0
1 0 0 0 0 0 0
0 0 0 0 0 0 1
0 0 0 0 0 1 0

Capacidades:
3 0 3 2 1 3 2
3 0 0 1 2 2 4
2 1 3 0 1 3 2
1 0 3 1 2 1 1
3 4 0 3 2 3 0
4 1 0 4 1 1 2
4 1 0 2 2 3 4
2 3 1 4 3 1 3
3 0 0 2 4 3 1
4 3 0 0 3 0 0
3 4 3 2 2 3 1
0 4 3 3 4 4 4
0 2 4 3 4 1 2
4 2 3 1 2 1 0
4 2 1 2 3 4 1
1 1 0 3 4 1 3
2 2 4 3 1 2 4
4 2 4 2 3 1 1
4 0 0 3 3 2 4
2 4 3 0 4 3 0
1 1 2 3 1 2 4
4 0 3 1 3 0 4
3 4 2 4 3 3 2
1 4 3 4 4 2 1
3 1 1 3 2 0 0
1 4 2 0 4 4 3
4 0 1 1 1 4 0
1 1 2 4 0 1 3
2 0 0 4 0 2 0
2 0 1 4 3 1 1
2 1 1 0 1 1 0
1 2 1 3 4 2 2
2 4 1 0 2 3 2
4 4 0 1 2 1 0
0 4 1 3 0 4 3
3 3 1 0 0 0 2
1 3 1 3 1 0 4
3 3 1 3 2 2 4
3 1 3 2 2 2 4
1 2 0 0 2 1 2
2 1 3 0 0 1 4
4 4 1 3 1 1 2
0 1 3 0 0 3 1
4 3 3 0 4 4 3
0 3 2 3 0 0 4
0 2 1 4 4 3 3
0 4 2 0 2 0 2
4 3 4 2 0 0 0
2 3 2 2 1 1 3
4 2 4 3 3 1 1
