m: 100
n: 30
k: 8

Distancias:
48 70 22 60 3 4 85 64 14 63 38 49 6 14 96 31 87 77 32 59 81 33 24 40 67 44 13 95 22 47
97 21 46 46 46 14 61 85 74 44 62 38 76 17 17 99 42 63 29 30 80 83 64 7 73 15 32 46 15 5
53 2 82 63 44 8 58 70 50 53 9 74 27 22 76 68 8 1 71 75 9 22 63 51 86 57 44 36 66 76
49 81 58 47 2 71 69 39 16 72 64 9 71 59 60 60 36 73 55 30 3 23 1 64 14 36 3 59 69 16
47 23 69 22 29 84 85 15 13 84 38 72 36 5 94 61 58 47 57 44 75 21 54 28 63 5 89 40 97 69
95 67 59 63 56 56 98 21 64 9 76 48 82 95 31 92 76 37 5 50 44 48 6 98 94 77 27 88 75 55
53 56 22 1 31 84 99 33 13 80 56 37 85 46 77 80 57 55 58 46 69 11 56 28 57 59 78 54 86 91
17 34 14 37 67 11 60 76 41 47 85 70 71 88 51 64 27 18 46 53 32 64 49 40 67 32 77 67 81 92
21 46 71 42 9 40 76 70 7 17 16 30 3 97 49 13 47 81 97 54 47 44 92 78 14 23 1 65 97 75
7 43 67 21 69 2 13 8 70 80 54 1 5 8 67 73 45 53 37 37 19 25 50 73 1 7 26 63 8 96
83 11 38 72 79 32 66 78 20 7 30 1 45 68 39 94 75 83 90 32 56 96 10 84 85 38 6 97 5 11
66 7 82 71 41 79 4 51 66 25 90 7 36 76 62 1 61 91 47 38 63 83 77 13 16 32 45 67 84 71
20 95 53 96 68 30 12 97 72 11 21 63 90 56 76 84 89 2 64 36 42 41 13 65 49 83 95 48 13 64
88 46 65 93 82 45 93 65 27 13 16 81 94 16 75 92 77 25 44 41 47 52 90 85 31 53 2 90 68 8
92 60 23 76 11 75 37 91 28 35 53 95 22 70 75 82 79 31 67 45 36 96 47 26 73 97 43 18 51 31
56 7 21 57 15 53 68 31 41 22 53 18 74 68 26 77 26 4 87 21 18 18 3 95 39 98 87 89 59 44
13 74 33 25 30 76 44 92 81 59 40 69 60 54 69 57 80 57 74 49 8 33 93 60 57 85 9 18 89 44
23 93 81 17 27 13 58 92 38 26 59 51 91 91 99 83 41 16 95 75 66 33 58 46 25 47 86 32 93 63
24 51 75 32 33 64 47 67 41 90 71 75 15 35 74 42 71 83 98 71 65 47 75 13 71 60 91 49 87 99
39 30 84 29 55 2 60 12 77 59 89 83 52 84 74 23 10 55 85 60 58 60 87 11 29 85 49 2 30 39
18 10 66 75 75 79 53 42 22 3 9 81 61 47 76 1 89 70 19 70 7 55 22 68 66 76 95 57 95 80
42 24 82 39 18 50 88 34 79 43 54 76 73 42 45 85 15 90 96 65 25 38 31 37 61 20 54 80 14 91
32 13 27 45 62 25 69 64 6 98 42 83 37 89 8 41 40 72 57 81 35 53 9 6 36 2 33 69 34 1
74 85 16 96 65 9 57 92 3 97 74 83 25 57 93 75 77 38 14 45 85 65 37 19 58 26 31 61 41 92
52 27 64 50 40 10 26 49 15 22 97 2 95 86 5 33 96 91 81 44 30 1 32 24 38 98 94 64 99 57
22 22 50 97 14 11 72 35 79 6 10 10 6 4 32 62 9 39 78 95 7 81 13 23 5 7 21 15 40 30
50 33 36 27 53 64 17 91 66 19 34 79 88 83 14 26 41 47 57 78 59 68 83 89 18 67 41 70 39 65
83 39 52 71 32 17 16 33 5 9 7 25 98 40 85 97 64 76 5 27 71 14 74 42 99 56 93 85 87 73
56 76 48 8 48 98 71 93 26 72 50 67 80 26 49 31 57 35 67 44 48 80 37 96 81 3 44 38 15 72
39 83 19 45 83 14 10 54 68 27 55 10 44 23 69 65 91 60 36 11 20 6 59 44 17 64 66 28 44 51
74 39 87 99 94 30 61 81 18 3 20 65 50 97 65 41 69 73 91 52 48 31 18 15 48 4 21 52 20 64
51 59 16 39 93 96 70 72 67 25 25 74 65 7 67 86 94 23 85 5 90 12 18 46 15 95 7 82 31 1
20 35 96 44 56 99 85 73 19 85 89 52 39 9 63 62 82 66 80 72 57 92 75 96 39 64 35 81 51 80
56 51 97 93 78 29 93 10 76 46 12 8 32 31 12 71 88 23 31 30 86 6 67 31 54 8 4 28 49 21
36 70 63 51 21 94 33 69 82 52 10 71 34 61 99 69 82 83 28 43 99 72 91 92 70 59 22 96 15 50
18 38 20 32 7 54 67 10 67 58 86 93 69 85 26 18 35 3 58 1 50 17 61 79 43 47 49 29 66 79
72 2 62 21 6 74 29 90 4 59 95 30 31 88 91 59 93 60 68 39 63 14 81 27 71 27 87 81 58 91
90 8 30 5 99 47 56 61 22 64 63 96 27 77 2 85 38 92 96 26 1 57 76 94 90 14 55 34 79 21
18 87 42 38 57 97 88 48 25 11 51 62 46 71 99 64 64 94 62 26 47 73 61 16 14 78 65 47 2 74
3 81 60 92 95 93 59 78 56 52 44 82 99 90 76 25 86 82 51 34 36 10 36 65 50 29 3 80 75 25
98 1 1 55 64 41 52 82 34 69 67 60 35 28 46 75 84 78 90 59 71 88 35 18 14 70 80 39 51 10
76 18 34 68 38 7 61 43 39 2 24 33 79 37 6 45 31 63 61 40 28 71 46 10 23 81 71 83 91 70
12 86 59 60 23 65 73 86 12 90 91 69 15 30 94 22 27 38 33 92 77 54 47 10 82 11 76 72 18 69
75 75 49 66 75 7 14 69 1 34 84 20 88 85 14 61 16 26 41 83 25 45 58 97 15 23 47 74 27 23
49 50 15 12 50 30 47 22 61 86 32 29 23 1 33 1 27 9 73 85 6 83 94 7 31 35 83 68 17 37
63 79 75 48 44 49 45 44 98 43 66 21 63 80 23 57 94 58 30 27 90 80 73 76 93 48 33 17 84 77
79 25 75 35 31 88 63 76 42 5 31 31 18 26 85 32 61 31 79 84 52 12 47 72 36 22 65 71 1 30
6 55 25 20 88 32 41 75 59 38 89 99 97 12 73 27 86 51 13 18 43 90 92 68 61 55 91 44 52 69
40 89 31 17 56 36 94 14 67 68 66 29 87 72 64 45 95 49 37 49 44 58 43 88 70 14 24 53 15 95
95 45 81 97 87 69 23 28 89 59 81 14 83 56 49 50 61 84 28 46 93 40 27 48 26 61 46 15 63 10
27 8 7 71 36 9 92 25 33 28 55 89 57 82 7 28 57 35 68 72 75 35 94 95 50 94 27 54 16 13
82 33 23 16 44 57 26 66 24 38 31 24 99 24 97 22 24 40 46 51 59 86 64 83 8 35 27 93 86 16
81 15 35 18 22 62 66 91 69 70 11 30 79 68 55 52 18 93 18 69 2 47 85 30 29 69 68 54 64 60
56 18 3 29 66 47 58 92 64 59 78 97 84 77 75 4 68 48 58 79 52 80 59 50 23 54 63 55 23 51
20 29 20 27 30 30 67 38 67 44 19 7 12 17 48 96 70 26 59 36 31 4 37 70 99 42 67 92 12 33
43 73 51 13 56 36 83 37 57 92 34 66 63 65 57 37 19 65 5 80 24 38 18 81 28 4 84 72 10 82
34 56 40 78 85 74 63 66 73 4 96 36 69 92 61 85 66 2 50 44 1 95 40 55 22 12 2 8 24 42
45 2 75 29 63 4 25 25 14 55 97 71 51 70 18 17 32 10 79 58 62 41 20 19 95 51 92 2 76 45
67 62 56 22 58 22 28 41 77 86 68 43 50 29 44 58 85 88 33 7 67 30 49 88 39 46 70 23 27 82
8 33 29 76 22 30 14 4 30 4 30 47 66 23 18 98 66 82 54 24 68 68 79 8 53 14 43 32 96 65
42 1 16 33 81 87 70 33 65 18 29 21 23 66 96 73 67 73 73 42 11 13 34 25 75 69 93 18 20 30
67 57 78 45 44 51 32 87 42 51 16 80 35 68 37 8 47 28 37 69 87 30 98 67 71 63 59 51 59 11
94 42 5 3 1 92 6 90 77 21 32 96 35 17 2 68 93 97 39 86 52 28 15 97 21 48 16 15 72 11
50 33 7 33 48 17 42 47 17 72 87 60 92 7 44 74 15 56 7 60 36 21 25 39 83 95 41 11 94 36
67 92 86 72 93 31 39 5 11 65 72 33 16 34 61 69 24 48 32 73 44 99 63 8 35 24 10 65 3 81
34 85 71 57 75 26 6 41 26 8 97 3 48 84 50 39 95 34 97 87 87 89 88 65 31 19 25 79 62 71
72 73 82 93 98 8 69 30 20 6 36 49 75 96 57 11 94 56 8 5 68 54 66 19 90 78 17 35 49 31
65 71 35 72 82 45 13 1 69 84 38 66 96 82 68 13 23 60 84 55 8 79 17 27 45 99 63 58 60 20
2 30 71 54 42 55 6 73 21 1 46 51 99 2 24 21 29 78 42 24 44 5 26 92 63 68 40 3 12 60
75 85 50 41 14 90 76 92 83 83 44 45 94 61 44 72 72 61 89 15 58 30 58 10 75 26 34 4 52 85
19 93 46 51 94 47 38 36 8 68 95 16 70 8 14 53 14 4 94 6 51 37 43 89 56 42 33 66 11 47
65 20 3 80 65 72 54 28 9 17 46 8 10 69 19 86 9 64 9 84 18 17 2 10 65 60 3 24 28 25
76 97 31 87 2 23 18 97 5 94 58 45 63 25 12 68 44 39 32 22 79 90 33 43 12 75 81 81 54 95
4 2 62 97 92 17 37 49 64 29 72 55 60 79 65 75 27 13 57 40 80 64 18 39 48 28 28 58 38 56
73 15 72 20 18 12 16 98 87 97 36 15 95 48 86 78 34 46 26 9 16 40 11 68 38 34 71 72 2 81
31 27 52 40 1 55 30 8 43 98 19 1 28 44 95 3 71 55 61 53 63 83 79 85 90 57 76 31 91 60
85 55 37 36 11 1 27 6 28 66 46 9 71 46 10 17 40 70 48 38 38 16 82 10 2 20 66 5 26 85
71 54 87 78 43 35 33 42 5 87 48 20 69 65 81 80 85 78 80 18 38 42 84 5 41 53 78 8 13 38
86 92 58 9 10 79 61 66 23 48 1 18 76 59 50 45 88 15 70 78 21 85 97 27 71 98 66 32 75 96
27 70 79 1 69 44 68 76 47 25 70 95 82 84 40 59 4 3 53 43 10 55 23 24 42 98 72 89 25 40
25 51 83 46 9 74 94 89 17 91 30 79 73 51 57 37 52 9 42 87 78 96 95 72 38 66 52 29 94 97
57 5 49 68 22 58 85 33 75 67 78 5 12 83 90 91 42 4 58 24 19 41 50 14 2 40 73 75 91 64
48 41 18 95 12 72 73 74 55 99 58 85 41 42 73 99 90 42 56 64 95 13 1 92 63 77 99 58 3 1
32 68 25 14 34 74 35 52 69 88 93 71 9 80 14 2 58 51 16 89 99 23 12 62 23 54 25 74 38 51
31 20 63 17 27 48 42 70 49 87 18 2 95 98 27 21 58 73 28 46 9 44 58 37 97 68 72 39 63 18
37 6 87 2 53 33 62 74 96 14 53 39 72 47 68 31 90 88 92 21 26 83 5 94 70 43 73 79 75 5
12 71 41 13 71 72 51 59 76 92 48 81 47 51 37 8 34 32 91 23 8 86 97 1 53 73 89 83 88 46
76 17 56 52 48 47 72 64 84 52 31 30 76 75 94 59 56 52 28 56 47 1 63 37 1 5 35 57 3 34
21 57 38 27 19 18 34 7 41 32 64 13 91 16 4 48 47 11 19 61 59 25 49 18 89 31 3 81 60 26
44 26 29 43 77 38 96 39 22 45 52 85 64 58 6 18 46 22 28 11 93 24 70 36 15 70 60 28 30 41
42 42 72 17 91 48 72 53 63 66 2 59 99 96 39 61 75 77 19 5 82 40 62 2 76 28 27 75 17 98
80 45 79 42 90 48 72 98 30 28 4 9 47 35 98 24 43 35 98 58 5 61 76 7 55 58 1 36 57 82
47 1 20 17 6 27 87 82 73 39 84 40 50 90 29 96 23 70 89 75 35 70 46 15 62 11 30 53 89 93
54 76 10 25 62 74 22 57 3 3 79 10 76 56 38 36 77 50 8 92 1 75 64 20 97 54 25 99 41 2
65 76 86 40 9 45 13 82 92 5 51 7 29 65 92 92 43 74 23 68 71 97 31 93 26 43 89 57 93 32
19 59 48 11 1 30 79 94 67 82 91 2 35 51 37 82 45 91 5 44 28 56 53 10 29 74 92 74 95 16
63 84 39 93 7 69 70 80 71 43 7 4 73 52 50 31 1 81 68 67 59 76 20 88 94 2 81 8 54 10
6 11 41 72 87 43 69 85 56 41 59 6 65 39 42 76 10 21 75 22 31 45 60 50 4 81 22 74 88 25
77 49 51 39 10 36 7 82 86 86 82 69 2 82 77 57 94 68 44 97 25 9 89 8 93 13 89 54 21 92
91 50 25 45 12 46 62 8 40 88 62 94 34 78 79 81 67 21 10 18 7 81 58 57 8 79 43 58 24 92

Demandas:
1 0 0 0 0 0 0 0
0 0 1 0 0 0 0 0
0 0 1 0 0 0 0 0
0 0 0 1 0 0 0 0
0 0 0 0 1 0 0 0
0 0 1 0 0 0 0 0
0 0 0 0 0 0 1 0
0 0 0 0 1 0 0 0
0 0 0 0 0 1 0 0
0 1 0 0 0 0 0 0
0 0 0 1 0 0 0 0
0 0 0 0 1 0 0 0
0 0 0 0 0 0 0 1
0 0 1 0 0 0 0 0
0 0 0 1 0 0 0 0
0 0 0 0 0 1 0 0
0 0 0 1 0 0 0 0
0 0 1 0 0 0 0 0
1 0 0 0 0 0 0 0
0 0 0 0 0 1 0 0
0 0 0 0 0 0 0 1
0 0 0 0 1 0 0 0
0 0 0 1 0 0 0 0
0 0 0 0 0 0 0 1
0 0 0 0 1 0 0 0
0 0 1 0 0 0 0 0
0 0 1 0 0 0 0 0
0 0 1 0 0 0 0 0
0 0 0 0 0 0 0 1
0 0 0 0 0 0 1 0
0 0 0 0 0 0 1 0
0 0 0 0 1 0 0 0
0 0 0 0 0 0 1 0
0 0 1 0 0 0 0 0
0 0 0 0 0 0 1 0
0 0 0 0 0 1 0 0
0 0 0 0 0 0 0 1
0 1 0 0 0 0 0 0
0 0 0 1 0 0 0 0
0 0 0 0 0 0 0 1
1 0 0 0 0 0 0 0
0 0 0 0 0 0 0 1
1 0 0 0 0 0 0 0
0 1 0 0 0 0 0 0
0 0 0 0 0 1 0 0
0 0 0 1 0 0 0 0
0 0 0 0 0 1 0 0
0 0 1 0 0 0 0 0
0 0 0 1 0 0 0 0
0 0 1 0 0 0 0 0
0 0 0 0 0 0 0 1
0 0 1 0 0 0 0 0
0 0 0 0 0 0 0 1
0 0 1 0 0 0 0 0
0 0 0 1 0 0 0 0
0 0 1 0 0 0 0 0
0 0 0 0 0 0 1 0
0 0 1 0 0 0 0 0
1 0 0 0 0 0 0 0
1 0 0 0 0 0 0 0
0 0 1 0 0 0 0 0
0 1 0 0 0 0 0 0
0 0 0 0 0 1 0 0
0 1 0 0 0 0 0 0
0 0 0 0 0 0 0 1
0 0 0 0 0 0 0 1
0 0 0 1 0 0 0 0
0 0 1 0 0 0 0 0
1 0 0 0 0 0 0 0
1 0 0 0 0 0 0 0
0 0 0 0 1 0 0 0
0 0 0 0 0 1 0 0
0 1 0 0 0 0 0 0
0 0 0 0 0 1 0 0
0 0 0 0 1 0 0 0
0 0 1 0 0 0 0 0
0 1 0 0 0 0 0 0
0 0 0 1 0 0 0 0
0 0 0 0 0 1 0 0
1 0 0 0 0 0 0 0
0 0 0 0 0 0 0 1
1 0 0 0 0 0 0 0
0 0 0 0 0 0 0 1
0 0 0 0 0 0 1 0
0 0 0 1 0 0 0 0
0 0 0 0 0 0 0 1
0 0 0 0 0 1 0 0
0 0 1 0 0 0 0 0
0 0 0 0 1 0 0 0
0 0 0 1 0 0 0 0
0 1 0 0 0 0 0 0
0 1 0 0 0 0 0 0
0 0 0 0 1 0 0 0
1 0 0 0 0 0 0 0
0 0 0 1 0 0 0 0
0 0 1 0 0 0 0 0
0 0 0 0 0 0 0 1
0 0 0 0 0 0 0 1
0 0 1 0 0 0 0 0
0 1 0 0 0 0 0 0

Capacidades:
3 0 4 1 0 1 1 4
1 3 3 0 4 2 4 4
0 3 2 1 0 3 2 2
2 4 3 1 1 0 4 3
1 0 3 3 2 4 2 2
3 2 3 4 1 4 4 0
1 1 3 4 2 1 3 3
1 3 3 1 1 1 0 4
3 3 3 2 2 3 4 4
0 0 2 3 3 1 4 1
0 2 4 4 2 2 2 0
0 3 0 4 0 3 2 2
1 4 2 4 3 2 1 3
3 3 0 0 2 0 1 3
1 3 2 0 2 1 0 0
3 4 1 1 2 4 0 0
1 0 2 1 4 4 1 0
2 3 1 1 0 4 1 4
4 4 0 0 0 0 4 1
2 4 4 3 2 1 3 4
3 1 3 1 4 1 3 3
3 1 1 3 3 4 2 1
1 4 2 1 2 4 4 1
4 2 4 1 1 2 4 0
4 4 1 2 0 4 0 3
4 2 2 1 0 0 2 1
0 1 4 0 1 0 4 1
3 4 1 3 1 0 4 2
2 0 0 2 3 4 1 3
2 1 2 2 3 2 0 3
