m: 100
n: 20
k: 6

Distancias:
11 94 17 19 79 50 74 9 86 68 19 58 59 8 74 59 87 86 16 54
19 60 86 90 62 93 18 85 35 60 57 87 70 66 95 23 73 12 49 25
1 4 48 97 24 26 26 96 55 67 74 56 19 7 95 70 18 77 63 5
96 71 40 27 31 43 54 11 28 21 91 74 63 97 58 72 66 60 76 10
9 77 26 59 23 18 48 17 91 13 85 91 28 51 18 64 59 16 10 8
12 99 95 49 68 16 91 23 17 13 83 80 85 33 17 55 14 72 76 16
34 3 84 44 61 99 1 28 36 52 73 41 77 10 98 76 38 69 4 8
86 21 27 2 53 74 73 78 74 81 69 77 6 29 16 7 58 35 47 25
42 85 57 39 40 95 12 71 91 3 48 45 45 35 14 23 76 25 3 30
71 13 6 36 80 74 82 57 42 25 75 64 52 50 30 77 15 9 34 64
97 90 32 10 27 48 17 17 47 40 57 73 20 49 43 34 64 22 17 90
5 14 52 5 56 96 48 75 67 4 37 40 69 6 43 10 18 13 95 22
69 12 33 75 7 66 83 6 60 50 3 99 64 49 5 6 28 91 11 87
64 51 71 47 69 35 65 93 54 98 68 89 1 49 82 56 47 94 62 31
61 87 15 26 33 5 26 13 87 47 74 36 57 17 73 45 84 50 98 16
73 71 59 38 54 17 68 86 71 69 45 33 38 81 7 8 74 93 93 29
15 48 72 64 39 38 39 11 45 46 48 77 53 30 32 60 44 45 42 71
3 55 22 97 49 44 19 1 87 43 17 31 88 35 92 86 93 31 42 83
10 11 16 91 42 18 77 29 46 7 5 48 66 54 7 16 64 58 51 70
79 7 97 17 79 30 39 40 75 20 17 49 35 1 2 35 61 98 67 65
70 59 49 8 95 70 32 79 5 96 1 85 44 60 21 28 43 7 59 8
57 98 89 43 44 68 62 5 91 12 91 1 12 22 9 19 23 38 14 16
72 16 83 21 96 54 18 85 91 81 65 33 75 3 59 46 81 82 90 74
7 24 1 60 41 40 14 69 34 9 53 17 63 88 71 98 24 73 95 49
67 57 78 81 36 3 81 31 35 33 69 2 16 19 18 56 71 67 52 63
21 35 94 83 8 89 96 16 22 3 72 21 86 76 91 22 83 67 43 26
12 49 9 23 38 80 69 97 28 16 89 54 87 47 34 96 7 94 51 21
62 36 63 80 72 25 70 67 7 46 31 12 31 84 80 62 26 42 52 73
8 34 2 36 4 13 81 4 86 52 35 19 16 34 20 37 82 75 19 96
56 31 49 83 14 32 65 73 29 61 43 87 32 56 44 94 9 68 11 16
83 87 69 79 20 69 89 54 61 36 23 72 69 69 26 21 26 46 61 52
80 15 34 50 26 83 47 73 65 56 42 83 4 69 61 98 67 66 39 42
96 66 24 54 35 29 63 69 21 27 7 84 43 12 34 42 89 66 76 75
34 59 93 95 18 80 73 52 96 89 91 88 66 59 35 49 37 72 17 88
74 48 37 23 78 55 71 2 22 8 55 97 20 16 89 95 33 76 56 23
65 84 72 14 5 57 90 57 19 64 82 82 10 74 47 8 19 84 81 96
93 56 6 84 12 19 26 93 56 83 83 97 22 54 5 40 33 77 88 19
20 7 46 94 52 69 12 51 43 32 45 72 26 93 39 78 53 38 48 10
15 85 37 50 98 7 59 87 94 98 33 95 10 35 77 90 31 57 25 39
43 9 65 98 1 6 59 28 62 19 45 27 14 96 13 55 96 46 28 41
70 46 88 30 35 27 50 76 87 34 29 33 14 96 18 20 77 67 31 11
56 75 38 47 35 4 11 22 75 71 88 58 80 13 41 13 92 3 6 97
8 40 63 77 60 6 58 91 35 56 53 71 94 65 3 85 81 91 69 95
66 77 17 42 73 56 95 74 20 72 87 93 64 28 6 23 83 26 30 68
74 74 12 50 75 49 42 29 37 21 89 90 8 86 13 74 85 21 87 93
78 20 84 78 55 88 60 8 33 47 42 74 44 47 25 58 66 27 11 91
74 70 46 59 16 64 80 70 3 36 9 94 11 47 17 76 20 23 71 32
5 34 16 44 71 39 58 42 44 21 36 8 61 75 75 63 7 98 66 56
39 50 94 43 56 44 61 84 45 45 48 98 99 80 17 16 93 84 54 4
21 26 98 62 81 93 33 27 45 57 77 67 40 94 25 44 6 64 29 8
29 91 58 22 77 46 99 45 33 55 61 80 58 97 11 55 38 52 51 96
78 35 62 63 85 75 90 30 67 22 34 21 23 91 63 46 76 5 49 72
33 66 58 64 35 8 60 90 14 57 68 94 69 85 98 11 51 25 10 13
52 91 85 1 10 64 82 51 31 16 48 76 32 57 12 33 56 61 73 30
72 77 24 11 96 76 65 15 91 83 18 75 49 31 1 45 26 2 25 85
5 36 20 81 74 69 88 98 72 85 66 24 70 8 91 31 96 16 46 90
41 38 89 66 9 20 4 11 51 67 35 75 69 45 49 50 80 5 4 17
34 7 57 16 79 57 42 16 1 12 80 22 78 72 26 27 38 58 3 69
95 5 54 4 85 7 4 57 56 4 81 99 50 60 6 71 26 37 82 74
74 5 82 55 63 51 41 58 90 84 59 26 57 56 23 13 36 1 24 18
67 59 23 36 43 62 25 32 35 80 14 63 13 93 59 94 30 37 10 81
45 53 97 5 28 50 55 37 97 28 26 10 4 75 60 49 7 93 52 54
18 1 61 73 50 8 16 68 71 66 94 56 31 20 27 66 38 39 29 79
58 28 46 70 43 92 17 46 61 54 91 80 14 21 52 69 35 95 37 63
67 85 97 70 75 69 49 52 24 94 63 27 78 83 50 99 28 63 77 18
40 91 36 84 89 53 99 88 73 58 50 10 60 32 51 56 74 97 82 42
22 6 30 40 23 93 57 83 70 26 76 29 18 93 24 36 14 98 91 55
53 35 72 55 63 86 29 32 27 20 84 89 35 79 49 64 73 93 21 97
39 56 22 89 92 10 61 57 42 30 13 47 44 99 84 54 37 37 68 31
51 86 11 33 76 87 5 5 38 92 57 96 10 22 26 39 90 52 60 23
3 31 26 82 73 32 22 88 98 93 60 90 9 35 77 91 96 71 71 1
97 21 7 51 49 44 66 27 84 9 39 68 7 82 28 75 6 74 24 93
15 96 95 60 61 47 13 54 62 72 84 7 29 83 85 26 75 20 97 70
26 28 63 45 67 6 47 82 66 56 61 41 92 40 58 21 26 90 69 33
34 15 33 73 77 1 55 12 33 28 26 11 67 85 76 77 46 53 29 43
72 85 96 69 18 64 20 21 60 96 6 20 76 34 49 35 97 61 16 68
6 96 80 39 45 12 27 90 60 23 94 52 87 92 57 92 56 48 13 23
36 3 69 45 82 95 73 33 4 8 18 72 52 56 89 68 91 37 66 4
40 38 58 5 91 92 14 31 40 32 45 2 30 97 96 54 41 79 28 72
99 86 73 79 32 65 8 11 35 41 58 47 45 48 34 45 71 39 18 52
59 19 44 46 58 69 65 42 52 38 1 69 53 94 28 35 98 68 58 97
97 25 17 49 86 39 54 88 53 41 76 88 1 49 11 42 10 96 89 22
17 48 9 39 26 26 74 23 29 50 86 38 29 86 77 32 30 88 1 15
83 44 83 81 54 41 95 49 82 78 36 78 56 3 27 28 50 50 31 88
87 50 58 55 68 57 96 56 25 45 11 4 33 13 53 36 48 22 84 44
99 52 64 51 28 53 12 7 62 93 62 1 96 67 20 74 11 72 75 74
73 43 10 29 80 58 79 99 12 13 31 36 4 95 98 72 56 75 79 65
24 9 98 28 87 88 90 92 96 59 90 70 76 33 75 60 76 40 22 89
43 61 82 45 94 30 42 32 20 88 30 61 65 76 85 80 95 68 45 36
29 99 86 28 44 22 66 80 82 9 98 19 5 52 2 78 30 67 70 76
68 56 66 38 96 37 25 34 33 7 80 95 9 72 83 82 89 30 32 75
42 5 55 86 14 95 67 63 2 4 3 21 90 67 9 29 91 42 99 63
97 50 99 37 50 49 23 36 99 60 5 81 94 97 55 42 66 43 82 20
28 66 14 36 82 51 78 79 83 81 72 5 74 73 11 34 50 63 74 5
75 17 4 63 22 13 92 63 40 7 5 98 35 23 73 56 8 24 77 87
59 57 95 33 74 60 72 98 82 12 82 47 91 49 47 25 48 25 35 67
58 45 99 39 38 58 42 10 73 23 59 9 66 93 71 25 52 7 11 79
34 78 27 16 20 36 32 19 92 12 17 33 72 65 98 67 56 9 18 30
47 67 60 31 70 25 21 89 6 37 94 69 87 25 80 14 53 52 65 6
30 62 47 53 73 33 14 48 54 60 99 21 48 25 10 63 98 23 67 81

Demandas:
0 0 0 0 0 1
0 0 0 0 1 0
1 0 0 0 0 0
0 1 0 0 0 0
0 0 0 0 0 1
0 1 0 0 0 0
0 0 0 0 1 0
0 0 0 0 0 1
0 0 0 0 1 0
0 0 0 1 0 0
0 0 1 0 0 0
0 0 1 0 0 0
0 0 0 0 1 0
0 0 0 0 0 1
0 1 0 0 0 0
0 0 1 0 0 0
0 0 0 1 0 0
0 0 0 0 1 0
0 0 1 0 0 0
0 0 0 0 0 1
1 0 0 0 0 0
0 0 0 0 1 0
0 0 0 1 0 0
0 1 0 0 0 0
0 0 1 0 0 0
0 0 1 0 0 0
0 0 0 1 0 0
0 0 0 1 0 0
0 0 0 0 1 0
0 0 0 0 0 1
1 0 0 0 0 0
0 1 0 0 0 0
1 0 0 0 0 0
0 0 1 0 0 0
0 0 0 0 1 0
0 1 0 0 0 0
0 1 0 0 0 0
1 0 0 0 0 0
0 0 1 0 0 0
0 0 0 0 0 1
0 0 0 1 0 0
0 0 1 0 0 0
0 0 0 1 0 0
0 1 0 0 0 0
0 0 0 0 1 0
0 0 0 0 1 0
0 0 0 0 0 1
0 0 0 1 0 0
0 0 1 0 0 0
0 0 0 0 1 0
0 0 1 0 0 0
0 0 1 0 0 0
0 1 0 0 0 0
0 0 0 0 0 1
0 0 0 0 1 0
0 0 1 0 0 0
1 0 0 0 0 0
0 0 0 1 0 0
1 0 0 0 0 0
0 0 0 1 0 0
1 0 0 0 0 0
0 0 0 0 0 1
0 1 0 0 0 0
0 0 0 0 0 1
0 0 0 0 1 0
0 1 0 0 0 0
0 0 0 0 0 1
0 1 0 0 0 0
0 1 0 0 0 0
0 0 0 0 1 0
0 0 0 1 0 0
0 0 0 1 0 0
0 0 0 0 0 1
0 1 0 0 0 0
0 0 1 0 0 0
0 0 0 1 0 0
0 0 0 1 0 0
0 0 0 1 0 0
0 0 1 0 0 0
0 0 0 1 0 0
0 0 0 0 0 1
0 1 0 0 0 0
1 0 0 0 0 0
0 0 0 1 0 0
0 1 0 0 0 0
0 0 0 0 0 1
0 0 1 0 0 0
0 1 0 0 0 0
0 0 1 0 0 0
0 0 0 0 1 0
1 0 0 0 0 0
0 0 1 0 0 0
0 1 0 0 0 0
0 0 0 0 1 0
0 0 1 0 0 0
0 0 0 1 0 0
0 0 0 0 0 1
1 0 0 0 0 0
1 0 0 0 0 0
0 0 0 1 0 0

Capacidades:
3 4 4 3 2 4
4 3 3 2 4 3
3 1 3 4 4 2
4 0 4 0 1 3
0 0 4 3 0 3
0 0 2 0 4 2
0 4 3 1 3 4
1 4 0 2 2 4
4 2 3 0 2 2
0 2 0 1 0 3
2 4 2 3 3 2
1 4 2 2 0 2
1 3 1 3 2 4
1 4 2 4 2 3
4 0 1 3 2 0
4 4 0 1 1 1
0 0 0 1 0 0
1 1 2 0 0 3
3 1 2 3 2 4
2 0 4 1 1 2
