m: 250
n: 50
k: 6

Distancias:
81 95 51 58 52 42 94 88 23 50 56 27 52 4 92 27 95 22 85 43 84 78 24 43 64 29 19 81 84 38 22 10 66 63 23 44 87 1 54 76 50 74 73 21 47 41 86 23 17 21
33 63 71 50 93 40 18 24 37 48 17 90 60 36 35 99 16 57 57 59 35 42 91 59 78 31 74 96 28 67 77 54 98 67 42 94 44 43 11 35 91 60 29 54 87 6 44 28 33 96
42 95 19 70 15 48 79 47 45 68 86 64 52 49 57 96 36 94 80 89 53 93 9 73 33 18 54 83 4 33 56 81 60 56 12 26 23 30 21 80 26 20 30 55 81 32 1 2 51 65
32 67 60 99 63 59 31 37 51 49 71 25 79 16 42 28 37 66 25 13 14 99 61 59 65 2 36 58 34 92 94 87 24 49 68 16 58 79 27 79 96 16 25 76 42 91 17 22 86 49
33 23 70 51 8 45 69 36 41 38 44 51 20 8 66 83 70 3 27 95 61 80 28 24 39 67 26 52 96 68 4 32 71 47 34 60 34 71 8 46 41 92 58 92 89 1 67 31 30 9
95 34 45 59 48 11 68 16 83 88 53 23 53 68 3 5 59 77 76 72 88 68 40 91 99 14 98 20 27 80 62 49 87 62 65 60 43 31 33 70 91 10 86 61 15 69 75 21 15 59
28 95 51 77 38 83 26 9 59 51 56 92 16 91 91 12 97 12 73 47 47 63 44 64 1 47 42 35 87 85 37 23 55 44 48 92 12 28 10 79 80 17 17 91 58 49 86 56 87 80
16 67 76 61 3 42 25 35 88 39 4 50 65 58 1 93 19 65 34 90 97 41 39 32 40 24 64 26 22 27 20 38 6 79 59 43 26 67 5 34 8 14 4 2 85 88 42 42 94 95
50 3 31 94 19 33 58 89 99 75 35 12 28 92 6 80 91 46 17 86 71 32 5 81 48 9 86 91 2 4 31 65 22 78 80 91 46 87 91 9 37 48 90 63 91 69 47 60 77 73
38 57 64 29 42 89 24 84 4 11 17 2 20 90 97 27 73 47 90 97 25 82 72 27 86 60 27 66 63 88 11 43 27 65 25 46 71 59 48 16 61 87 89 89 74 26 15 72 86 89
33 94 73 90 44 4 65 55 91 68 11 44 45 93 78 55 40 82 6 43 23 9 37 53 42 60 71 61 19 45 26 95 78 86 77 93 50 95 9 28 48 95 89 41 30 61 7 53 89 34
20 8 6 24 88 27 69 76 8 6 87 2 87 91 11 67 60 52 33 22 24 53 21 88 42 94 35 24 75 78 36 60 36 87 29 38 24 66 59 41 1 76 39 12 66 61 4 88 8 56
39 49 26 16 77 96 63 52 35 32 7 46 84 51 32 96 99 84 48 25 66 17 63 15 43 64 63 66 44 27 28 23 91 79 37 87 99 44 83 25 99 15 15 13 83 99 43 24 37 12
39 72 70 66 14 9 58 15 43 97 66 42 13 11 29 64 18 85 42 92 16 53 80 16 3 49 28 97 1 1 47 85 94 53 91 41 9 79 17 30 4 62 2 92 94 83 6 97 34 62
78 73 59 94 52 72 82 35 4 41 8 41 14 25 57 43 62 12 28 33 62 37 58 98 14 27 55 49 69 90 23 97 65 74 92 97 32 8 60 74 21 22 20 41 42 22 25 27 36 56
4 58 22 90 54 50 89 25 90 56 71 58 9 52 25 14 8 2 90 94 83 48 81 65 12 76 76 83 5 93 57 58 14 42 82 15 88 14 39 43 30 90 33 5 32 76 38 45 46 65
85 97 60 45 33 30 12 56 8 84 75 76 87 85 10 40 25 24 17 49 19 54 19 78 52 4 42 72 54 27 70 98 63 29 21 9 11 77 10 11 9 71 26 35 39 14 86 52 80 47
7 23 61 49 27 98 45 80 5 20 28 89 25 31 71 9 55 92 86 21 6 7 26 75 54 24 7 8 2 39 22 87 44 52 99 79 73 40 53 51 27 14 50 32 10 31 31 50 97 87
98 26 28 37 1 35 91 31 54 33 10 39 5 69 92 2 52 90 10 54 67 41 24 73 94 2 28 89 19 49 84 2 51 19 70 74 28 87 56 84 11 61 15 61 14 5 63 2 66 45
69 72 16 18 31 54 95 49 21 16 23 82 18 50 77 71 62 41 39 79 91 25 62 75 88 4 53 7 63 53 32 51 31 62 24 48 46 31 30 71 61 67 35 18 13 53 18 64 64 43
24 23 35 88 83 90 7 39 42 34 47 81 79 24 31 90 72 15 94 50 25 11 76 61 16 43 16 2 79 56 3 39 90 90 31 87 64 26 56 40 85 95 75 47 63 38 66 24 84 36
30 54 79 35 8 42 53 69 89 45 72 96 50 61 17 1 83 8 67 71 65 54 94 41 73 81 86 38 41 63 37 21 64 23 16 48 53 13 87 7 78 12 23 9 24 86 50 95 93 7
20 23 47 34 95 10 13 57 34 9 70 48 90 92 58 71 80 46 66 72 59 81 45 64 9 42 59 75 64 97 42 97 73 40 47 5 79 18 98 7 99 57 31 40 72 79 46 10 23 25
20 3 71 65 41 23 60 39 33 58 77 57 10 57 5 32 12 82 12 63 18 70 80 20 34 77 79 49 76 94 66 2 54 63 24 76 71 13 37 93 46 83 92 42 49 19 44 12 36 34
53 30 88 70 23 15 64 11 57 50 10 42 46 56 75 26 40 45 72 80 20 22 67 41 74 62 71 47 28 1 94 41 3 32 50 55 44 48 15 96 66 89 84 7 94 94 99 1 18 33
1 94 24 90 26 56 95 1 69 61 73 63 62 22 66 80 97 32 80 68 98 38 17 10 12 93 9 53 28 96 11 5 36 95 58 29 70 39 86 7 28 16 58 25 57 33 68 90 82 38
53 22 60 74 1 44 32 2 12 39 75 84 60 58 6 90 8 14 88 15 70 52 90 50 88 46 97 80 49 66 77 35 43 94 32 55 19 3 21 98 97 49 81 42 36 34 93 4 24 33
78 86 46 97 59 55 25 30 66 32 58 81 27 14 84 75 20 2 50 25 61 74 2 6 72 40 38 89 95 7 17 33 34 16 32 32 22 52 10 72 77 68 30 26 54 34 46 16 25 54
43 20 34 34 51 89 90 80 79 41 77 37 39 94 42 53 46 94 1 53 68 64 17 1 57 58 22 95 91 50 40 14 18 30 70 5 21 16 54 17 27 2 47 55 28 91 10 92 65 11
58 52 23 13 28 33 91 72 63 38 38 93 87 4 33 66 76 86 21 99 77 27 62 67 78 39 74 52 21 58 80 31 60 99 49 47 94 97 53 40 81 71 25 91 44 66 72 61 26 99
66 97 53 40 95 52 94 13 42 64 71 42 97 57 25 91 65 14 75 28 29 98 73 12 42 49 43 51 85 2 25 59 82 18 12 29 43 26 23 37 73 17 64 83 52 43 80 50 80 19
10 89 78 27 28 87 61 28 45 64 55 51 61 66 6 20 6 38 65 73 22 91 81 46 4 25 35 11 96 35 33 7 73 26 65 95 89 65 49 75 41 37 10 36 40 56 10 96 25 57
2 51 1 66 86 32 96 61 76 87 44 34 31 59 32 13 93 37 76 50 5 58 7 55 57 26 6 85 26 60 73 91 59 78 21 70 10 24 15 32 87 60 83 17 65 92 58 38 9 98
81 86 9 57 91 34 24 78 16 43 90 49 41 47 66 2 70 60 43 5 65 28 35 43 92 3 25 88 62 45 42 14 63 1 63 5 35 86 29 31 3 64 26 69 71 22 71 83 56 52
80 70 6 15 34 74 66 76 23 97 32 19 37 50 20 39 47 28 72 63 97 1 61 21 57 83 67 95 74 95 29 8 48 3 93 33 97 37 28 48 59 13 81 11 10 76 76 75 13 14
77 46 28 4 45 96 63 12 33 6 93 34 7 72 8 98 56 52 59 97 85 73 5 59 16 86 23 8 14 90 64 86 67 48 31 73 18 35 35 40 19 41 65 15 56 11 2 37 96 24
18 58 19 22 10 79 19 63 24 85 27 31 7 10 99 80 57 93 77 16 30 93 55 1 39 90 58 32 85 77 95 10 69 93 85 93 45 91 32 59 51 92 57 59 36 92 93 12 13 98
48 17 91 15 11 75 66 4 17 94 5 75 44 32 57 31 22 77 54 49 4 70 74 22 60 46 97 88 34 3 7 18 69 53 75 73 58 74 67 37 81 46 6 13 16 67 92 86 42 87
23 56 65 88 6 58 85 96 42 49 69 49 29 67 22 63 76 72 43 40 61 39 74 42 87 62 8 71 65 83 26 39 39 13 61 81 92 95 31 37 68 81 62 53 51 69 91 85 99 27
11 62 49 43 27 83 82 78 28 94 84 99 69 43 84 48 46 95 92 3 2 27 91 74 32 59 59 14 60 75 66 65 39 97 1 28 58 11 31 98 69 32 21 25 9 79 71 70 18 29
90 39 77 79 38 20 83 32 90 32 40 26 40 43 59 53 33 60 44 45 29 30 96 75 7 60 1 38 46 25 95 13 38 6 14 11 10 87 95 44 34 22 1 98 36 21 65 88 37 91
92 74 45 91 23 56 60 3 43 36 18 63 71 64 87 54 50 76 20 42 86 13 44 96 51 17 6 13 23 11 44 21 59 54 38 15 87 90 7 79 70 74 55 28 94 50 63 44 5 7
62 94 73 90 30 43 91 20 23 27 41 58 88 97 66 58 90 94 30 99 19 77 80 33 5 78 51 23 49 75 79 31 79 86 99 44 2 73 60 51 62 79 59 80 43 67 6 51 26 28
20 9 79 88 12 47 37 21 21 44 33 2 31 34 77 28 24 22 54 49 21 75 86 80 62 30 14 30 29 48 38 91 66 92 1 62 5 74 49 32 90 45 83 43 96 68 57 50 86 69
78 70 82 44 5 24 76 37 15 20 42 92 41 27 71 1 16 25 52 1 57 9 3 91 3 77 19 6 63 58 93 79 15 19 88 81 35 64 70 39 68 26 27 64 43 9 91 43 15 24
94 89 40 2 11 51 32 39 36 30 25 15 37 51 28 26 3 34 33 25 83 71 39 36 5 49 51 81 80 55 84 54 79 67 56 6 84 83 15 11 2 98 48 44 38 94 29 40 73 75
30 49 99 81 91 23 46 66 29 62 16 75 97 91 19 46 28 8 47 45 22 49 68 96 24 55 65 12 25 9 94 88 94 26 1 38 65 1 43 55 24 56 74 53 97 47 7 28 90 61
62 85 87 97 81 6 63 28 5 38 54 74 12 83 91 31 19 87 20 35 71 52 76 32 50 40 11 6 69 53 10 10 15 31 12 11 57 30 50 48 77 3 80 74 40 66 21 4 43 53
55 84 71 16 98 96 37 89 57 61 77 83 73 29 82 48 7 72 21 54 32 12 70 81 68 59 79 19 36 99 20 78 72 26 94 71 30 25 40 62 62 16 87 45 67 1 50 17 85 17
98 64 36 85 74 88 6 89 13 99 57 44 43 59 90 35 15 30 1 59 53 84 6 16 14 89 32 9 42 98 96 51 91 10 5 99 5 13 66 15 89 93 53 56 83 13 47 4 86 12
23 88 74 29 64 85 56 99 92 59 28 16 22 9 52 22 17 77 72 99 86 4 12 48 16 65 70 99 90 80 21 81 36 21 26 29 82 43 86 62 16 51 57 69 6 43 99 78 68 60
28 35 47 76 85 36 21 43 74 54 54 14 32 23 38 2 91 77 53 67 5 73 15 75 16 49 95 12 49 66 73 53 69 30 33 32 87 43 44 71 1 65 34 82 17 14 74 61 41 66
28 3 44 51 95 51 40 28 73 45 86 26 58 53 79 94 64 92 98 34 4 77 11 84 76 43 82 36 66 25 82 72 9 63 46 83 63 20 4 65 71 1 88 82 9 90 6 9 32 17
99 45 39 17 73 17 78 15 41 71 73 34 59 73 91 29 73 92 34 61 76 14 55 82 58 55 88 98 21 8 53 78 97 58 80 2 77 66 59 14 51 94 86 34 26 1 31 96 34 81
2 89 15 11 39 92 94 37 18 72 50 67 84 27 96 87 93 98 79 65 87 39 59 98 79 99 66 82 64 6 42 66 3 18 78 94 20 62 78 70 65 22 5 89 80 78 36 41 40 11
15 61 80 1 67 29 9 63 16 28 15 6 85 52 47 28 21 22 49 70 91 51 92 9 39 14 7 2 6 75 38 2 89 6 22 62 89 38 48 51 43 71 67 2 3 42 50 18 18 34
22 84 68 18 82 88 58 19 21 6 73 98 39 20 3 84 3 56 12 31 34 78 24 49 32 72 21 11 86 39 65 42 6 31 22 69 52 76 30 41 79 81 37 10 73 18 73 9 22 69
52 38 80 29 71 52 96 25 7 58 81 21 70 16 81 67 83 33 27 14 80 75 72 71 63 97 18 82 31 55 51 79 64 86 48 64 44 71 77 60 88 95 62 36 10 8 71 98 40 78
2 35 94 80 32 80 49 94 22 88 44 43 85 2 85 60 99 38 7 58 43 8 88 92 94 63 61 83 62 74 36 46 4 88 80 68 85 77 41 37 40 39 71 24 95 37 95 81 54 93
73 93 24 9 24 30 14 6 71 11 25 15 54 50 30 5 36 70 98 14 64 13 16 64 39 52 17 23 25 91 24 44 78 55 57 25 86 49 18 8 37 14 24 51 10 77 74 38 16 51
43 4 89 24 38 38 46 99 18 37 24 95 77 79 33 68 85 37 58 71 28 41 27 17 88 61 86 27 10 38 54 7 24 20 66 78 65 44 34 50 35 43 98 84 3 22 83 83 71 85
3 10 15 67 84 18 24 65 81 37 84 93 26 94 23 85 51 60 56 59 14 46 7 9 74 34 49 15 49 40 6 36 55 17 60 12 66 3 70 48 79 71 99 93 63 21 42 71 57 12
35 23 14 48 91 5 98 6 63 22 86 98 92 21 43 52 63 10 56 20 19 14 88 37 92 54 73 54 34 80 62 13 27 31 11 31 82 99 90 36 98 41 75 69 78 84 65 10 63 84
4 46 83 51 50 13 71 89 9 22 65 78 44 60 11 20 87 71 47 34 19 98 90 37 6 99 61 96 50 65 42 45 67 34 4 21 1 75 25 94 97 50 13 38 37 48 21 42 83 66
62 56 28 93 29 10 52 93 84 55 78 89 37 66 97 54 32 61 98 91 88 82 51 8 17 13 58 64 78 68 75 91 29 6 38 99 13 20 59 40 85 85 87 42 44 53 73 63 94 87
89 87 77 37 59 91 16 13 74 96 94 49 25 77 52 94 39 75 55 26 77 51 2 90 16 25 15 67 22 6 55 14 16 26 14 7 10 11 80 77 87 58 83 39 30 3 19 12 23 63
44 13 13 37 57 26 53 81 16 93 12 77 97 10 23 1 61 51 15 47 97 96 14 3 78 84 87 9 20 11 17 59 67 43 59 3 96 87 59 55 73 30 2 98 68 11 4 53 57 30
87 10 77 6 64 22 75 70 6 19 71 72 61 89 26 88 84 92 89 56 50 71 4 6 22 12 54 86 20 14 49 85 8 64 59 69 22 4 58 73 15 27 3 92 13 66 56 71 33 38
94 49 63 19 54 45 87 25 19 16 67 44 35 39 68 38 46 28 70 42 97 92 76 99 35 41 23 83 54 44 27 4 76 97 95 33 41 64 19 78 66 78 42 37 97 15 32 53 37 15
23 82 52 62 15 54 40 89 43 51 73 6 42 47 63 59 73 90 91 58 63 62 78 22 48 42 45 82 13 59 16 5 27 76 71 91 61 37 26 69 3 13 40 1 48 72 17 45 89 18
48 14 12 37 49 21 57 18 41 77 30 13 52 73 40 77 92 40 21 85 8 10 80 88 54 24 71 95 5 15 38 15 66 59 22 25 30 52 25 39 43 88 21 92 88 73 64 47 14 54
29 46 51 40 27 30 72 88 56 63 16 26 53 42 10 63 53 84 65 20 63 50 84 69 9 78 73 31 33 51 79 61 51 60 73 28 93 92 75 24 89 79 2 28 74 44 66 14 91 3
6 47 7 63 63 39 61 41 15 93 73 90 12 83 33 44 34 99 1 74 89 37 85 50 73 10 61 52 7 68 39 61 57 8 58 45 47 41 19 40 99 31 11 39 37 17 70 88 36 66
65 70 56 66 36 14 14 23 72 4 37 39 98 22 24 26 38 3 45 33 85 11 57 91 2 91 75 87 16 89 45 46 17 74 21 45 79 69 75 56 74 58 9 16 43 38 44 49 82 23
12 95 52 54 59 26 94 36 67 38 63 80 32 39 20 81 21 75 21 9 7 55 16 70 51 37 87 30 94 15 20 27 83 22 74 15 14 99 72 42 7 91 32 30 29 27 41 55 38 18
16 61 80 34 60 63 48 30 65 87 15 91 69 59 77 86 71 37 36 19 64 21 33 97 35 11 31 55 52 95 86 27 87 38 70 63 21 47 55 78 3 69 20 67 50 91 38 12 2 11
22 20 38 5 51 40 47 65 11 79 65 48 41 45 24 74 54 74 87 70 45 78 7 20 59 87 51 3 7 28 57 1 54 80 31 88 26 93 54 7 9 20 16 98 26 75 43 41 17 59
7 42 51 90 5 92 5 21 15 5 31 87 11 15 70 81 7 7 99 28 63 57 81 41 74 50 8 67 19 85 16 6 90 11 90 6 46 7 23 62 53 93 78 2 40 83 58 75 44 97
12 27 74 28 73 7 95 81 31 86 87 10 72 94 89 6 91 15 91 43 12 99 99 16 63 2 51 24 6 63 99 2 80 76 7 51 16 20 61 25 98 87 81 25 64 31 26 71 20 26
48 8 27 68 91 61 22 55 43 57 9 36 13 2 22 29 17 66 82 16 80 24 21 55 67 1 27 37 62 44 66 27 9 48 92 50 16 19 10 85 71 47 89 78 13 5 22 2 28 2
6 25 3 17 68 13 72 45 17 98 81 42 2 73 66 88 17 53 69 93 18 74 80 18 92 82 14 36 69 7 86 82 24 74 27 10 46 52 58 3 21 38 49 83 28 47 99 24 83 37
75 49 78 19 93 91 41 83 1 76 18 8 16 79 71 6 9 14 24 50 71 61 2 94 74 26 66 97 13 60 86 96 30 72 62 62 7 85 61 15 44 7 25 24 17 40 71 79 52 43
92 16 90 71 82 28 27 30 36 73 52 96 46 94 83 58 56 25 13 92 87 37 90 63 24 66 23 65 37 25 94 91 9 98 26 10 58 41 84 32 71 2 75 55 71 81 34 48 91 61
48 57 45 26 60 50 60 97 12 56 61 58 61 42 61 59 53 66 46 18 86 88 51 98 92 73 69 89 38 77 62 51 8 86 6 59 72 55 88 71 12 99 71 59 6 81 19 93 26 98
67 72 16 97 52 64 42 19 7 47 31 45 76 13 9 49 73 26 27 21 11 42 94 97 22 92 98 47 31 36 68 99 98 45 74 34 5 4 94 32 96 94 47 68 24 7 57 38 37 67
63 91 86 21 62 22 22 5 21 85 32 79 21 74 87 49 67 88 79 45 80 99 76 22 44 91 15 68 36 94 60 19 62 5 22 23 4 77 52 75 39 31 93 94 49 82 9 75 46 89
73 44 30 59 15 15 69 41 35 3 10 81 37 29 40 63 39 12 71 19 3 25 52 57 96 46 86 95 79 64 1 8 30 62 78 2 74 31 76 88 38 97 3 94 50 61 12 52 99 91
33 3 31 25 84 37 39 92 57 72 62 25 62 30 57 42 69 28 90 3 54 64 75 60 73 8 96 28 50 58 99 17 34 12 61 21 13 31 40 74 1 97 70 6 93 79 80 41 79 41
76 84 16 4 80 93 97 52 37 35 5 83 69 16 92 51 47 89 1 82 66 66 85 55 31 41 23 32 90 87 34 79 80 27 8 9 22 3 79 57 39 62 16 32 30 33 32 14 68 66
28 65 23 55 10 27 95 28 84 18 47 46 55 32 75 67 82 90 10 91 60 20 51 53 8 43 76 6 78 96 92 83 12 81 62 51 70 60 11 55 59 28 10 57 19 31 67 50 94 2
30 53 72 40 10 57 38 2 99 32 20 41 23 57 75 8 21 14 25 12 45 62 55 25 77 79 21 41 40 77 10 92 85 13 91 95 65 17 14 55 84 62 24 61 74 6 79 43 28 21
31 8 38 8 71 85 90 72 60 33 89 65 40 68 52 81 83 32 90 69 86 48 87 75 55 64 38 56 42 20 68 87 76 7 43 59 69 87 65 23 65 86 11 22 5 90 81 58 85 50
87 76 77 12 75 99 29 16 36 94 9 58 30 80 52 50 13 4 55 6 68 30 51 83 12 13 6 89 75 73 49 9 7 18 14 94 37 61 14 53 72 78 41 22 63 31 93 93 88 37
95 38 19 58 63 41 21 7 19 79 53 11 91 19 18 72 62 14 86 22 8 58 37 21 91 29 46 18 20 12 80 26 60 49 92 36 98 94 69 33 63 14 69 28 25 51 39 44 41 14
29 75 13 16 48 45 47 68 18 29 83 41 90 6 75 67 78 56 41 58 6 73 56 22 84 58 85 94 97 2 25 70 38 34 53 85 63 11 25 83 83 62 85 37 74 52 4 28 62 95
64 65 44 35 70 75 65 21 16 28 50 18 40 81 2 15 51 76 36 97 50 41 69 37 15 10 38 6 81 24 66 27 13 75 18 90 43 70 87 58 9 35 65 97 18 6 91 60 74 65
76 66 78 68 70 88 76 87 36 63 25 31 43 50 25 19 72 77 48 38 72 76 38 43 35 62 78 12 4 83 58 53 29 36 93 87 92 65 56 69 95 29 34 53 22 93 37 36 7 99
50 69 97 34 93 88 41 46 5 2 77 2 80 37 54 66 12 45 82 61 80 3 51 92 68 9 64 38 83 11 67 17 83 8 97 43 96 36 96 18 87 14 10 89 89 69 54 84 89 69
60 13 45 57 32 4 80 31 55 80 18 70 85 57 1 3 81 28 80 79 20 18 44 67 93 27 24 38 43 65 30 17 37 45 94 50 44 50 50 36 28 32 44 77 83 87 96 35 14 81
82 90 52 7 17 5 26 92 51 44 11 81 37 47 72 71 81 81 11 96 18 88 42 58 61 15 28 19 6 58 33 12 36 58 86 60 3 85 76 42 84 66 66 14 51 37 49 86 87 24
61 74 5 6 98 56 34 2 46 15 92 66 88 63 97 11 15 51 28 31 15 28 34 63 54 46 23 86 96 68 29 54 27 29 61 56 56 11 5 64 55 63 23 14 11 65 43 61 97 69
1 22 83 36 1 44 77 96 87 2 10 62 66 96 55 11 89 96 14 57 48 18 83 64 64 68 18 29 42 94 57 54 98 26 51 59 97 39 67 61 90 96 32 31 54 71 70 88 53 49
12 40 34 93 53 12 54 8 96 79 3 23 9 86 19 96 2 18 60 96 91 15 85 41 20 86 90 25 68 13 64 53 7 44 94 92 1 89 92 33 31 83 99 97 58 79 59 31 62 19
23 62 93 84 22 85 73 76 69 70 14 89 64 30 13 44 52 78 64 65 2 68 41 74 84 69 90 72 85 76 31 26 27 33 72 89 11 91 23 34 72 90 24 18 97 85 14 13 10 90
98 94 27 52 46 34 85 64 24 93 50 73 26 83 17 16 96 28 18 19 55 60 5 46 94 58 54 75 87 1 68 64 94 79 79 57 92 61 55 43 56 24 90 13 93 46 73 77 67 58
41 28 18 81 30 63 1 93 17 91 4 84 19 31 56 31 66 26 11 68 15 47 49 36 4 14 24 38 34 72 65 91 53 64 13 42 36 44 93 17 10 65 61 12 68 14 22 11 97 82
42 27 31 15 40 95 50 99 30 91 46 82 76 49 17 83 79 61 29 79 51 85 59 96 63 5 89 54 39 27 18 78 21 7 70 83 58 96 30 72 87 28 81 8 8 85 6 81 7 23
56 31 98 27 3 18 84 9 78 22 7 2 69 93 6 20 59 59 85 78 93 37 66 63 61 70 38 12 58 87 25 12 91 17 29 36 94 53 59 95 34 95 2 76 46 57 98 32 1 35
27 1 86 12 88 53 62 84 10 90 77 28 47 40 86 51 66 61 60 29 54 55 83 72 52 74 31 21 7 71 15 50 58 33 1 25 90 17 49 41 43 20 15 87 13 94 63 75 60 14
76 14 38 81 52 84 95 90 84 80 75 71 18 35 3 82 71 4 11 57 83 54 12 5 28 88 93 58 51 41 88 87 20 72 17 81 72 80 1 42 75 1 91 8 7 52 21 62 72 67
57 42 36 66 74 31 76 29 41 19 15 44 66 85 96 53 38 25 19 83 90 23 7 88 47 86 7 58 34 28 59 8 84 38 53 70 77 19 3 87 1 40 63 32 20 6 96 50 29 87
27 91 60 3 86 7 45 61 95 49 93 58 46 80 6 85 90 95 65 16 18 69 60 35 52 27 47 63 38 92 57 66 56 43 86 93 51 92 89 54 59 78 55 58 89 76 18 18 22 56
17 12 43 98 51 11 30 31 31 71 50 4 64 22 58 95 67 8 74 47 29 89 81 30 75 9 89 50 55 42 66 14 4 74 47 21 14 37 6 82 37 35 67 89 41 79 2 26 59 35
3 82 29 32 68 7 20 95 41 23 8 98 49 21 70 31 72 24 19 13 48 18 18 90 44 48 36 77 19 83 30 87 37 9 66 76 90 83 40 54 27 50 26 24 72 21 74 98 29 4
13 39 22 92 38 6 18 32 72 36 83 61 21 66 29 13 78 95 93 68 87 75 3 33 66 40 60 11 31 41 39 48 2 43 30 1 66 22 81 99 12 1 59 32 59 60 28 86 94 27
29 77 57 84 48 28 77 30 34 7 26 12 25 58 26 78 41 48 72 61 32 10 86 49 87 77 87 87 15 23 12 77 98 51 43 68 32 72 70 57 52 55 14 20 89 68 64 75 10 98
32 62 42 1 91 19 19 56 18 1 53 67 66 74 90 86 70 26 80 12 49 23 77 48 43 70 83 80 96 83 5 91 16 95 25 28 78 37 28 17 71 18 89 69 43 81 25 84 60 79
70 95 63 86 22 32 98 68 34 4 40 30 69 14 40 4 65 50 28 38 13 18 38 19 57 21 98 85 22 73 17 98 64 88 36 25 25 51 89 65 65 40 67 63 12 15 27 74 22 24
57 67 87 36 91 64 78 87 54 85 51 35 42 44 96 72 46 2 14 50 75 34 46 22 9 47 30 76 72 21 20 85 94 60 3 34 78 72 54 60 17 20 41 93 27 42 52 67 63 9
12 55 12 56 9 99 52 97 62 43 75 50 24 41 41 90 38 10 42 94 73 46 64 9 69 40 15 45 55 95 3 54 16 13 78 66 46 1 63 47 85 9 46 75 7 91 24 35 7 92
19 4 91 46 32 34 13 47 85 31 55 12 15 60 59 93 28 90 78 61 82 69 57 20 74 49 30 38 3 77 55 19 32 99 52 47 98 58 78 40 8 92 25 68 47 48 73 9 48 79
24 24 9 1 14 77 1 31 42 35 49 47 88 1 89 34 28 63 54 88 5 81 98 14 25 66 6 32 71 50 57 11 98 41 81 81 79 9 69 54 54 22 57 24 11 64 10 68 35 82
70 36 53 22 56 67 21 97 40 77 82 78 13 67 9 57 83 16 87 73 31 92 10 90 46 83 39 30 13 94 29 71 85 73 62 99 56 39 72 29 12 98 14 10 64 59 52 33 5 89
56 14 94 91 38 28 26 78 8 69 70 27 81 38 35 72 98 45 29 47 76 92 30 21 22 36 21 65 96 88 57 58 17 26 59 72 17 61 59 89 29 69 83 10 89 83 86 51 69 57
55 96 88 48 59 68 75 20 2 9 37 7 1 10 80 43 62 33 7 61 15 84 57 43 28 77 37 58 29 45 14 55 95 69 43 56 63 80 14 15 15 72 37 87 83 16 72 78 43 62
85 31 76 92 74 93 15 36 34 24 10 61 7 98 70 7 51 34 92 40 93 87 71 90 19 97 46 18 71 43 3 29 79 27 98 6 95 65 27 22 59 25 76 37 34 67 77 65 75 13
11 70 75 36 77 32 57 88 72 38 84 32 15 24 23 8 28 61 86 35 51 62 10 68 51 50 8 66 92 9 79 45 69 4 88 6 68 48 19 75 85 82 28 32 75 18 70 35 37 11
6 56 18 6 50 95 9 29 59 70 14 33 12 43 45 24 92 62 65 55 64 66 24 39 74 43 55 74 67 34 84 77 35 29 89 47 11 95 10 51 48 7 15 43 27 45 38 62 19 47
7 56 69 37 46 33 35 4 66 16 57 99 82 14 47 51 54 40 69 24 20 25 81 27 96 34 47 30 61 63 79 86 36 66 5 82 3 95 1 53 36 23 66 63 67 29 93 17 6 98
81 19 30 23 44 73 2 14 72 88 77 76 8 92 46 23 23 69 9 29 68 3 13 81 12 32 68 26 71 97 19 5 70 8 3 28 1 24 82 8 62 69 62 45 58 90 9 41 91 52
52 25 3 77 48 11 22 99 39 57 24 18 49 91 50 94 65 24 6 99 85 88 98 29 11 6 50 71 31 93 31 7 36 96 72 7 37 29 99 23 14 47 26 38 68 7 47 28 27 89
29 99 22 30 79 35 24 4 4 93 36 14 12 70 6 37 3 24 47 4 77 19 88 70 22 12 18 20 39 10 41 88 37 63 20 76 39 36 51 86 93 2 51 27 94 27 72 10 43 64
80 15 7 75 31 92 56 37 12 38 65 91 84 96 63 13 61 87 20 16 57 50 42 91 29 27 66 96 71 32 16 63 26 27 82 79 24 13 69 62 68 40 3 44 35 66 91 45 67 91
10 54 51 83 89 42 39 81 70 10 22 44 41 43 32 13 27 34 1 4 81 99 30 9 95 86 23 92 37 31 87 57 26 71 50 87 89 72 24 43 72 41 99 15 56 85 91 15 54 35
60 65 1 77 29 19 12 19 24 22 62 38 95 48 46 87 6 19 30 85 69 30 76 33 20 6 20 59 91 85 66 86 94 85 97 95 28 31 82 63 49 28 76 57 21 98 21 64 86 63
35 9 13 32 28 58 34 30 69 83 18 33 34 4 76 90 9 3 62 16 54 86 33 6 92 93 8 7 69 57 62 73 73 65 61 64 16 14 1 26 66 9 88 34 34 84 41 56 10 47
98 34 31 12 67 79 97 61 76 11 20 88 8 89 20 97 55 49 57 7 62 22 2 43 70 47 27 7 75 33 73 34 48 1 86 96 28 46 37 89 52 54 42 92 11 5 42 78 57 26
21 71 5 66 60 70 20 16 81 23 43 45 83 48 73 65 37 51 40 22 48 62 47 66 32 81 45 36 50 98 96 32 24 15 36 59 23 12 67 97 76 52 63 19 19 91 16 57 3 92
1 89 58 27 61 86 44 50 84 26 96 36 59 78 45 70 89 59 60 30 48 58 85 45 45 5 59 88 37 41 42 27 26 92 91 2 64 11 59 37 10 68 47 88 36 65 96 92 1 69
97 54 67 35 20 36 65 99 14 1 6 84 12 38 40 34 24 96 59 29 99 94 16 72 36 79 39 49 79 99 99 40 10 8 33 2 12 4 61 35 5 77 6 60 29 11 43 66 95 39
84 21 98 16 36 58 6 38 22 32 10 84 28 13 33 68 8 19 10 28 97 99 96 3 78 56 60 4 11 41 28 95 42 41 57 26 96 88 86 99 20 80 71 43 61 95 38 87 93 17
45 60 38 86 90 50 61 18 74 56 93 81 70 82 75 55 56 10 94 15 22 72 74 3 36 48 73 61 18 38 70 53 1 8 6 96 21 4 27 98 11 21 64 11 3 68 33 24 17 23
81 94 50 46 72 28 38 47 89 58 27 36 57 42 80 37 97 84 76 16 52 50 49 23 65 74 37 88 63 9 89 79 52 73 2 96 66 60 25 49 54 49 10 37 40 67 76 30 3 14
52 29 92 23 67 33 47 27 47 54 55 38 87 43 35 34 71 70 61 24 95 38 39 19 92 79 37 75 57 28 62 85 62 85 61 1 96 5 88 13 87 67 43 35 11 3 41 89 85 30
4 3 4 86 71 35 75 75 77 47 21 17 6 12 41 97 65 36 19 34 82 51 69 9 80 31 52 82 6 67 59 41 68 89 33 50 31 91 66 22 86 20 2 34 47 78 22 72 76 7
44 42 83 23 24 45 49 8 74 7 22 75 65 22 87 73 35 55 35 81 47 30 92 40 1 13 85 58 43 91 97 58 79 15 47 7 66 92 8 28 68 34 68 75 85 27 84 75 96 96
50 4 95 85 71 1 74 68 75 24 74 79 61 26 9 25 39 5 16 24 78 25 4 11 20 80 86 44 66 33 90 74 37 40 65 98 24 11 4 40 52 1 20 51 79 22 91 94 48 8
25 87 83 55 61 98 4 98 4 93 8 7 36 72 80 35 3 14 51 37 23 78 6 31 87 10 80 32 70 25 7 98 95 95 51 45 16 96 59 88 42 70 9 84 38 69 60 93 51 34
63 41 89 2 31 99 8 7 3 32 82 93 30 36 83 30 59 16 19 70 64 21 18 15 49 64 21 43 54 66 3 31 48 48 46 90 43 80 22 25 1 32 55 23 40 13 37 22 90 26
44 32 61 41 99 61 61 66 7 54 69 23 89 52 88 74 37 68 17 67 37 38 5 37 13 81 96 14 27 77 87 76 70 97 88 94 33 32 66 71 59 78 43 48 32 42 93 46 59 50
85 51 4 48 17 3 30 3 69 10 14 33 95 47 16 50 93 63 60 90 2 25 74 82 3 95 60 60 29 7 15 85 86 11 53 8 73 88 48 49 81 33 37 60 15 53 48 84 94 70
87 29 19 73 93 74 51 57 16 52 40 32 17 18 7 3 44 30 12 20 18 97 32 95 40 36 11 47 68 50 52 97 89 58 88 66 52 84 93 40 59 40 43 3 29 27 36 18 27 44
32 34 55 28 62 80 55 45 27 90 33 42 6 47 65 14 35 22 93 81 5 40 9 50 90 42 93 59 7 12 53 57 20 70 66 61 81 71 10 10 53 88 81 35 58 94 62 36 85 65
21 92 2 34 82 55 3 17 61 49 35 9 51 8 61 2 60 67 15 75 9 73 92 30 14 71 10 83 86 12 46 13 38 94 68 48 78 23 57 50 40 15 5 43 23 61 16 17 5 44
31 42 85 16 81 45 59 62 38 20 52 83 49 68 8 33 44 76 88 54 79 35 44 63 96 22 67 95 32 24 74 23 46 73 62 42 29 74 40 24 84 90 4 52 2 87 83 13 48 49
8 15 80 85 45 62 56 15 99 6 6 88 16 16 50 64 86 81 28 21 22 47 17 95 79 35 47 16 28 24 70 5 56 9 17 40 28 63 30 15 10 69 32 51 84 49 4 10 69 37
7 92 32 55 3 9 53 59 10 84 9 15 62 98 57 86 94 28 9 70 42 8 37 99 71 70 23 42 65 83 34 76 45 90 71 34 94 1 21 38 6 58 39 82 21 98 41 43 53 96
86 72 1 32 6 14 71 94 10 2 16 64 79 95 48 35 3 26 32 96 79 41 54 54 91 28 49 15 41 90 15 99 75 35 66 45 39 25 43 94 25 50 3 48 88 29 11 48 54 81
98 70 49 72 97 68 82 14 67 57 60 2 6 34 87 26 56 7 22 32 51 15 56 21 79 96 1 16 53 1 42 67 43 7 28 21 52 74 88 43 51 58 52 16 47 64 89 37 17 40
21 20 63 63 44 42 5 34 45 76 92 57 94 29 20 35 69 79 67 56 62 48 95 24 93 12 45 23 60 83 49 33 32 76 35 36 39 39 84 16 54 30 79 66 52 69 67 43 56 99
80 48 43 8 26 44 34 80 49 79 93 98 3 53 53 34 94 58 33 99 91 38 94 8 3 58 83 77 34 61 13 23 89 9 23 34 47 28 75 20 43 48 54 47 44 64 54 30 31 2
39 3 37 76 94 70 43 65 98 67 51 26 73 74 21 58 48 87 18 94 99 72 14 92 78 16 43 22 26 80 55 81 7 73 97 59 42 78 25 79 37 27 80 50 81 33 68 79 74 59
52 70 15 28 82 76 50 67 53 42 17 27 8 77 24 73 51 81 61 22 94 83 24 15 86 53 47 80 42 64 90 2 81 16 72 78 14 74 88 29 55 45 56 98 12 85 26 32 36 78
34 68 23 91 45 52 14 14 92 7 56 63 1 37 66 26 87 10 21 36 21 47 71 72 6 11 69 52 79 80 36 53 38 86 49 38 93 9 19 40 56 91 84 96 83 57 95 3 20 2
19 78 92 64 91 26 66 23 76 91 75 20 88 10 1 8 19 77 73 1 34 92 65 31 55 80 37 51 87 55 30 46 28 26 73 63 30 34 43 98 30 61 23 58 73 27 53 54 46 5
49 57 71 61 40 12 43 99 14 26 55 82 42 38 4 38 98 54 66 39 74 64 80 43 31 19 58 61 73 76 7 64 54 76 71 6 12 41 81 71 2 9 53 16 31 3 1 24 14 70
22 8 81 47 57 56 27 60 47 18 94 5 60 81 96 6 23 56 82 30 94 11 77 60 37 78 10 72 71 28 9 90 30 52 56 18 25 81 59 26 57 68 39 66 93 38 63 69 90 82
96 20 73 57 76 60 55 85 26 77 38 3 46 65 65 94 40 38 74 85 4 65 97 66 78 51 54 91 72 12 69 71 54 64 70 83 56 54 53 66 5 33 79 10 33 74 39 91 86 98
22 12 50 33 83 65 88 21 36 49 68 20 20 81 87 80 27 49 68 15 69 11 31 76 48 52 74 58 29 39 85 91 22 62 97 70 69 12 20 47 48 70 65 11 47 90 16 22 57 56
70 68 11 97 51 40 66 65 38 86 84 14 65 92 43 9 97 4 93 35 73 64 18 81 69 19 86 39 70 28 81 5 77 69 83 8 16 32 9 1 12 76 32 87 45 41 51 91 27 6
34 54 34 33 42 51 87 88 79 91 27 83 17 71 16 83 54 45 57 37 13 4 3 46 71 51 77 30 48 4 29 44 74 66 80 8 76 30 6 98 7 38 82 85 24 81 87 60 35 76
6 81 26 41 90 66 20 64 99 27 50 89 91 12 52 14 1 17 70 21 24 33 58 20 47 53 64 80 77 22 5 22 34 92 86 29 44 50 43 17 91 29 31 42 19 9 72 27 99 37
9 2 53 46 24 85 8 78 49 20 97 84 57 63 67 90 85 23 12 12 15 89 73 83 53 97 30 32 70 24 80 88 56 56 23 20 95 95 44 24 82 83 14 76 26 78 9 53 60 47
52 37 4 78 21 41 36 57 82 84 60 85 43 12 72 73 90 34 12 60 55 49 52 12 11 57 41 58 4 17 42 12 53 47 97 14 96 92 7 97 88 93 41 19 44 53 80 2 14 98
41 64 79 63 91 49 50 28 38 13 30 59 5 94 60 33 11 62 95 5 73 34 56 80 29 27 69 67 19 4 17 45 88 55 11 3 19 79 89 31 39 63 62 42 18 10 11 90 5 6
24 28 6 41 13 79 68 40 47 18 43 49 53 47 1 10 50 81 13 92 99 9 46 86 12 61 55 13 25 73 64 99 39 72 87 32 56 96 84 61 34 5 81 80 35 97 48 42 87 63
72 64 80 96 70 14 2 30 65 53 11 11 8 60 30 23 72 27 75 57 8 39 10 83 94 91 51 83 91 42 92 1 28 47 26 57 34 21 77 6 75 90 13 78 69 45 30 38 63 87
14 8 62 72 28 33 52 15 46 18 55 63 62 54 67 19 44 32 89 49 55 23 48 68 20 75 19 24 61 94 44 54 7 56 65 93 61 68 22 75 49 53 87 10 13 32 11 15 59 18
20 6 74 47 49 9 66 36 29 92 88 59 45 70 78 14 59 55 40 92 41 80 14 58 55 68 39 75 28 69 87 22 73 18 56 78 58 82 95 57 58 25 46 12 4 7 10 41 63 48
56 43 44 97 31 11 86 44 38 91 49 51 42 64 75 95 23 3 9 73 38 5 23 71 72 62 51 85 6 76 43 20 64 41 74 23 77 86 58 87 2 43 65 80 98 8 96 99 81 94
5 93 58 98 60 52 11 34 85 58 67 81 62 21 34 66 29 24 11 90 10 45 11 96 2 59 10 99 70 72 28 71 67 13 13 86 13 4 74 59 22 32 57 35 64 26 36 35 88 50
91 1 85 45 32 55 33 22 66 59 71 40 1 58 82 69 67 81 10 68 53 99 58 55 4 97 80 69 58 39 27 91 80 66 15 33 26 94 66 36 59 35 57 23 12 92 22 89 92 53
98 46 52 7 88 52 72 30 17 97 65 91 60 43 67 60 12 39 32 76 66 55 16 75 89 3 4 8 28 41 97 36 10 70 23 76 75 72 5 56 91 71 63 63 70 23 63 91 9 63
76 18 92 76 75 55 10 8 68 19 74 86 97 77 14 37 61 84 72 5 42 98 16 62 92 56 1 95 23 46 74 68 36 77 59 7 13 89 35 33 87 77 74 33 55 91 8 33 85 43
81 26 29 15 21 94 99 53 4 17 19 52 74 98 62 55 44 93 8 94 13 15 11 33 82 59 56 13 59 68 92 3 99 90 5 30 27 34 81 77 39 21 26 45 46 7 13 51 1 99
73 44 4 93 9 30 21 3 33 60 25 68 58 35 62 67 37 52 70 56 41 39 17 32 81 14 77 46 43 39 27 97 81 48 70 81 84 85 17 90 29 55 91 14 8 87 79 39 86 98
81 47 27 88 37 73 31 51 67 21 10 14 51 6 57 28 38 36 53 99 71 55 93 65 38 88 60 52 66 56 8 76 20 51 31 26 15 29 24 1 99 6 48 10 6 64 24 46 73 53
33 41 9 18 33 17 73 73 65 98 63 74 19 18 17 20 10 94 36 34 44 23 27 71 21 46 97 7 8 96 39 63 43 83 67 18 8 74 22 40 98 3 88 19 60 14 36 34 5 41
81 57 38 67 18 67 17 71 81 58 1 43 29 39 11 27 33 32 45 16 95 58 98 40 79 33 12 46 85 59 17 49 43 83 95 91 90 11 18 29 67 20 50 34 98 48 68 57 62 49
90 77 38 64 34 87 84 8 25 54 48 7 84 80 60 73 97 18 35 74 90 73 50 63 25 99 6 49 58 45 79 54 82 54 13 11 10 44 42 16 74 49 50 69 64 41 8 14 50 51
56 26 40 69 85 62 57 70 53 75 2 40 99 60 73 20 88 60 54 14 24 89 98 1 7 39 49 4 31 70 48 52 81 95 44 3 52 21 3 14 50 66 66 6 82 67 31 57 44 4
61 28 21 82 84 11 25 33 12 60 54 8 78 68 6 18 57 86 44 98 4 29 44 95 44 23 83 34 45 3 32 45 91 12 28 39 72 12 64 65 95 85 37 7 28 95 17 29 20 61
77 59 68 10 22 49 9 28 78 37 19 52 51 10 98 46 56 72 81 69 12 25 98 28 14 16 76 13 94 45 98 96 71 31 80 99 25 64 62 3 76 77 6 80 26 94 9 28 23 94
70 77 53 56 48 50 62 81 97 56 21 3 43 45 46 8 68 90 58 39 30 93 9 1 18 11 57 64 40 47 96 96 87 26 56 77 99 70 23 37 90 23 26 1 82 50 28 63 61 93
46 27 76 76 3 51 66 63 70 19 52 59 37 82 93 96 15 49 25 20 57 57 26 99 35 98 21 26 88 80 72 97 29 81 17 99 40 52 5 23 35 63 21 18 8 57 96 26 71 28
16 60 74 91 44 62 49 66 33 60 86 25 26 40 19 64 37 2 37 46 84 34 45 79 94 54 45 32 80 33 5 93 72 63 61 72 52 95 71 74 2 34 79 94 71 97 63 12 61 24
36 9 63 25 22 88 71 87 80 88 3 29 49 20 9 82 7 89 81 78 88 52 52 65 62 69 25 33 11 38 51 95 19 46 49 78 78 98 39 77 24 13 36 37 86 69 92 7 21 43
59 88 71 7 73 66 49 87 40 90 5 23 1 10 88 85 54 36 69 59 25 35 75 56 13 54 86 9 88 66 97 71 66 87 93 62 29 76 51 77 2 66 16 73 86 71 51 81 70 36
60 78 81 9 4 31 24 30 2 84 62 70 90 38 87 75 27 21 66 90 27 48 84 77 13 11 70 3 68 25 28 17 14 89 96 6 47 41 73 39 26 36 24 56 40 28 45 49 61 69
41 92 45 71 37 29 5 45 92 63 17 35 88 31 89 32 31 45 35 42 89 33 42 52 79 16 1 83 42 97 42 81 87 60 67 66 42 83 96 31 47 72 73 79 87 22 5 43 53 53
56 62 26 45 10 1 82 88 73 81 1 85 51 72 34 72 57 31 6 34 41 75 54 99 52 25 80 62 71 82 6 98 44 59 51 63 34 11 57 10 23 80 26 8 36 83 8 20 66 48
47 28 50 77 49 57 42 53 43 39 81 84 63 22 47 46 20 28 29 50 53 99 60 59 96 72 50 48 58 36 14 90 7 1 5 6 71 72 5 44 30 12 62 82 88 64 61 58 64 74
2 26 54 78 16 11 19 95 65 99 51 34 92 72 35 70 51 33 75 50 34 66 40 73 91 93 57 52 55 25 40 44 98 20 94 70 77 48 80 54 83 92 69 43 21 59 94 51 18 36
62 62 60 47 20 56 54 63 71 72 40 18 33 16 96 76 92 14 43 11 11 55 4 70 79 90 4 41 47 20 68 71 43 26 99 64 61 28 9 66 84 94 10 93 57 43 16 90 98 22
38 79 76 44 89 83 95 19 64 82 34 76 67 27 50 66 25 91 13 55 3 88 26 50 47 38 53 31 54 88 99 15 62 74 59 83 67 71 90 39 78 67 75 54 14 14 19 33 46 84
96 7 71 61 7 22 33 73 41 64 12 19 79 81 33 82 53 11 90 41 47 4 74 40 36 66 49 29 69 60 98 37 93 54 62 39 62 63 39 9 97 66 4 34 74 72 31 79 55 72
54 76 86 57 24 73 44 49 8 39 97 86 96 64 26 97 9 97 94 16 72 96 11 2 31 2 3 63 2 8 65 86 32 53 37 14 66 94 86 75 25 68 86 80 72 24 14 98 59 54
50 83 77 97 24 88 47 12 72 30 79 83 8 78 39 22 22 76 36 45 9 97 88 47 33 24 25 35 43 63 96 6 72 84 25 36 93 98 79 78 41 87 41 90 68 99 50 15 30 23
85 24 1 73 51 18 20 5 31 99 48 57 67 84 36 92 32 70 36 35 85 5 91 57 83 27 19 45 62 41 53 17 8 6 42 23 47 59 52 80 87 38 40 19 98 23 37 19 37 51
97 58 82 92 28 93 73 79 17 91 59 55 18 80 79 84 60 69 45 75 6 48 90 71 95 4 56 19 37 30 1 72 43 34 68 78 73 90 84 83 60 38 10 71 79 67 86 47 33 95
75 77 35 81 4 71 64 18 82 31 60 9 25 39 4 45 17 33 6 74 81 98 56 43 73 26 55 32 92 13 36 10 68 76 58 15 23 27 93 86 80 2 45 22 23 34 58 55 88 50
71 9 47 26 7 2 82 8 19 23 51 81 63 71 6 43 15 48 7 18 40 42 60 54 90 94 29 24 14 56 59 9 96 16 71 81 37 68 2 52 58 92 78 31 2 14 54 1 30 6
57 69 51 17 83 96 61 20 25 5 22 8 61 26 34 46 85 71 37 33 3 69 49 92 30 16 44 39 97 61 56 46 76 26 61 62 3 80 74 6 75 13 89 74 60 90 48 23 17 7
79 17 79 52 2 8 96 36 68 37 79 6 72 89 74 73 89 38 67 74 42 16 62 64 7 51 97 95 30 46 70 46 77 21 18 99 1 43 92 23 82 79 37 76 88 3 32 34 59 97
14 3 9 90 82 89 24 58 77 20 73 62 62 79 94 61 85 66 46 40 45 31 33 79 25 20 75 74 83 25 61 27 56 91 63 54 65 12 21 57 58 18 27 35 5 33 70 43 3 83
63 53 65 1 40 2 91 10 10 94 26 17 97 58 65 51 74 97 52 20 37 23 72 84 76 1 1 13 78 29 17 36 93 24 3 51 71 57 82 17 38 18 60 62 37 98 69 27 44 91
96 98 75 11 82 41 71 47 30 46 71 42 46 36 51 86 80 12 88 71 76 3 23 1 24 7 78 52 75 75 35 69 60 55 24 8 43 70 39 5 16 13 51 49 97 80 35 2 45 3
99 47 40 4 16 6 47 38 8 36 83 90 31 80 90 3 19 39 81 27 53 4 8 83 45 16 36 38 77 49 72 48 51 27 62 16 49 51 33 41 63 5 26 42 13 6 2 43 95 31
41 80 56 12 25 98 23 80 10 53 60 78 27 60 12 48 63 28 54 33 29 22 37 73 59 59 43 44 23 92 67 36 53 91 72 42 78 77 33 69 45 85 18 60 24 33 71 64 87 75
45 31 28 92 13 81 20 28 78 45 79 5 26 19 62 33 4 15 16 49 92 14 7 32 64 94 24 9 81 14 40 57 98 96 71 3 82 81 39 23 44 94 39 28 47 95 31 68 77 66
54 20 12 8 31 28 93 43 20 2 27 69 33 60 18 80 57 5 78 45 74 88 27 2 26 81 8 40 4 44 62 54 76 2 83 72 22 32 91 94 58 56 81 5 92 88 49 79 10 23
65 6 33 67 56 5 66 9 31 86 34 57 38 83 27 52 25 62 67 81 30 33 75 77 41 34 51 83 93 70 36 31 51 49 62 43 51 58 77 49 57 1 43 2 65 39 89 61 83 86
93 78 40 42 92 86 47 75 2 10 49 58 54 58 22 88 55 44 55 58 77 43 56 85 15 34 95 52 69 50 56 64 1 24 10 33 27 67 18 16 93 78 56 88 27 53 31 66 8 74
38 21 84 38 21 50 30 73 29 89 86 75 44 3 63 7 96 18 25 98 93 60 5 57 24 13 44 74 93 78 85 13 34 71 80 76 79 78 31 8 87 99 38 15 46 22 30 21 15 17
56 40 52 78 34 37 91 76 92 18 44 82 11 98 69 28 32 89 95 2 62 56 35 39 3 72 46 73 92 52 85 85 92 77 50 22 28 34 95 64 50 21 29 12 32 10 86 76 2 2
8 99 14 66 50 91 52 81 63 70 2 84 85 84 51 65 30 90 97 54 44 67 23 28 56 81 73 10 97 15 43 16 37 85 8 21 60 65 97 32 19 84 41 71 28 44 6 47 14 72
13 10 63 86 36 42 57 82 25 57 2 24 54 15 31 99 15 90 65 68 90 52 3 1 46 49 94 98 48 23 96 62 88 36 84 39 26 97 80 77 58 3 24 45 53 86 78 39 78 54
57 76 13 97 92 68 73 73 69 21 74 52 72 86 84 28 84 13 84 22 95 71 18 69 88 6 20 2 85 55 93 1 48 5 69 86 43 23 30 69 60 52 21 95 7 8 11 38 92 54
67 83 69 49 37 7 56 91 38 24 52 59 33 72 60 65 55 92 2 62 24 64 76 70 69 53 77 38 28 64 74 1 40 6 98 12 18 45 69 70 39 62 42 22 26 37 69 97 94 84
5 13 9 80 56 57 27 26 64 20 87 65 93 39 19 26 93 36 48 59 96 7 98 96 10 83 2 16 61 91 67 13 60 7 62 60 20 26 10 66 7 93 57 96 6 76 30 8 65 7
80 72 20 88 26 89 19 28 52 69 5 11 24 31 81 88 80 66 13 6 95 99 36 85 16 78 21 91 19 50 60 43 21 83 31 91 79 95 38 46 12 58 92 74 68 31 30 44 50 12
34 60 35 47 10 2 17 89 31 54 38 7 78 7 81 98 27 86 51 75 15 29 4 42 57 24 12 73 39 27 52 15 80 73 12 55 28 42 97 32 47 18 47 1 71 40 29 73 18 35
71 64 71 79 31 38 98 64 72 8 65 72 40 43 54 59 71 23 40 44 50 89 33 48 32 1 49 50 10 60 4 47 10 36 51 84 57 7 58 53 82 55 44 43 76 48 12 50 99 26
99 78 38 25 22 7 59 86 51 32 57 81 58 98 3 40 7 12 84 54 87 53 54 7 96 75 84 68 94 53 24 23 64 50 5 85 60 31 54 90 48 74 63 11 90 6 9 6 58 48
75 90 65 24 25 92 70 14 20 38 49 27 65 5 37 80 77 78 93 66 76 28 77 99 73 29 90 78 92 34 36 38 45 99 73 72 35 24 43 62 53 28 7 61 52 64 67 2 65 42
97 2 69 92 99 85 58 51 38 31 80 56 84 29 27 73 72 86 3 6 15 29 79 95 54 61 79 61 15 75 44 46 14 52 44 56 49 14 68 59 62 79 50 14 65 52 78 5 17 84
57 64 22 51 98 23 23 11 30 28 25 1 99 3 69 24 20 83 52 18 94 55 71 82 19 78 91 25 63 40 62 71 65 65 99 62 4 63 18 74 9 5 96 27 53 78 18 70 74 25
9 99 54 40 16 20 2 98 99 26 23 94 57 83 45 80 21 61 70 45 24 96 41 55 20 97 23 1 90 31 74 57 46 84 4 49 43 86 74 95 57 43 47 93 26 24 75 50 24 59
7 44 42 40 12 68 99 52 99 92 1 62 66 59 35 59 45 2 62 63 45 31 17 2 70 76 50 2 55 23 66 44 55 87 67 81 12 91 38 96 61 11 68 84 19 51 41 81 38 93
95 25 60 18 67 66 22 89 85 7 97 25 83 20 10 85 77 67 29 43 86 37 96 24 94 92 86 48 47 64 81 64 30 49 82 54 48 45 8 5 2 56 43 66 23 6 97 45 31 1
45 67 23 51 59 94 81 77 86 12 24 24 45 61 95 73 23 11 79 67 78 16 41 70 11 11 6 9 13 98 35 58 13 32 43 87 33 21 95 99 51 87 77 15 48 66 14 85 34 12
18 31 19 72 10 13 56 2 66 81 69 75 53 28 69 77 59 35 5 96 17 54 31 72 15 97 85 25 7 3 39 40 14 15 34 24 24 45 47 35 25 80 54 39 31 5 71 92 97 60
67 79 74 98 92 97 86 42 65 38 92 1 53 46 72 14 80 79 85 72 11 21 88 8 18 72 55 73 63 56 40 10 26 84 55 3 83 97 6 24 35 60 65 8 12 74 77 55 96 23
93 21 92 52 86 99 48 75 16 31 8 18 1 44 93 27 13 14 33 38 32 11 75 53 24 78 91 94 7 35 60 76 90 55 3 2 21 92 34 98 52 20 24 73 37 48 53 28 14 21
6 37 58 69 47 44 91 42 82 52 69 95 38 18 21 15 75 22 83 77 44 27 23 81 83 93 49 79 91 80 8 85 62 43 71 9 57 52 8 35 53 68 19 68 55 87 18 16 71 62
9 92 49 29 55 65 80 5 57 59 29 92 43 37 43 48 46 76 96 43 34 83 5 87 68 66 60 58 16 2 87 13 52 57 5 62 84 6 46 41 30 54 51 14 59 5 11 50 61 65
14 47 21 65 60 81 38 61 16 25 12 81 26 79 28 97 55 14 42 13 75 27 29 4 1 38 89 57 67 48 61 4 73 44 30 1 5 25 8 79 46 56 26 25 8 18 29 49 19 78
56 95 91 5 17 5 79 69 36 29 12 73 79 68 92 94 70 29 42 36 58 69 4 85 89 84 27 10 97 74 78 28 91 51 43 6 17 85 69 51 40 21 40 85 13 15 54 54 96 64
38 41 68 87 53 95 74 33 1 25 89 2 74 80 15 93 30 75 54 78 20 13 31 55 54 31 7 40 37 77 88 72 55 44 13 91 19 55 45 28 64 94 10 49 56 59 30 52 56 40
62 40 48 14 56 36 40 49 5 91 8 93 46 16 40 52 20 52 84 63 79 16 4 24 8 77 77 10 16 27 49 57 29 73 21 53 38 52 59 49 63 87 11 88 23 27 8 35 23 24

Demandas:
0 1 0 0 0 0
0 1 0 0 0 0
0 0 0 0 1 0
0 0 0 1 0 0
0 0 0 0 0 1
0 0 0 0 1 0
0 0 0 0 1 0
0 1 0 0 0 0
0 0 1 0 0 0
0 0 0 0 1 0
0 0 1 0 0 0
0 1 0 0 0 0
0 0 0 0 0 1
0 0 0 0 0 1
1 0 0 0 0 0
0 0 0 0 1 0
0 1 0 0 0 0
0 0 0 0 1 0
0 0 1 0 0 0
0 0 0 0 1 0
0 0 0 0 0 1
0 0 0 0 0 1
0 0 1 0 0 0
0 0 0 1 0 0
1 0 0 0 0 0
0 0 1 0 0 0
0 0 1 0 0 0
0 0 0 0 0 1
1 0 0 0 0 0
0 0 0 0 0 1
0 0 1 0 0 0
0 0 0 0 1 0
0 1 0 0 0 0
0 0 0 0 0 1
0 1 0 0 0 0
0 0 1 0 0 0
0 1 0 0 0 0
0 0 1 0 0 0
0 0 1 0 0 0
0 0 0 0 0 1
0 0 0 0 1 0
0 1 0 0 0 0
0 0 1 0 0 0
0 1 0 0 0 0
0 0 0 0 0 1
0 0 0 0 1 0
0 0 0 1 0 0
0 1 0 0 0 0
0 1 0 0 0 0
0 1 0 0 0 0
1 0 0 0 0 0
0 1 0 0 0 0
0 1 0 0 0 0
0 0 0 0 1 0
1 0 0 0 0 0
0 0 0 0 1 0
0 1 0 0 0 0
0 0 1 0 0 0
0 0 0 0 0 1
0 0 1 0 0 0
0 1 0 0 0 0
0 0 1 0 0 0
0 1 0 0 0 0
0 0 0 0 0 1
0 1 0 0 0 0
0 1 0 0 0 0
0 1 0 0 0 0
0 0 0 0 1 0
0 0 0 1 0 0
0 1 0 0 0 0
0 0 1 0 0 0
0 0 0 1 0 0
0 0 0 0 1 0
0 0 0 0 0 1
0 0 0 1 0 0
0 0 0 0 0 1
0 1 0 0 0 0
0 0 0 1 0 0
0 0 0 0 0 1
1 0 0 0 0 0
0 0 0 0 1 0
0 1 0 0 0 0
0 0 0 1 0 0
0 1 0 0 0 0
0 0 1 0 0 0
0 0 0 1 0 0
0 0 1 0 0 0
1 0 0 0 0 0
0 0 0 0 1 0
0 1 0 0 0 0
0 0 0 0 0 1
0 0 0 1 0 0
0 0 1 0 0 0
0 0 1 0 0 0
0 1 0 0 0 0
0 1 0 0 0 0
0 0 1 0 0 0
0 0 0 0 0 1
0 0 0 1 0 0
0 0 0 0 0 1
0 0 0 0 0 1
0 0 0 0 1 0
0 0 1 0 0 0
0 0 0 0 0 1
0 1 0 0 0 0
1 0 0 0 0 0
0 1 0 0 0 0
0 0 0 1 0 0
0 0 0 0 0 1
1 0 0 0 0 0
0 0 0 1 0 0
0 0 0 0 0 1
0 0 0 1 0 0
0 0 1 0 0 0
0 1 0 0 0 0
1 0 0 0 0 0
1 0 0 0 0 0
0 0 0 0 1 0
0 0 1 0 0 0
0 0 0 1 0 0
0 0 1 0 0 0
0 1 0 0 0 0
0 0 1 0 0 0
0 0 0 1 0 0
0 0 1 0 0 0
0 0 0 0 0 1
0 0 0 0 1 0
1 0 0 0 0 0
0 0 1 0 0 0
0 0 0 0 1 0
0 1 0 0 0 0
0 0 0 0 0 1
0 0 0 1 0 0
0 0 0 1 0 0
0 0 0 1 0 0
0 1 0 0 0 0
0 0 0 1 0 0
0 0 0 0 1 0
0 0 0 1 0 0
0 1 0 0 0 0
0 0 0 0 0 1
0 0 0 1 0 0
0 0 0 0 0 1
1 0 0 0 0 0
0 1 0 0 0 0
1 0 0 0 0 0
1 0 0 0 0 0
0 0 0 0 0 1
0 0 0 0 1 0
0 0 0 0 0 1
0 0 0 0 1 0
0 0 0 0 0 1
0 0 1 0 0 0
0 0 0 1 0 0
0 1 0 0 0 0
0 0 0 1 0 0
0 0 0 0 1 0
0 0 1 0 0 0
0 0 0 1 0 0
0 0 0 0 1 0
0 0 1 0 0 0
0 1 0 0 0 0
0 1 0 0 0 0
0 0 0 1 0 0
0 1 0 0 0 0
0 0 0 0 0 1
0 1 0 0 0 0
0 0 1 0 0 0
0 0 0 0 1 0
1 0 0 0 0 0
0 0 0 0 0 1
0 0 0 1 0 0
0 1 0 0 0 0
1 0 0 0 0 0
0 0 0 0 1 0
0 1 0 0 0 0
1 0 0 0 0 0
0 0 1 0 0 0
0 0 0 1 0 0
0 0 0 1 0 0
0 0 0 1 0 0
0 0 0 0 1 0
0 0 0 0 0 1
0 0 1 0 0 0
0 0 0 0 0 1
0 0 0 1 0 0
0 0 0 1 0 0
0 0 1 0 0 0
0 1 0 0 0 0
0 1 0 0 0 0
0 0 0 0 1 0
0 0 1 0 0 0
0 1 0 0 0 0
0 0 1 0 0 0
0 0 0 0 1 0
0 0 0 0 0 1
0 0 0 0 0 1
0 0 0 0 1 0
0 0 0 1 0 0
0 0 0 0 1 0
0 0 0 0 0 1
0 0 0 0 1 0
0 0 0 1 0 0
0 1 0 0 0 0
0 1 0 0 0 0
0 0 1 0 0 0
0 0 0 0 1 0
0 1 0 0 0 0
1 0 0 0 0 0
0 0 1 0 0 0
0 0 0 0 1 0
0 0 0 1 0 0
0 0 0 0 0 1
1 0 0 0 0 0
1 0 0 0 0 0
0 0 0 0 1 0
0 0 0 0 0 1
0 0 1 0 0 0
0 0 0 1 0 0
0 0 0 0 1 0
0 0 0 0 0 1
0 0 0 0 0 1
0 0 0 1 0 0
1 0 0 0 0 0
0 1 0 0 0 0
0 0 1 0 0 0
1 0 0 0 0 0
1 0 0 0 0 0
0 0 0 0 0 1
0 0 0 0 0 1
0 0 0 0 0 1
0 1 0 0 0 0
1 0 0 0 0 0
0 0 0 0 1 0
0 0 1 0 0 0
0 0 1 0 0 0
0 0 0 0 1 0
0 1 0 0 0 0
0 0 0 0 0 1
0 0 0 0 1 0
1 0 0 0 0 0
0 0 0 0 1 0
0 0 0 1 0 0
0 1 0 0 0 0
0 1 0 0 0 0
0 0 1 0 0 0
0 0 0 1 0 0
0 0 1 0 0 0
0 0 0 1 0 0
0 0 0 0 1 0

Capacidades:
0 0 1 2 0 3
2 3 2 1 3 0
3 4 4 3 1 2
0 3 1 0 2 1
1 0 4 1 4 4
1 4 3 2 0 3
1 4 1 2 2 2
0 1 3 2 0 4
1 2 0 4 1 3
3 2 4 2 1 3
1 1 2 3 1 0
4 2 0 2 4 2
4 2 2 1 2 3
4 4 0 0 0 0
4 0 3 1 0 0
0 4 1 1 1 3
2 0 3 2 1 4
3 0 1 1 1 1
1 4 0 2 4 0
2 4 2 1 3 2
1 2 3 4 2 0
0 0 4 2 4 1
2 2 0 2 3 1
1 2 0 0 2 2
0 4 0 4 3 1
2 0 2 0 1 3
0 0 4 0 1 4
0 1 1 2 1 0
1 3 4 1 4 3
0 3 1 0 1 4
0 2 3 3 4 1
2 3 4 1 2 1
2 2 2 2 2 1
3 1 0 2 1 0
2 0 0 2 0 0
0 0 4 2 3 0
0 3 4 3 0 2
4 0 0 2 3 1
3 3 2 4 0 1
0 1 4 3 0 2
4 4 2 1 0 4
1 2 1 0 3 4
4 4 2 1 1 1
0 1 2 1 1 4
0 1 2 0 0 4
2 1 3 2 0 0
4 0 2 3 2 4
0 0 1 4 0 2
4 2 1 0 3 4
0 3 2 0 4 0
