m: 250
n: 50
k: 6

Distancias:
52 45 99 56 91 95 46 53 42 72 15 92 41 80 9 44 9 15 26 32 51 14 65 58 77 32 3 23 41 78 63 74 12 18 26 67 41 33 74 37 86 24 50 66 72 7 6 38 54 33
21 21 40 72 14 83 50 76 94 91 63 54 8 42 33 31 8 75 82 20 87 32 94 13 1 21 99 54 6 85 62 82 80 77 44 76 66 91 20 95 9 28 15 32 55 69 35 94 39 51
22 45 10 85 33 2 89 34 85 14 55 56 59 32 1 60 79 11 92 54 46 66 64 4 7 23 80 90 30 6 69 89 41 49 20 67 3 35 88 77 77 40 16 99 61 16 58 98 81 22
3 74 99 67 38 84 92 33 55 82 58 70 17 82 48 63 68 11 96 45 63 7 61 8 40 46 12 40 74 37 22 21 92 16 37 18 85 65 20 28 77 30 49 70 16 80 37 51 68 86
81 57 18 78 64 90 83 53 85 60 96 71 16 12 35 56 67 47 59 86 78 68 25 47 39 19 70 86 43 1 82 7 98 15 75 3 7 26 14 89 96 30 5 16 59 42 9 25 39 38
6 86 78 97 5 40 5 72 60 75 77 88 9 82 8 48 35 33 71 66 55 61 97 98 64 29 19 73 32 67 95 61 87 75 18 19 92 51 34 39 4 49 78 16 67 60 53 25 20 60
39 39 22 41 38 42 99 96 49 62 52 95 1 5 56 28 42 57 12 74 72 3 56 12 1 74 61 3 26 11 38 15 20 80 1 35 30 93 33 29 78 54 45 91 53 25 11 75 28 43
46 62 44 40 68 65 22 42 7 43 71 61 5 93 77 11 70 90 65 51 27 8 49 45 91 44 27 79 11 58 17 71 54 34 33 81 95 21 60 34 11 47 64 86 53 87 35 66 57 92
7 14 59 69 79 95 12 80 48 50 96 93 30 21 64 93 16 92 83 49 31 26 3 47 45 77 65 60 73 42 62 14 76 62 61 75 76 8 72 26 20 65 28 72 17 71 2 10 25 83
54 7 19 84 24 18 19 57 93 34 47 48 67 52 9 65 86 17 46 51 58 14 58 89 19 7 57 59 70 35 29 25 78 36 39 45 79 47 87 96 44 86 9 82 5 38 30 15 54 66
38 97 18 54 65 30 76 24 82 83 53 59 42 77 62 78 56 80 10 35 51 95 93 19 95 85 93 20 90 55 60 33 57 56 55 95 37 21 86 9 35 90 33 20 91 45 52 54 67 30
82 52 45 5 44 65 76 10 88 22 51 33 33 58 93 56 85 40 66 60 31 27 25 22 19 34 57 36 29 74 73 51 50 49 88 25 8 94 84 22 76 65 10 89 93 87 96 3 33 72
66 85 91 74 24 10 39 27 77 91 67 98 42 43 51 67 72 57 67 75 71 30 47 29 79 21 17 36 11 73 42 10 68 76 8 96 36 1 80 85 95 22 49 96 21 91 78 67 74 32
91 29 31 28 77 32 23 10 84 77 82 12 4 55 83 56 20 67 52 47 16 10 73 14 39 32 64 70 64 65 44 68 73 59 86 7 70 95 84 21 35 46 5 60 85 4 51 45 29 82
32 8 67 1 19 87 29 7 22 1 23 77 22 92 18 27 11 52 87 42 83 14 30 76 55 36 37 8 25 16 23 7 43 60 24 31 96 98 49 83 40 93 51 36 6 51 58 81 7 45
18 41 7 72 94 41 39 5 71 23 18 90 52 81 73 68 28 18 39 47 88 18 5 78 16 3 56 86 51 67 20 22 35 76 84 39 60 95 17 43 6 80 83 77 76 92 80 93 34 21
65 53 69 94 14 99 63 74 52 55 87 10 8 25 98 76 90 46 43 96 48 38 38 94 96 7 88 49 93 58 45 43 99 5 73 38 94 22 58 75 66 16 64 85 64 31 48 30 89 60
34 24 75 64 14 59 84 76 23 2 17 91 94 65 58 58 91 69 7 94 48 64 81 98 69 45 54 73 8 88 99 85 57 11 62 63 44 91 49 8 81 53 13 7 95 68 43 79 29 53
99 75 94 94 39 78 11 22 18 98 91 82 34 78 15 89 77 85 73 1 18 98 76 6 37 5 61 46 8 4 33 42 12 69 86 37 31 77 38 87 17 49 12 31 91 11 26 60 47 3
58 87 97 2 95 14 57 53 72 60 89 6 95 22 61 14 94 71 25 13 49 50 39 80 81 1 44 47 28 87 73 84 18 78 97 88 46 58 43 33 64 85 25 98 69 60 90 39 9 7
8 27 30 87 48 59 85 41 78 93 6 2 3 70 71 85 49 5 27 5 48 13 54 87 73 87 38 47 99 51 50 57 1 32 50 47 73 92 81 38 10 46 44 64 73 67 8 91 76 60
15 24 13 20 93 9 30 19 52 46 22 54 27 89 50 89 4 92 38 32 51 76 63 22 1 79 13 70 11 43 37 90 36 81 95 6 50 65 67 30 18 98 86 85 60 45 16 38 96 65
48 58 69 35 78 20 57 43 25 94 70 92 11 62 16 99 5 89 4 75 56 21 58 44 49 32 52 94 34 33 75 43 94 15 28 83 64 84 89 47 52 69 52 11 49 48 45 15 85 13
33 65 78 2 5 54 1 86 58 78 86 53 2 62 68 6 46 39 19 25 3 35 62 84 37 14 32 55 66 64 17 51 11 86 42 65 85 5 83 68 86 67 52 90 14 77 95 20 46 78
56 26 57 40 83 7 8 60 57 54 31 31 30 67 52 88 77 43 79 12 41 95 66 13 79 73 40 50 13 39 74 55 13 22 76 69 79 42 17 95 2 7 52 52 51 76 35 37 51 41
98 66 45 57 25 72 2 26 80 62 9 88 31 25 57 47 34 91 35 19 33 24 94 78 99 10 16 23 71 16 81 7 16 71 51 86 50 38 80 99 34 74 80 64 92 42 52 53 86 56
53 98 45 90 6 62 36 64 97 51 15 84 2 90 53 51 88 75 74 54 66 30 42 29 58 26 26 89 16 15 55 63 41 82 34 79 46 75 96 70 10 50 57 82 88 31 8 16 11 43
92 73 74 78 66 91 9 36 2 10 62 74 78 8 94 33 51 37 94 83 4 17 34 57 55 81 5 97 46 18 2 89 75 52 64 89 17 15 73 81 87 65 7 91 8 71 94 40 69 81
95 83 13 3 34 95 9 14 63 30 76 85 18 98 6 3 3 55 75 71 12 61 67 41 31 37 49 95 80 46 62 63 25 86 2 68 84 25 70 63 40 28 82 74 17 54 9 39 11 85
5 87 70 35 38 4 70 20 94 18 51 11 82 21 26 16 59 64 3 88 94 74 98 70 26 59 93 43 75 65 57 91 11 69 81 29 73 73 71 88 6 54 77 59 70 61 7 63 33 51
70 33 98 66 98 9 50 27 32 87 74 66 17 74 31 34 43 95 18 67 95 84 91 98 44 26 92 28 19 37 10 48 45 14 65 71 73 59 79 42 12 89 39 77 84 93 4 51 23 10
71 48 21 82 66 81 48 23 84 94 14 29 75 90 50 42 14 33 95 41 12 88 99 63 48 89 5 14 63 27 90 44 57 32 28 30 49 67 76 38 42 65 92 98 39 35 12 82 96 12
58 52 41 53 53 26 66 57 98 31 75 30 49 67 84 35 92 32 32 87 94 66 92 73 47 52 16 96 97 84 64 11 86 90 43 21 3 8 66 48 73 17 41 96 74 74 68 28 91 38
53 17 40 39 57 75 14 74 97 83 29 37 94 30 63 65 69 8 73 79 26 19 81 10 25 99 76 74 84 11 60 34 62 56 58 59 9 76 9 99 11 79 81 32 54 98 29 47 68 43
15 63 13 39 5 89 85 87 56 25 22 80 79 25 48 56 2 66 52 67 43 37 73 4 45 22 4 3 69 31 42 56 27 86 62 29 85 86 34 81 97 44 74 42 10 33 22 77 80 1
26 40 71 13 81 13 59 47 97 7 9 11 96 74 35 17 13 83 63 53 75 89 78 8 82 6 60 62 15 4 13 61 36 22 59 60 28 5 67 22 35 77 95 52 76 55 67 52 94 45
1 72 64 34 30 57 13 32 54 49 16 46 30 9 88 59 64 15 93 60 86 18 61 5 88 3 21 82 18 42 96 76 93 78 70 65 66 56 11 40 75 16 62 89 20 73 52 71 98 81
95 15 27 53 63 47 95 58 68 62 67 66 13 15 69 54 63 66 55 28 93 28 42 53 6 16 44 90 88 6 30 18 74 14 74 58 74 34 75 14 7 54 46 87 38 42 34 84 10 54
26 10 82 28 2 68 51 21 85 76 13 38 11 16 21 71 13 63 70 45 46 26 16 31 14 74 9 90 57 8 90 50 11 88 4 65 5 55 16 12 61 48 70 82 5 63 45 10 40 29
4 13 63 62 60 70 1 41 34 5 50 94 70 51 50 34 41 58 8 71 92 45 57 41 81 58 54 95 21 55 99 1 54 98 58 97 33 23 29 27 28 47 20 5 62 38 6 31 88 71
57 74 11 12 24 80 96 79 75 96 2 12 81 66 76 22 68 5 31 68 84 22 56 10 64 45 89 37 82 65 64 55 5 23 66 84 20 2 20 7 97 13 6 67 90 88 61 27 83 11
48 60 15 43 42 17 54 92 60 59 76 80 35 6 34 70 67 52 20 60 14 57 1 58 64 52 21 91 66 85 68 33 99 36 92 80 9 20 31 83 44 6 67 78 29 41 88 70 63 93
72 22 7 96 42 21 69 66 51 41 41 10 44 63 96 51 87 14 67 15 11 29 55 87 67 71 33 85 82 63 75 97 24 73 81 74 26 14 59 74 96 22 24 12 7 55 47 84 92 44
86 30 43 65 82 45 14 61 30 44 71 68 62 92 26 33 59 41 52 13 77 33 42 77 66 23 30 15 56 85 19 52 66 10 56 5 30 30 99 68 22 59 98 86 7 88 72 21 45 30
46 68 52 74 92 23 66 95 85 41 48 15 69 1 41 62 39 82 80 23 37 48 99 64 30 20 15 63 70 90 75 95 62 14 88 69 13 47 23 10 45 26 23 61 65 10 18 8 65 45
29 25 84 75 78 56 86 53 48 1 53 30 26 96 84 33 48 30 41 56 76 81 21 88 62 42 79 44 60 52 50 46 25 90 42 82 2 99 87 24 62 13 28 23 73 82 67 2 97 19
56 43 52 68 9 87 91 97 27 46 30 98 85 97 89 52 53 76 53 80 80 17 32 23 89 26 18 61 3 72 83 70 84 12 89 26 88 25 67 41 74 11 17 15 49 71 54 49 84 76
27 78 65 97 34 6 14 31 3 97 18 57 27 5 53 20 84 3 3 39 57 96 50 22 84 31 44 71 56 19 4 10 76 94 65 43 71 58 83 20 32 13 6 65 31 1 66 79 26 76
77 83 69 28 99 66 47 31 84 37 30 3 97 25 72 43 74 47 48 82 78 77 35 25 69 27 91 42 78 58 90 40 32 39 19 88 81 91 90 99 99 54 71 54 6 94 33 93 52 52
74 61 86 26 93 14 26 68 71 56 34 71 3 14 49 27 50 48 7 51 14 99 69 92 14 89 83 97 81 79 43 80 52 71 6 46 39 82 25 90 66 27 49 9 91 76 15 58 30 3
93 63 1 52 9 23 83 13 51 72 83 97 75 88 24 3 22 98 52 41 58 75 37 27 30 61 57 17 70 13 4 47 83 39 81 44 76 49 51 78 90 44 29 73 37 15 76 70 2 66
45 74 30 73 75 79 10 33 30 85 5 23 73 26 36 74 51 43 35 94 1 16 16 4 50 94 91 82 77 85 45 21 98 81 90 60 46 66 77 28 45 7 7 98 67 71 34 81 99 85
18 56 31 78 99 31 96 17 62 90 54 90 80 74 93 66 63 15 52 18 36 44 78 89 45 80 68 39 60 12 10 64 33 99 62 82 56 93 17 77 44 2 81 42 33 78 75 97 38 52
94 32 66 60 80 54 62 87 87 47 65 74 20 36 52 30 19 19 94 31 53 85 21 40 35 63 90 33 92 8 58 48 89 97 6 29 93 54 33 66 95 33 79 16 94 64 35 76 55 61
67 19 93 16 6 20 88 24 69 26 99 59 24 1 49 60 81 12 4 36 85 8 33 82 86 17 74 68 28 7 64 1 38 5 34 29 95 26 76 27 88 90 52 87 68 1 3 91 93 41
3 65 75 62 70 76 98 89 75 33 32 54 87 43 55 72 12 68 84 20 12 55 44 28 50 35 47 44 1 16 69 46 38 66 25 9 85 91 86 8 76 75 74 57 91 92 42 4 73 45
12 91 20 27 99 59 65 63 6 25 84 32 82 84 22 25 98 62 29 13 69 89 97 65 26 19 85 33 15 48 91 99 31 64 86 16 99 44 35 25 5 4 20 91 73 42 39 87 57 79
44 10 91 60 73 26 96 53 1 13 42 83 32 17 25 66 70 68 56 67 89 13 67 19 11 77 43 89 33 67 43 6 98 92 33 81 96 79 38 54 21 50 29 75 35 15 1 34 45 44
32 13 94 26 27 90 17 31 49 50 10 13 75 38 32 87 95 93 79 35 87 18 51 78 57 64 6 82 31 28 39 11 6 15 31 48 16 43 86 51 38 51 53 55 29 64 87 35 32 11
63 12 30 51 77 87 16 41 63 33 44 95 14 59 51 35 6 26 5 11 73 63 10 90 98 73 16 20 87 46 67 96 15 88 28 53 15 70 31 43 42 88 40 51 54 1 49 92 30 28
73 89 72 35 88 81 4 30 58 71 79 10 83 55 45 43 17 85 56 92 81 87 67 97 53 73 54 60 57 71 84 75 93 69 63 43 10 42 16 37 43 40 40 96 50 37 91 63 77 38
35 30 62 67 31 45 24 95 41 95 64 65 5 42 17 76 70 56 59 59 88 48 4 92 88 9 16 76 95 4 87 6 16 60 73 15 94 96 70 52 59 1 80 57 29 44 81 93 56 72
95 81 44 19 21 7 40 58 93 22 65 79 82 22 90 86 49 59 2 66 6 93 40 69 17 18 63 86 79 2 73 25 64 7 27 82 46 70 24 82 38 84 94 41 7 11 27 57 70 15
44 74 39 92 97 97 24 19 47 99 53 1 96 14 53 46 71 95 73 19 28 35 76 93 3 44 99 6 84 20 37 11 88 22 50 92 9 52 68 49 34 15 77 73 80 81 93 20 51 48
84 22 31 86 35 5 28 17 76 97 74 39 74 47 6 11 50 11 86 49 76 43 82 7 37 17 15 45 51 56 86 87 74 1 37 25 58 54 36 88 48 53 10 62 86 41 90 19 70 23
42 14 45 7 50 87 3 95 79 97 42 6 54 7 10 18 12 64 18 14 75 95 78 10 72 26 29 78 85 89 48 93 13 19 99 23 41 66 95 8 37 99 39 40 21 53 27 50 97 69
56 26 29 60 72 51 38 65 64 82 39 51 64 51 57 70 78 3 90 23 83 93 70 1 54 63 39 63 85 59 29 61 60 90 20 65 8 48 31 28 52 86 94 78 36 39 83 49 38 75
97 88 44 46 54 25 66 37 34 83 39 68 59 5 94 14 30 86 11 29 57 7 18 35 62 36 88 54 50 74 35 8 54 32 25 60 77 57 72 18 54 45 85 62 98 48 36 47 43 67
13 99 59 84 40 50 92 84 64 82 55 45 67 10 58 5 2 24 3 82 8 53 28 55 76 39 95 97 75 95 49 26 10 40 75 9 97 63 20 8 53 91 4 94 81 35 53 18 48 96
79 23 30 26 78 63 21 28 75 19 14 57 31 70 69 86 47 2 79 81 36 40 38 67 60 85 91 68 11 75 95 60 9 49 50 2 93 48 77 23 57 91 89 44 71 46 23 96 87 26
62 16 22 6 79 50 74 41 67 86 2 6 3 73 86 18 2 10 82 90 45 33 65 89 42 94 88 6 72 57 46 38 10 65 4 30 44 16 7 59 1 93 22 70 2 26 93 28 23 8
22 36 68 58 98 89 8 74 92 14 91 95 35 47 99 12 16 34 10 21 95 20 70 13 91 7 37 38 66 22 73 8 63 75 89 38 27 69 30 80 87 8 24 48 93 79 60 44 69 90
19 99 37 24 92 91 73 1 7 56 98 12 85 97 24 32 47 74 80 12 87 78 63 72 52 35 9 56 14 78 72 62 94 14 68 56 27 57 83 48 42 90 26 32 35 12 95 78 45 96
54 50 97 94 25 79 37 20 86 71 44 83 26 51 12 36 40 35 62 42 20 34 49 91 45 44 23 4 56 9 15 36 92 94 6 90 86 99 66 91 43 72 51 88 18 40 42 85 8 26
8 76 93 25 27 73 96 10 3 25 23 33 39 90 95 75 5 18 84 19 89 23 6 21 49 30 53 99 92 1 75 34 75 39 47 26 52 76 67 13 2 85 41 78 48 93 50 85 70 22
69 55 24 93 97 2 58 11 71 12 79 72 29 38 72 89 73 69 56 27 5 48 25 61 31 5 26 67 15 57 25 37 85 62 85 21 22 82 1 68 54 76 51 3 11 58 51 8 31 68
30 86 14 59 82 36 69 34 19 48 28 75 65 52 64 98 13 43 75 17 21 82 61 17 66 42 33 7 76 52 15 83 35 79 11 14 97 13 35 83 76 85 48 39 97 32 53 4 55 15
56 22 55 57 76 32 90 42 56 36 42 59 7 93 60 63 36 89 3 95 99 90 44 93 2 6 48 46 73 89 75 98 92 85 23 30 27 80 35 70 23 21 28 44 74 80 69 35 46 82
65 97 98 13 72 70 28 36 31 10 21 7 85 77 60 90 62 23 24 81 32 7 10 65 26 52 73 61 94 20 68 53 24 99 73 88 28 16 34 56 92 3 78 30 91 71 44 43 66 45
17 39 69 85 57 71 37 78 3 47 57 31 20 15 37 48 76 81 71 66 97 17 24 40 30 23 64 53 16 12 40 48 62 40 96 7 80 82 85 53 92 72 18 47 77 21 80 64 26 22
61 34 27 49 36 90 11 5 45 66 28 47 90 61 34 58 98 22 57 84 76 64 42 84 7 31 13 60 42 85 3 33 52 12 78 75 55 81 5 9 94 59 49 27 87 26 71 57 82 93
27 96 53 22 69 1 44 93 60 25 20 85 65 53 64 87 5 13 48 59 66 50 39 41 26 49 23 87 4 14 80 22 51 7 14 9 59 54 99 89 40 99 99 75 26 90 56 56 14 35
55 90 34 9 40 22 94 65 3 90 58 2 80 5 74 1 33 96 22 99 95 25 39 63 9 8 34 59 14 64 14 34 13 16 13 75 99 3 12 97 14 97 13 41 72 63 41 85 95 51
83 25 55 93 90 63 64 90 37 66 67 21 12 93 28 86 76 43 70 86 84 65 45 63 56 16 88 85 39 80 46 72 77 26 41 30 71 47 95 31 31 88 88 9 24 37 70 36 73 8
41 60 73 43 54 4 22 27 95 56 62 33 32 94 60 36 21 61 93 79 89 61 13 56 90 39 16 32 21 68 5 25 5 5 50 4 99 90 96 56 30 20 42 97 26 22 15 20 78 95
48 4 26 35 31 8 50 71 15 74 3 73 26 89 46 57 83 30 13 88 44 19 38 2 17 42 53 94 76 85 69 74 69 34 7 97 1 78 54 9 28 17 29 33 92 86 20 57 12 94
44 90 21 47 70 32 17 32 18 15 9 90 59 62 53 67 88 82 64 17 51 55 94 33 13 15 82 82 53 81 18 34 33 62 56 93 41 75 71 89 30 8 61 65 76 94 24 77 17 22
54 78 58 25 11 35 88 76 72 80 9 47 64 84 85 39 56 29 93 43 51 15 48 54 17 17 30 60 58 52 52 18 89 89 8 88 92 80 13 4 20 5 90 99 73 28 32 88 16 42
58 57 22 55 56 38 80 3 56 21 31 85 53 95 99 59 61 47 15 69 42 27 93 49 30 95 18 8 45 55 54 15 40 86 44 92 47 8 45 70 67 33 91 68 73 52 55 91 72 43
31 89 73 22 17 91 5 3 38 14 31 61 25 64 38 46 17 41 34 89 84 33 57 68 66 72 42 65 14 42 52 91 58 74 11 12 48 87 10 64 83 59 82 25 68 56 2 67 55 29
63 93 91 92 4 14 15 45 6 24 38 8 56 85 70 56 47 12 33 33 72 12 72 44 25 87 84 32 25 76 9 53 80 23 52 93 22 40 72 74 66 93 57 87 99 21 51 60 94 68
72 54 18 72 53 37 66 64 17 92 96 15 53 46 80 27 17 2 78 16 60 5 89 51 22 71 8 40 31 99 57 6 11 58 2 67 51 48 64 41 4 4 42 48 27 38 37 49 19 46
43 92 65 66 40 75 97 18 28 94 21 76 58 83 93 9 57 36 13 99 86 21 78 85 43 73 62 49 73 76 16 68 3 68 34 61 65 14 3 70 10 71 26 15 49 54 31 76 61 41
71 79 2 79 95 74 42 76 10 54 19 44 47 88 57 64 93 42 40 8 13 28 63 10 32 45 23 48 90 24 83 12 37 79 41 46 42 22 76 90 94 50 60 83 7 86 71 95 94 71
50 5 89 7 1 59 3 9 23 47 21 11 46 66 37 59 42 72 99 85 64 51 96 44 13 43 32 89 29 2 13 16 81 40 22 90 91 31 78 29 76 74 57 84 41 90 16 59 85 70
87 40 12 17 85 29 81 99 39 29 79 91 6 57 23 63 88 95 15 80 53 60 26 84 67 92 45 9 35 87 56 80 20 14 31 85 62 24 76 86 8 90 79 41 82 60 87 50 10 95
5 81 58 52 91 87 94 70 73 94 28 90 54 30 23 81 35 42 83 8 33 21 31 79 47 11 16 57 48 55 89 1 41 79 87 98 62 89 63 97 39 52 82 60 24 80 8 94 94 74
16 24 49 26 38 55 56 68 4 57 43 8 28 43 64 92 60 39 25 41 66 52 17 71 79 59 83 44 19 87 96 71 52 89 57 11 14 46 69 2 20 57 9 8 59 13 21 12 48 3
37 99 82 54 46 97 95 25 32 29 47 6 14 21 19 11 26 2 50 8 18 22 2 20 69 99 61 99 26 19 12 75 51 36 11 59 81 19 29 72 57 16 69 55 35 66 93 54 15 33
34 18 85 78 54 95 44 28 83 31 81 81 64 55 2 30 14 70 25 37 53 49 28 42 1 75 79 27 90 75 40 40 94 81 46 34 83 35 25 13 99 34 56 36 46 70 10 78 35 53
75 1 38 68 19 88 78 61 48 79 48 22 64 73 24 60 8 54 28 15 60 99 20 55 19 4 88 19 74 99 57 22 64 10 97 20 88 43 53 53 85 90 74 37 74 50 18 62 18 73
2 3 96 61 26 68 71 10 99 44 60 16 43 48 51 56 9 76 5 44 21 2 58 55 29 7 6 46 40 52 4 68 70 26 44 74 32 36 70 63 3 95 89 32 41 89 80 89 46 69
90 46 11 15 50 41 82 70 67 27 94 94 93 52 28 28 12 89 98 62 84 69 97 30 14 85 51 67 34 54 51 51 76 34 62 62 3 85 70 59 80 64 82 14 63 46 38 53 43 34
29 23 22 27 76 79 5 10 47 66 72 39 97 65 33 60 95 80 13 33 10 60 42 61 53 77 43 31 44 49 51 36 71 55 53 63 99 89 93 21 91 75 79 85 47 49 32 16 5 54
63 72 16 1 24 53 13 59 18 94 2 10 66 56 90 13 38 42 68 6 38 17 2 88 67 61 95 24 42 25 44 88 6 28 72 80 3 12 35 80 11 28 29 29 25 88 26 22 64 56
43 77 67 3 93 71 72 36 87 33 34 84 47 99 80 5 62 23 50 70 85 53 60 79 58 93 30 99 49 25 32 79 7 63 59 2 79 16 10 98 64 73 17 53 17 3 96 41 12 88
4 85 2 37 7 78 40 33 98 59 56 92 55 52 86 84 96 93 32 82 95 55 81 50 56 62 40 82 44 94 67 59 24 34 40 86 73 16 79 80 55 87 41 72 37 85 98 93 94 28
97 95 91 35 3 22 69 26 11 6 16 30 8 42 1 6 22 51 53 38 88 1 94 70 86 88 19 66 60 37 14 92 64 78 63 48 26 57 11 5 59 81 73 61 2 53 68 48 95 94
89 2 62 91 1 65 23 92 18 26 19 45 49 82 57 52 5 64 29 77 85 95 41 9 73 61 35 18 21 89 11 63 34 32 48 94 46 13 17 61 15 54 81 77 18 81 83 68 65 89
77 87 26 91 34 16 49 96 88 45 43 93 28 51 80 38 78 91 99 46 96 58 71 46 23 79 23 25 5 82 2 61 54 89 50 27 95 74 16 77 59 93 7 85 44 39 1 97 55 27
83 98 27 28 98 94 7 68 19 19 96 77 84 13 18 48 9 80 65 79 43 37 65 84 27 43 15 96 51 41 19 60 81 33 13 85 90 82 55 75 84 53 79 27 14 56 18 27 82 98
46 28 24 79 83 56 45 46 30 79 4 98 84 41 51 31 39 84 5 48 54 23 16 11 39 38 11 83 47 76 70 3 11 26 20 8 83 14 93 12 47 99 4 75 16 15 86 5 37 34
46 1 38 42 22 82 24 58 90 60 69 19 13 64 20 78 82 54 69 5 76 19 66 80 1 54 30 48 33 89 51 97 31 72 28 87 44 90 91 96 60 29 86 88 6 37 15 94 31 7
1 65 79 93 86 78 74 1 90 80 85 60 63 2 35 84 95 78 26 97 54 56 36 45 58 74 10 15 11 4 92 23 96 80 15 17 89 12 85 9 72 91 69 87 4 45 37 35 86 32
93 89 63 58 82 27 36 74 82 9 52 20 2 17 42 77 85 43 3 65 59 25 99 25 16 42 15 99 61 44 53 3 27 4 38 52 31 72 23 70 24 13 49 38 95 65 91 71 36 51
54 75 95 79 78 10 89 31 41 98 55 95 63 75 26 67 78 25 28 50 11 38 12 63 40 98 47 71 32 81 64 93 38 20 31 85 90 76 7 18 78 83 81 7 39 87 36 47 14 63
75 27 86 22 69 19 73 13 40 56 63 4 57 28 64 70 86 68 40 62 48 16 57 29 67 86 54 43 15 17 44 25 7 66 71 63 83 23 81 41 71 36 15 66 53 65 79 21 96 60
69 14 84 80 69 98 1 16 78 69 1 59 47 91 3 58 85 20 6 79 54 10 71 43 21 88 65 49 78 93 31 15 33 80 69 72 33 39 29 32 31 52 28 10 13 52 5 13 23 31
44 19 85 99 56 19 38 51 35 45 62 50 96 37 32 41 6 65 40 47 7 80 64 35 75 53 75 21 72 19 9 77 5 98 12 96 17 12 67 79 97 54 17 48 73 83 38 13 94 6
32 2 50 34 44 32 74 58 72 50 64 84 5 74 66 85 43 39 83 38 13 73 4 88 74 49 45 51 35 57 9 89 99 78 56 60 48 4 39 51 94 29 67 99 24 88 15 91 97 34
72 25 61 64 37 14 79 69 62 43 85 46 16 82 48 28 89 77 26 98 10 27 32 61 4 55 62 5 90 72 40 15 49 59 44 75 66 39 46 21 11 97 13 22 61 52 13 99 97 37
45 32 58 67 1 19 44 26 89 46 68 54 52 95 65 42 27 20 47 92 48 32 75 4 48 76 50 80 52 28 8 23 27 65 38 84 20 16 73 59 97 64 98 59 90 37 44 32 61 38
20 98 40 74 97 61 22 47 16 31 48 23 2 47 17 33 61 33 9 63 27 57 58 71 60 74 89 12 28 63 16 42 71 56 50 42 30 46 35 44 78 56 46 71 84 73 74 20 42 80
61 98 78 52 40 37 84 79 20 97 53 46 86 60 84 10 37 99 42 82 48 98 36 80 9 84 77 70 65 51 20 16 32 18 5 7 79 64 32 11 33 17 10 67 10 40 82 37 35 54
21 80 2 62 72 98 35 18 35 70 52 63 48 46 91 30 11 26 52 68 86 86 76 88 99 35 57 16 68 22 92 30 59 91 97 56 89 37 23 42 61 16 92 81 21 82 88 48 77 44
80 93 47 37 75 29 78 91 15 35 34 91 14 95 70 88 45 28 85 21 70 3 91 98 16 41 97 5 11 76 63 26 75 63 51 64 17 69 79 86 78 26 68 30 76 23 21 59 69 12
22 83 88 74 60 46 81 57 32 86 68 80 39 44 3 19 77 25 46 79 16 52 71 65 65 18 76 42 21 24 87 37 78 74 97 3 52 92 73 96 86 76 37 27 73 84 13 47 1 71
85 87 40 17 54 5 99 52 91 9 71 62 57 22 94 60 25 67 37 4 60 5 66 30 52 20 5 61 48 6 55 38 46 81 56 48 2 39 34 83 77 34 29 48 54 39 22 78 84 35
33 9 56 99 15 5 20 5 34 84 50 32 30 1 59 47 67 15 22 90 38 72 75 1 34 23 3 56 96 12 40 81 86 55 51 92 85 48 88 70 87 95 16 17 90 94 16 61 74 79
61 41 42 89 17 98 81 25 66 24 99 44 89 6 82 89 37 37 79 4 38 2 95 48 68 72 38 36 65 48 78 92 30 18 67 69 66 35 57 33 28 51 49 52 52 69 20 49 74 64
16 57 60 80 65 4 11 50 87 61 14 11 82 23 55 62 12 60 13 30 63 6 97 32 54 92 71 67 33 67 96 14 34 80 60 67 74 38 26 33 19 30 67 50 32 5 20 46 24 96
21 70 25 83 99 71 77 59 59 92 26 79 78 6 7 6 61 10 45 44 59 66 72 5 85 84 58 88 40 14 12 74 70 78 14 63 4 35 45 22 97 74 21 41 46 37 40 26 63 39
79 10 76 83 68 46 43 34 40 48 18 53 42 46 58 37 13 18 89 94 33 97 12 76 36 26 72 89 77 16 35 87 85 44 40 26 92 47 27 49 39 50 90 66 52 33 48 10 96 34
10 42 62 73 5 77 99 37 42 3 38 60 92 37 7 3 54 3 31 30 63 60 72 32 48 88 82 28 44 98 67 3 17 53 56 86 93 30 21 76 73 55 42 22 62 30 6 19 32 17
91 90 78 91 51 77 87 18 83 32 94 97 56 2 39 48 9 86 38 54 25 56 27 86 41 84 48 34 82 69 77 93 65 62 50 86 14 7 81 49 35 52 69 49 15 91 24 13 98 69
64 18 96 73 2 51 64 94 61 52 16 78 89 81 63 3 38 14 4 75 13 65 18 79 67 60 15 91 50 31 79 66 38 67 55 63 69 81 72 60 16 48 5 82 84 80 57 5 66 84
68 30 86 9 2 56 80 54 38 34 83 55 83 30 63 38 64 77 49 81 48 14 63 26 86 95 97 5 76 5 69 74 29 24 6 97 15 10 66 42 29 49 99 91 59 80 52 72 72 48
62 12 67 54 53 38 29 31 99 80 72 81 47 85 45 99 21 25 1 57 38 16 23 98 40 43 94 19 2 30 53 58 42 89 18 62 51 93 7 36 31 91 73 89 28 31 18 92 35 18
93 51 86 95 9 59 16 69 1 21 4 51 14 74 67 63 74 8 53 35 82 76 16 25 52 8 26 90 11 47 99 97 29 73 13 88 20 84 35 96 63 69 69 65 33 67 69 79 24 35
1 35 8 34 23 56 57 82 44 5 89 7 80 12 58 5 45 25 39 3 65 9 66 87 25 80 94 37 19 84 78 62 15 1 85 33 69 37 70 91 47 92 51 78 41 45 20 48 47 38
84 27 69 22 51 96 29 26 84 66 96 96 8 70 89 26 29 56 83 26 43 32 44 25 47 51 66 24 13 94 60 57 97 7 37 56 96 42 83 10 42 22 44 47 26 90 33 63 6 3
65 6 42 58 39 7 84 63 12 88 49 94 31 9 69 7 86 53 86 42 28 33 74 71 52 66 39 45 44 79 72 69 61 23 38 65 62 83 59 3 21 35 20 27 14 93 74 95 75 73
85 99 79 24 95 59 29 3 44 14 36 44 22 22 93 99 96 46 62 59 9 16 48 31 69 17 24 26 44 90 55 32 76 90 20 19 57 35 38 24 37 26 29 32 64 42 37 82 53 63
9 43 46 14 42 11 72 66 56 66 24 9 88 62 84 60 58 37 37 47 69 73 47 44 22 36 89 3 43 49 38 66 62 29 19 83 64 63 55 95 76 47 95 50 4 1 20 71 27 46
32 16 86 30 16 24 64 39 39 24 89 43 28 89 66 7 13 5 19 47 67 91 97 42 39 9 50 15 19 68 93 69 31 96 96 24 91 86 24 91 65 30 31 77 44 43 5 24 19 95
66 21 28 68 34 42 28 45 91 89 59 50 17 88 44 95 81 88 23 46 72 73 44 9 8 99 50 6 49 94 63 58 13 55 64 65 87 38 99 2 13 71 51 68 24 66 97 97 44 97
36 14 99 33 9 76 27 54 74 26 59 60 72 34 3 85 74 8 34 12 8 31 4 90 14 71 90 61 87 94 51 84 68 84 83 80 86 71 20 63 87 66 96 28 12 17 75 47 18 31
2 75 76 34 51 80 33 86 81 80 59 48 14 81 95 14 56 20 29 15 19 9 3 92 6 96 74 11 43 94 70 71 41 2 55 17 13 63 18 90 3 21 5 67 37 14 70 83 19 16
70 53 58 40 46 92 51 73 39 14 50 79 84 65 59 71 78 86 88 81 80 15 84 88 31 84 71 67 79 21 24 14 54 42 3 31 39 82 88 89 12 83 87 57 84 47 53 24 67 56
49 4 29 5 25 47 43 93 1 82 69 25 90 35 92 39 33 12 10 12 70 79 12 44 64 77 11 16 2 88 79 50 61 4 87 63 48 56 1 94 5 65 97 41 26 10 53 19 17 73
2 98 21 67 20 20 38 22 51 86 15 55 9 29 1 44 15 2 71 19 32 5 46 65 58 48 3 71 88 94 50 73 24 26 12 5 27 74 52 62 87 85 10 76 59 88 63 20 74 39
79 47 13 46 26 96 13 33 10 80 26 41 49 6 97 40 37 70 54 32 9 54 51 1 42 30 21 32 33 82 7 98 78 81 35 94 90 98 17 43 20 24 39 34 10 82 48 42 78 56
75 99 40 32 53 18 78 73 38 66 31 57 26 76 42 21 42 29 46 78 1 10 88 32 34 67 59 99 81 80 48 72 46 37 87 49 56 99 39 47 38 4 88 19 83 30 91 23 91 70
87 46 43 19 68 87 8 66 97 68 31 36 54 99 46 33 27 55 97 23 96 43 48 10 29 82 68 93 47 88 85 89 77 99 80 11 63 55 65 69 18 45 8 33 25 16 87 87 51 10
96 18 40 74 4 89 80 54 46 30 1 96 34 62 77 19 97 61 86 83 45 47 98 69 15 52 45 17 47 32 76 54 11 33 86 82 10 27 75 32 1 11 90 97 88 21 80 62 51 42
93 58 51 30 36 70 68 58 47 94 49 40 60 96 48 1 95 55 46 47 69 34 54 17 30 66 25 39 4 22 6 67 36 37 44 16 18 59 12 36 36 66 15 57 39 66 98 89 23 87
18 66 31 39 4 59 13 38 93 23 35 55 52 34 57 49 89 8 57 79 72 51 2 95 18 75 30 9 44 12 92 55 63 72 9 71 80 46 69 38 68 76 42 73 78 23 52 32 14 95
84 65 94 72 62 48 41 26 64 61 72 16 59 65 69 24 3 22 42 39 80 64 90 1 91 7 52 60 39 43 39 29 39 3 78 95 93 26 73 39 21 4 47 91 24 78 75 24 20 70
44 85 73 74 84 79 97 55 54 83 63 80 94 53 64 90 18 21 61 84 46 98 83 55 3 34 24 74 37 30 52 70 70 47 9 71 11 68 59 90 63 63 5 76 78 52 45 23 22 2
85 40 37 66 37 79 33 28 16 17 46 15 44 96 1 96 10 6 8 38 99 37 71 82 69 39 46 7 91 87 13 32 60 52 46 12 69 57 67 48 70 25 46 88 47 34 39 6 67 85
66 65 26 76 84 1 42 45 46 98 2 32 82 80 99 49 89 99 80 88 14 34 78 70 34 15 35 59 9 7 18 99 15 95 70 37 56 62 72 44 38 29 90 23 9 2 61 26 52 24
28 34 14 75 18 3 36 19 49 99 59 5 20 78 9 90 80 84 36 11 29 30 7 85 61 82 10 91 85 3 69 69 38 73 80 43 70 19 14 55 29 86 20 82 28 90 47 26 53 99
1 41 80 61 64 83 68 25 54 72 34 98 36 77 90 89 42 54 32 33 90 18 61 87 75 8 97 46 49 12 32 80 36 15 32 77 76 91 69 99 60 55 1 59 70 15 35 56 72 72
88 44 36 59 25 76 79 78 10 85 14 52 56 97 72 71 58 89 60 59 91 96 51 97 64 42 82 1 61 94 37 82 28 1 93 2 15 24 86 14 86 80 67 29 87 91 18 74 63 52
18 22 17 13 2 20 59 60 80 98 56 45 36 64 21 48 46 10 85 77 81 2 83 45 40 29 67 4 74 86 95 75 19 55 24 12 53 54 19 23 63 8 68 27 11 21 76 22 22 42
29 5 51 94 87 21 7 97 71 30 73 25 61 70 2 78 26 54 82 89 6 37 23 93 34 12 38 23 36 48 17 14 28 93 45 39 39 12 62 49 5 99 54 79 4 45 1 7 2 92
16 30 30 33 15 57 80 90 34 71 18 52 76 11 12 37 46 76 17 51 48 9 58 25 82 88 80 77 96 27 50 41 57 91 37 21 86 68 55 40 55 15 6 86 79 99 84 89 51 81
81 47 72 47 96 70 22 36 34 35 65 49 95 91 33 43 69 59 54 76 66 95 49 53 17 97 52 15 59 15 3 64 14 93 91 39 34 17 74 37 76 22 79 1 96 65 10 48 71 76
22 19 25 86 71 62 26 66 72 34 82 17 35 62 51 63 92 87 30 5 41 11 35 63 21 72 41 14 53 91 35 12 95 37 35 11 9 99 63 78 25 3 24 65 9 70 22 6 94 69
53 21 61 11 51 46 92 78 97 88 25 47 79 76 36 76 97 19 53 15 43 78 44 68 77 90 49 24 6 69 33 84 8 45 93 50 61 20 57 3 5 98 92 5 47 58 10 13 90 53
46 54 92 28 33 65 39 76 68 74 43 94 3 95 16 59 68 79 24 94 40 61 45 27 19 84 88 46 81 86 78 43 65 43 42 14 34 99 76 9 30 95 32 55 70 60 44 45 56 1
49 43 91 90 2 4 13 40 58 5 48 96 2 97 5 8 49 24 80 97 86 87 62 43 74 33 33 7 93 42 59 2 28 18 5 40 57 20 95 46 36 20 14 54 37 82 23 70 57 23
77 44 38 95 84 65 91 72 20 82 80 81 56 64 76 9 51 17 33 43 21 61 69 72 6 82 94 99 45 10 99 49 36 52 51 10 37 24 59 46 35 51 56 29 80 12 92 2 58 15
18 38 65 82 59 25 67 54 66 81 49 53 50 72 27 22 4 67 94 63 82 85 31 53 8 43 18 75 88 41 18 8 23 70 49 85 20 15 71 21 94 37 99 87 12 3 60 60 40 64
63 84 79 26 64 12 64 57 30 98 8 33 31 29 12 38 18 50 57 4 42 9 57 53 42 84 62 18 75 19 87 32 80 80 88 86 49 89 23 58 94 14 22 32 96 3 38 55 73 50
61 79 30 71 92 87 63 37 63 97 69 50 96 24 29 39 25 13 55 19 53 7 78 6 55 65 1 34 85 42 83 27 96 27 28 79 93 62 46 48 22 15 18 75 96 75 54 20 51 13
91 88 14 19 89 28 68 99 94 26 38 15 32 10 52 57 31 61 47 40 10 28 96 68 20 39 59 59 96 43 73 66 45 17 15 87 32 29 33 31 47 50 35 66 19 5 1 72 88 65
32 70 49 81 18 28 23 15 21 90 57 17 70 50 36 69 99 41 25 82 23 81 14 66 67 79 67 88 28 9 10 28 49 41 58 45 46 16 71 87 59 83 31 44 82 52 71 99 39 6
41 47 14 32 1 4 43 33 23 83 11 37 56 27 42 51 56 52 17 29 91 12 65 90 85 82 52 42 32 16 32 33 58 29 31 26 44 19 51 95 19 60 89 15 28 90 47 21 72 68
68 4 99 21 90 60 18 43 36 78 15 41 75 3 35 48 31 86 83 99 9 84 1 33 9 25 14 93 5 51 69 4 51 44 64 27 76 12 1 22 39 88 7 37 51 95 14 13 83 48
77 72 40 29 74 51 65 89 67 95 94 6 63 83 54 40 28 35 83 34 43 64 1 72 2 82 54 24 60 84 67 7 20 34 97 90 83 5 31 18 5 83 8 60 45 99 54 10 29 23
16 10 22 71 19 2 23 36 99 28 54 94 18 69 43 54 28 89 20 64 79 46 67 20 12 22 19 16 25 50 5 59 7 34 2 97 3 58 30 3 30 58 81 37 46 39 75 44 40 72
52 25 12 74 43 56 62 82 67 54 71 70 80 59 50 84 93 21 13 86 84 76 71 37 59 38 5 34 24 22 20 29 12 48 68 8 34 57 55 70 71 12 61 23 31 79 82 51 22 92
61 5 20 76 35 80 76 8 81 5 75 28 14 2 99 49 44 33 27 62 74 53 72 51 84 96 24 80 75 87 66 79 87 57 37 50 24 11 24 87 40 2 30 33 39 87 32 25 25 14
18 88 1 85 67 66 42 1 13 73 27 64 6 81 56 50 7 90 6 99 16 83 18 67 87 9 30 29 78 82 53 93 68 29 5 73 60 18 71 15 69 4 77 20 74 9 19 99 90 93
64 89 27 96 84 27 88 76 23 21 3 9 3 39 9 73 76 4 35 71 83 84 10 88 23 54 55 23 27 45 25 93 74 5 85 32 30 20 57 37 77 7 58 79 18 77 37 40 91 26
3 45 19 96 91 45 30 63 17 60 89 93 57 12 71 79 12 53 13 60 85 10 10 29 70 66 4 34 56 75 96 64 47 76 51 25 92 84 67 30 85 58 69 15 11 64 27 46 43 56
42 42 95 92 88 7 51 60 30 12 59 67 69 20 30 91 97 18 42 10 28 22 81 25 62 41 74 48 86 72 79 61 52 94 18 12 29 99 64 47 63 82 83 13 12 77 14 80 89 84
44 70 55 17 61 49 69 19 8 78 74 18 77 22 39 84 50 23 75 42 88 89 26 20 69 58 31 93 31 85 43 45 58 51 41 24 25 97 23 24 51 86 17 49 65 12 76 54 76 54
47 55 45 84 91 27 9 16 97 81 28 47 61 77 77 77 42 66 33 9 62 96 38 82 8 51 32 33 10 87 87 36 24 67 7 16 98 61 23 81 29 31 66 64 59 92 75 97 79 77
40 47 59 29 79 39 36 75 61 71 47 90 78 27 35 79 46 40 98 53 56 4 52 59 59 79 16 80 14 48 87 97 60 24 18 3 86 6 25 11 49 75 91 32 72 32 47 72 22 61
10 75 73 2 27 80 87 56 34 69 50 54 57 28 42 66 49 84 18 93 73 71 61 72 16 71 79 55 44 29 64 87 61 82 85 12 41 27 51 68 20 47 41 52 79 19 76 55 28 62
19 44 63 12 98 1 79 17 78 31 10 43 39 88 38 10 64 43 43 12 49 32 85 28 45 3 61 62 47 13 91 55 44 72 4 62 2 81 51 76 32 84 5 57 57 21 69 95 76 4
8 79 81 31 26 77 62 89 79 81 40 75 50 13 66 27 26 11 24 50 56 39 36 71 8 20 39 69 63 59 88 54 53 22 22 41 41 90 68 29 80 74 28 75 65 9 27 23 55 61
63 81 61 89 24 32 27 57 53 59 17 33 79 83 95 31 15 34 64 85 81 91 18 39 11 84 79 23 45 52 39 11 98 95 11 54 88 1 86 12 1 87 92 14 71 74 33 87 49 65
52 77 93 38 22 88 88 24 51 40 57 32 12 75 55 93 73 17 20 22 70 87 45 90 32 82 1 2 7 5 85 84 80 35 27 34 14 77 90 39 28 11 56 51 44 51 57 59 76 13
66 79 35 93 37 72 75 12 12 68 69 58 36 99 73 10 27 11 19 81 92 98 79 71 81 43 11 36 58 85 79 17 78 35 61 78 53 21 95 10 99 93 57 66 81 16 6 22 6 70
99 56 41 61 13 65 23 95 88 49 66 14 48 28 8 83 67 53 34 67 87 49 79 85 10 75 53 33 1 73 69 89 39 71 63 51 67 15 29 61 32 13 28 31 96 71 72 76 40 2
79 63 97 91 28 4 38 26 62 24 9 38 77 49 18 45 2 39 10 45 89 74 26 92 23 85 36 29 25 20 49 13 35 69 40 81 3 52 46 13 57 72 67 72 73 57 88 12 90 32
76 82 68 91 31 26 13 12 59 32 97 48 68 58 86 58 77 85 88 41 17 84 91 88 77 7 60 40 86 47 19 74 18 7 40 3 20 44 88 68 74 92 74 34 80 47 1 32 86 57
58 19 30 16 68 12 43 36 10 80 38 43 44 35 59 3 44 59 84 39 61 15 98 29 24 18 59 39 29 62 40 93 12 50 46 62 37 76 22 77 88 33 94 48 56 93 68 34 69 46
72 14 65 33 20 16 74 28 92 24 8 26 99 56 18 69 5 9 15 62 41 55 69 67 65 70 19 65 20 73 16 11 91 78 84 6 75 58 59 34 89 32 88 23 57 45 72 34 13 33
85 45 20 4 88 97 90 4 8 82 28 60 60 90 46 45 8 25 42 62 39 74 89 28 28 82 24 93 40 26 48 48 9 37 48 2 2 54 16 20 87 80 40 63 32 39 87 59 54 82
81 55 38 53 69 36 88 66 20 34 40 64 51 30 72 63 94 71 11 41 44 2 71 13 14 93 17 59 19 64 12 45 51 17 84 45 16 43 16 73 33 78 77 44 52 6 31 19 65 15
57 58 24 79 94 78 38 85 38 49 72 51 57 53 11 2 92 40 41 44 98 46 85 96 37 91 61 23 38 36 19 71 90 9 84 67 85 3 62 15 64 23 80 22 85 54 85 49 61 99
70 94 55 30 76 77 42 12 82 41 48 46 78 5 94 51 96 52 15 47 32 26 61 59 28 5 61 94 54 45 87 58 3 58 9 88 87 75 25 83 67 38 91 43 85 56 95 92 66 66
67 26 76 87 78 38 69 62 15 17 43 89 89 3 9 26 81 67 72 60 95 35 26 22 36 28 87 22 51 72 93 94 40 22 94 82 27 25 32 72 49 28 95 18 19 20 43 25 11 35
57 60 94 43 34 63 49 62 66 59 71 87 40 73 87 92 8 36 22 34 40 9 66 50 68 39 57 96 15 42 38 11 11 89 69 69 98 7 63 30 2 14 91 8 85 6 24 53 36 75
18 8 10 55 15 14 35 98 42 66 12 6 8 48 33 73 8 45 71 64 56 52 73 78 20 25 58 10 13 18 31 80 16 50 45 41 30 91 17 60 63 93 38 4 6 46 95 37 11 50
90 79 22 38 63 74 95 4 99 10 13 84 94 31 74 44 4 31 31 68 91 58 71 5 54 6 86 55 99 81 47 98 97 39 88 50 66 22 36 86 44 17 6 80 36 15 32 39 48 1
6 45 91 77 52 69 79 96 98 50 14 90 48 8 28 45 34 11 57 36 79 16 1 80 96 67 98 5 7 63 65 96 43 71 59 8 51 34 79 38 4 30 79 97 92 54 65 54 41 17
7 48 91 10 33 66 81 71 52 11 33 33 88 59 19 40 41 1 92 32 57 2 91 79 33 85 37 25 34 58 40 5 6 6 2 24 33 67 75 56 29 84 51 86 91 91 23 70 95 96
88 63 99 98 73 77 43 51 54 3 23 48 14 1 99 88 90 8 2 81 68 21 86 66 35 33 37 36 42 10 65 26 79 88 7 21 92 61 46 7 50 13 43 29 94 98 45 66 7 68
89 30 78 6 56 38 42 93 40 53 1 28 84 91 97 24 73 25 74 28 59 44 67 12 2 7 19 6 64 7 70 89 31 62 4 72 98 77 47 86 42 34 87 96 59 57 2 24 18 34
25 44 48 55 53 3 63 18 29 37 64 93 86 98 8 52 37 52 82 62 25 36 63 95 55 27 27 38 10 98 51 65 16 72 8 9 50 27 25 75 48 21 41 74 5 17 67 81 82 23
76 91 38 76 97 38 26 78 68 6 92 57 16 42 62 86 43 97 97 60 48 10 80 45 85 82 33 37 47 59 12 87 6 84 88 75 25 14 70 63 24 38 86 45 92 66 69 7 77 26
8 27 25 80 85 36 42 27 52 17 72 90 56 91 29 71 28 69 34 56 57 92 56 11 51 52 51 94 89 39 44 60 75 76 68 63 60 59 88 29 46 51 59 70 54 86 71 27 66 4
72 43 77 42 16 20 66 25 4 26 52 83 41 93 71 17 64 7 77 81 71 95 20 6 64 67 52 72 87 23 83 80 36 62 49 37 83 30 67 28 34 99 81 63 61 42 41 78 23 74
82 96 61 8 44 76 62 21 59 83 10 50 91 14 72 12 77 12 47 71 69 16 76 79 78 67 8 73 41 92 64 3 9 22 62 88 62 87 75 32 99 94 85 85 49 42 81 30 95 79
82 62 64 16 94 49 15 69 63 16 72 61 33 33 91 36 98 85 44 90 87 33 67 42 52 98 62 62 73 89 69 41 12 7 84 80 74 85 20 81 69 52 41 25 88 46 61 45 6 92
24 48 91 98 88 70 92 74 71 24 67 51 94 77 44 6 88 78 16 72 5 89 45 38 61 59 61 8 94 68 75 34 50 76 87 87 3 60 67 13 70 94 88 80 88 39 10 19 18 26
94 33 87 2 26 57 86 93 10 10 72 60 37 47 51 67 40 12 42 73 58 21 55 59 80 72 44 48 6 97 25 29 19 4 31 94 28 35 18 87 7 87 4 9 86 86 84 95 20 72
97 44 47 36 8 29 25 29 7 28 18 11 43 97 75 7 17 74 43 74 62 25 31 3 29 20 73 69 53 87 7 31 87 2 45 56 62 67 87 3 74 8 66 82 61 92 18 11 63 72
10 51 90 52 14 63 86 67 30 12 34 39 9 24 73 28 59 97 28 40 21 60 16 63 13 18 28 97 48 11 32 40 4 61 24 63 12 45 14 1 49 41 35 88 71 88 82 71 62 39
2 23 75 46 28 81 31 89 10 1 54 53 71 77 18 52 76 67 14 5 51 52 85 85 76 60 39 43 43 50 43 40 34 29 96 52 81 31 47 81 4 46 18 84 74 84 67 9 99 25
58 24 25 52 23 25 23 31 65 80 63 62 9 47 75 67 47 72 20 30 27 55 35 90 32 38 96 76 54 39 47 50 47 20 68 7 79 30 53 67 85 85 61 24 11 91 84 40 94 17
72 67 19 50 33 13 21 49 63 13 42 88 15 13 3 90 30 40 84 85 12 77 95 24 76 58 60 88 23 75 99 66 14 97 96 87 86 2 5 92 15 20 17 70 55 15 15 80 11 99
67 62 62 55 82 59 34 81 1 25 84 91 72 40 90 15 43 42 73 70 25 83 17 97 96 73 71 2 98 64 15 80 80 25 54 98 31 35 98 80 27 57 99 85 48 98 97 73 8 58
50 57 2 20 34 17 99 77 33 67 4 77 8 31 88 58 9 55 80 97 72 34 35 84 40 67 99 55 34 81 87 55 12 25 92 88 1 84 78 72 10 10 51 45 30 94 35 58 56 25
62 74 78 6 81 47 54 27 62 50 73 86 70 29 42 96 16 28 3 15 3 6 89 9 76 46 49 40 15 83 61 76 75 68 10 13 58 22 4 52 33 74 65 88 61 8 19 27 97 64
12 27 91 87 62 73 42 67 12 99 82 40 58 18 53 38 86 3 24 32 28 30 14 3 98 79 29 16 61 34 79 64 89 33 16 26 45 66 23 64 68 23 85 18 2 84 71 47 88 97
40 61 24 84 42 15 68 4 14 64 74 67 9 78 66 21 90 26 69 87 31 76 68 93 76 76 42 57 18 23 59 85 69 79 21 38 50 32 42 68 9 41 14 1 4 25 64 22 46 42
45 19 4 18 32 93 12 72 29 22 61 90 56 74 75 38 21 12 99 73 59 95 76 25 78 54 62 62 31 66 65 66 56 98 9 46 1 4 31 40 15 98 36 57 99 71 98 72 33 7
76 80 50 80 89 48 18 75 13 88 96 81 17 98 90 89 26 76 15 61 81 95 99 71 80 93 74 58 17 75 6 67 79 87 23 66 45 66 21 3 93 54 8 23 37 38 71 34 13 73
74 59 40 8 43 33 50 42 84 26 90 37 78 15 17 55 19 69 55 88 65 8 76 65 6 98 99 26 39 10 49 49 55 41 57 33 27 3 36 71 20 88 82 90 58 7 40 4 62 28
94 50 27 84 48 12 20 52 54 43 13 64 91 88 48 19 87 31 52 40 12 36 67 48 85 24 80 73 49 35 47 3 72 45 10 74 26 91 73 86 45 4 86 52 73 12 56 39 99 66
22 18 56 41 73 24 83 41 32 35 97 89 76 34 2 22 68 53 84 34 28 29 68 65 59 77 31 48 4 97 40 20 44 33 67 58 50 78 16 26 73 79 33 2 66 91 91 50 80 31
49 2 27 74 57 67 54 93 38 82 46 39 50 89 76 29 59 45 63 53 12 72 28 78 44 44 18 49 79 5 52 6 85 72 86 95 31 96 99 30 70 53 9 61 24 69 20 77 67 14
59 48 57 82 97 27 68 52 39 88 62 46 18 52 72 3 65 10 14 6 60 36 17 73 16 80 38 90 22 68 45 29 55 26 54 19 26 44 31 79 44 28 21 13 79 65 23 32 15 8
24 78 84 64 13 63 54 31 93 34 51 34 11 58 45 79 47 36 38 49 86 43 17 41 67 20 81 46 89 62 16 23 46 41 3 49 61 16 27 48 87 32 77 88 89 12 32 1 66 44
37 14 3 63 16 81 85 17 17 84 20 11 69 86 59 28 74 15 17 43 39 2 24 80 40 37 98 19 71 11 17 21 13 42 13 73 13 21 98 86 73 92 22 65 10 31 50 90 7 41
18 89 92 20 10 43 77 19 9 14 84 82 18 16 51 15 3 21 55 58 51 80 99 8 48 48 24 5 51 61 80 54 85 49 78 89 67 14 43 39 39 33 6 50 80 73 93 37 45 28
36 38 32 54 40 60 20 30 30 18 11 98 3 45 10 47 46 38 91 63 5 52 83 3 39 47 25 97 29 32 25 25 5 55 47 25 16 59 3 4 19 76 16 31 46 40 81 19 41 69
47 36 46 3 71 81 16 16 58 7 61 44 96 3 36 13 56 13 21 40 34 77 17 59 36 87 43 35 75 9 89 69 30 98 33 2 25 56 76 60 30 73 30 13 9 18 2 32 76 1
98 23 74 36 33 63 61 43 90 96 29 29 12 5 21 33 44 29 40 59 70 6 69 96 90 81 81 93 50 37 72 58 64 48 74 21 32 89 68 79 58 79 86 98 10 38 39 26 85 73
58 35 15 39 42 29 46 70 63 96 23 18 98 52 69 63 83 99 46 4 98 58 53 47 71 62 84 25 20 34 85 26 19 64 68 38 74 25 4 79 30 94 85 27 61 26 24 89 21 91
18 22 27 35 51 47 74 10 29 39 28 19 61 12 71 50 56 16 35 39 73 63 95 52 44 9 53 21 30 86 67 35 38 22 81 75 92 33 23 19 67 27 89 15 38 96 27 97 33 70
83 4 19 75 46 62 98 39 96 27 80 42 24 71 56 54 91 14 64 71 78 86 11 49 44 55 64 67 99 60 7 87 44 2 23 84 33 43 57 57 94 99 21 32 69 65 92 86 7 86
89 27 24 94 79 85 4 69 38 16 6 70 40 11 61 40 10 20 58 19 75 40 31 35 34 63 18 84 98 9 95 17 7 1 55 46 48 58 34 5 72 29 38 9 15 29 98 17 26 45
91 60 32 45 22 35 45 76 83 53 40 12 64 72 31 5 67 51 95 14 87 5 67 87 6 34 35 57 4 66 19 22 16 42 89 82 37 65 67 99 17 20 68 46 61 57 21 80 8 70

Demandas:
0 1 0 0 0 0
0 0 1 0 0 0
0 0 0 0 1 0
0 0 0 0 1 0
0 1 0 0 0 0
0 0 0 0 0 1
0 0 1 0 0 0
0 0 0 0 0 1
1 0 0 0 0 0
0 0 0 0 1 0
1 0 0 0 0 0
0 0 0 0 0 1
1 0 0 0 0 0
1 0 0 0 0 0
0 0 0 1 0 0
1 0 0 0 0 0
0 0 0 0 1 0
0 0 0 0 0 1
1 0 0 0 0 0
0 0 0 0 1 0
0 0 1 0 0 0
0 0 0 1 0 0
0 0 0 1 0 0
1 0 0 0 0 0
0 0 1 0 0 0
0 0 0 0 0 1
0 0 1 0 0 0
0 0 0 1 0 0
0 0 0 0 1 0
0 0 0 0 1 0
0 0 1 0 0 0
0 1 0 0 0 0
1 0 0 0 0 0
0 0 1 0 0 0
0 0 1 0 0 0
0 0 0 0 1 0
0 1 0 0 0 0
0 0 0 1 0 0
0 0 1 0 0 0
1 0 0 0 0 0
0 0 0 0 1 0
0 0 0 1 0 0
0 0 0 0 0 1
0 0 1 0 0 0
0 0 1 0 0 0
1 0 0 0 0 0
0 0 0 1 0 0
0 0 0 1 0 0
0 0 0 1 0 0
0 0 0 0 1 0
0 0 0 0 1 0
0 1 0 0 0 0
0 0 1 0 0 0
1 0 0 0 0 0
0 0 0 0 0 1
1 0 0 0 0 0
0 0 0 0 1 0
0 0 0 1 0 0
0 0 0 0 1 0
0 0 0 0 1 0
0 1 0 0 0 0
0 0 0 0 0 1
0 0 0 0 1 0
0 0 0 0 1 0
0 0 0 0 1 0
0 1 0 0 0 0
1 0 0 0 0 0
0 0 0 0 1 0
0 0 0 0 0 1
0 0 0 0 1 0
0 0 0 1 0 0
0 0 0 1 0 0
0 0 1 0 0 0
1 0 0 0 0 0
1 0 0 0 0 0
0 0 0 0 1 0
0 0 0 1 0 0
0 1 0 0 0 0
1 0 0 0 0 0
1 0 0 0 0 0
0 1 0 0 0 0
0 0 0 0 0 1
0 0 0 0 0 1
0 0 0 0 0 1
0 0 1 0 0 0
0 0 0 0 0 1
0 0 0 0 1 0
1 0 0 0 0 0
0 0 0 1 0 0
0 0 0 0 0 1
0 0 0 0 0 1
0 1 0 0 0 0
0 1 0 0 0 0
0 0 0 0 1 0
1 0 0 0 0 0
0 0 0 0 0 1
0 1 0 0 0 0
0 0 0 0 1 0
0 1 0 0 0 0
1 0 0 0 0 0
0 0 0 0 1 0
0 0 0 0 1 0
0 0 0 0 0 1
0 0 0 1 0 0
0 0 0 0 0 1
0 0 1 0 0 0
0 0 0 1 0 0
0 0 0 0 1 0
0 0 1 0 0 0
0 0 0 0 0 1
0 0 0 0 1 0
1 0 0 0 0 0
0 0 0 0 1 0
0 1 0 0 0 0
0 0 1 0 0 0
0 1 0 0 0 0
0 0 0 0 0 1
0 1 0 0 0 0
0 1 0 0 0 0
0 0 1 0 0 0
0 0 1 0 0 0
1 0 0 0 0 0
0 0 0 0 0 1
0 0 0 1 0 0
0 0 1 0 0 0
0 0 0 0 1 0
0 0 0 1 0 0
0 0 1 0 0 0
0 0 1 0 0 0
0 0 0 0 0 1
1 0 0 0 0 0
0 0 0 0 0 1
0 0 0 1 0 0
0 0 0 1 0 0
0 0 0 0 0 1
0 1 0 0 0 0
0 0 0 0 0 1
0 0 0 0 1 0
0 0 0 0 0 1
0 0 0 1 0 0
0 0 0 1 0 0
0 0 0 1 0 0
0 1 0 0 0 0
0 0 0 1 0 0
1 0 0 0 0 0
0 0 0 0 0 1
0 0 0 0 1 0
0 0 0 0 1 0
0 0 0 1 0 0
0 0 1 0 0 0
0 0 1 0 0 0
0 0 0 0 0 1
0 0 0 0 0 1
0 0 0 1 0 0
0 0 0 0 1 0
1 0 0 0 0 0
1 0 0 0 0 0
0 0 0 1 0 0
1 0 0 0 0 0
0 0 0 0 1 0
1 0 0 0 0 0
0 0 0 1 0 0
1 0 0 0 0 0
0 0 0 1 0 0
0 1 0 0 0 0
0 0 0 0 1 0
0 0 0 0 0 1
1 0 0 0 0 0
0 0 0 1 0 0
1 0 0 0 0 0
0 0 0 0 1 0
0 0 0 0 0 1
0 0 1 0 0 0
0 0 0 0 0 1
0 0 1 0 0 0
0 0 1 0 0 0
0 0 0 0 0 1
1 0 0 0 0 0
0 0 0 0 0 1
0 0 0 0 0 1
0 0 0 1 0 0
0 0 0 0 0 1
0 0 0 1 0 0
0 0 0 0 0 1
0 0 0 0 1 0
0 1 0 0 0 0
1 0 0 0 0 0
0 1 0 0 0 0
1 0 0 0 0 0
1 0 0 0 0 0
1 0 0 0 0 0
0 1 0 0 0 0
0 0 1 0 0 0
0 0 0 1 0 0
0 0 0 0 0 1
1 0 0 0 0 0
0 0 0 1 0 0
1 0 0 0 0 0
0 0 0 0 0 1
0 0 0 0 0 1
1 0 0 0 0 0
0 0 0 0 0 1
0 0 1 0 0 0
0 0 1 0 0 0
1 0 0 0 0 0
0 0 0 1 0 0
0 0 0 0 0 1
0 0 0 0 1 0
1 0 0 0 0 0
0 1 0 0 0 0
0 0 0 0 1 0
1 0 0 0 0 0
0 0 0 0 1 0
0 1 0 0 0 0
0 1 0 0 0 0
1 0 0 0 0 0
0 0 0 1 0 0
0 0 0 1 0 0
0 0 0 0 0 1
0 1 0 0 0 0
0 0 0 1 0 0
0 0 1 0 0 0
0 0 0 0 0 1
0 0 0 1 0 0
1 0 0 0 0 0
1 0 0 0 0 0
0 0 1 0 0 0
0 0 0 0 0 1
0 0 1 0 0 0
1 0 0 0 0 0
0 1 0 0 0 0
0 0 0 0 1 0
1 0 0 0 0 0
0 0 0 1 0 0
1 0 0 0 0 0
0 0 1 0 0 0
0 0 0 0 1 0
0 0 0 0 1 0
1 0 0 0 0 0
0 0 0 0 0 1
0 0 0 0 0 1
0 0 1 0 0 0
1 0 0 0 0 0
0 1 0 0 0 0
0 0 0 0 0 1
0 0 0 1 0 0
0 0 0 1 0 0
0 0 0 1 0 0
0 0 1 0 0 0
0 0 0 1 0 0

Capacidades:
4 0 1 1 1 4
1 3 4 4 1 2
4 0 3 2 3 0
2 4 2 2 3 0
0 0 2 2 4 2
4 2 3 2 3 2
4 3 3 0 4 3
4 0 0 4 0 1
0 3 2 4 3 1
2 0 0 0 1 2
4 2 4 2 1 4
1 0 3 4 2 0
3 0 0 3 1 4
4 4 1 3 2 1
0 3 0 4 1 3
0 0 4 1 3 2
3 1 2 3 3 4
2 3 2 4 0 0
2 1 0 0 4 4
3 2 3 4 4 4
3 0 1 2 0 1
2 2 2 2 4 0
2 2 0 3 1 0
3 0 2 0 2 1
3 3 2 1 0 4
1 2 4 3 2 3
3 3 2 3 0 4
1 2 0 1 4 4
2 3 0 4 2 0
3 4 2 1 0 2
3 3 3 0 2 0
4 3 2 4 0 4
4 3 2 3 2 1
2 4 1 2 2 4
0 1 4 1 2 3
3 1 2 0 2 2
4 2 2 0 2 4
0 0 1 3 3 0
3 3 0 4 1 0
0 1 3 4 2 2
1 2 1 2 1 1
2 4 4 4 2 0
1 1 0 1 1 0
2 0 1 2 3 3
2 3 0 1 4 2
2 3 0 0 3 0
1 0 3 3 0 1
0 0 0 1 0 2
3 2 4 4 0 0
2 3 0 2 0 3
