m: 250
n: 75
k: 6

Distancias:
59 7 53 76 10 99 59 28 79 77 27 33 19 98 28 93 44 93 29 78 58 72 29 34 30 64 26 24 71 3 68 44 24 98 88 36 74 53 51 89 62 84 53 19 26 83 42 62 40 29 9 62 48 6 99 51 83 71 91 12 46 46 1 43 87 33 65 61 28 66 81 58 25 26 33
29 98 61 53 73 48 2 27 17 22 63 23 41 36 26 7 75 53 89 4 72 84 29 37 86 77 19 15 92 35 51 92 52 88 83 31 3 88 65 84 54 85 36 26 39 35 17 83 44 34 16 9 82 45 31 96 33 96 15 58 80 17 64 29 74 80 32 89 5 48 82 96 6 54 74
4 35 70 72 83 45 14 14 60 22 10 35 58 74 44 59 19 27 81 82 80 59 78 81 50 18 86 39 85 60 56 75 74 78 50 60 36 12 19 60 48 12 38 31 61 81 1 52 37 47 3 71 29 22 91 30 39 7 77 22 25 72 41 69 32 45 3 89 42 29 95 48 32 98 54
59 90 27 74 97 2 71 98 75 5 51 52 42 44 82 83 62 97 69 92 26 51 80 68 38 16 24 3 1 79 58 59 62 6 28 4 62 25 36 65 35 3 48 99 34 64 99 35 68 49 95 99 27 11 2 61 93 70 14 59 88 12 95 68 94 78 48 13 25 22 11 27 33 94 11
21 80 94 48 50 4 86 45 32 91 95 43 79 64 44 23 48 14 97 80 73 66 5 83 4 18 60 92 41 26 31 50 67 96 2 49 52 94 39 42 74 24 71 99 11 97 66 55 61 8 87 73 40 29 70 32 53 83 31 79 2 19 52 58 92 89 97 9 40 28 91 40 44 95 18
59 58 62 32 56 31 82 65 43 59 39 1 85 78 19 5 66 93 65 10 4 77 16 12 10 6 49 65 96 78 75 12 91 18 27 3 70 31 5 96 58 26 1 86 60 20 40 35 31 38 84 70 65 22 62 79 24 53 42 24 42 26 30 42 97 40 84 67 20 80 50 13 83 12 30
58 3 25 2 5 12 27 74 42 60 31 93 6 23 52 77 19 2 50 2 8 28 14 23 88 31 51 66 21 66 69 56 19 37 79 54 27 53 65 87 80 98 92 26 38 64 7 23 89 41 69 76 12 43 43 19 82 48 86 34 56 73 14 95 76 11 97 38 84 44 59 18 33 50 89
78 30 12 96 95 18 35 57 89 21 55 63 81 57 2 84 42 46 46 25 76 83 46 15 7 92 2 20 70 72 46 65 21 15 32 80 38 29 9 60 84 14 93 75 35 82 96 57 34 97 99 21 95 77 36 39 14 73 54 24 20 24 72 35 74 21 83 69 71 42 84 65 44 53 80
88 59 33 53 35 97 92 75 64 74 99 37 44 48 44 38 48 52 55 67 31 58 32 65 52 90 67 54 91 16 93 11 85 65 62 65 32 93 67 16 62 63 76 60 76 61 32 49 84 68 50 35 12 72 64 7 38 43 3 82 90 69 2 62 73 71 98 78 10 5 12 22 84 98 54
10 49 29 97 39 97 43 32 16 98 18 46 28 15 32 21 35 72 60 22 96 44 52 55 72 70 7 51 75 28 82 35 47 93 32 26 99 3 40 58 73 36 29 64 61 54 49 55 13 47 56 66 3 67 67 69 89 11 70 50 41 95 18 6 46 90 19 67 19 25 5 10 59 88 59
48 28 77 28 58 72 40 62 73 60 98 60 39 98 73 62 2 24 34 27 39 65 20 25 90 39 18 30 69 89 53 2 86 12 50 58 90 84 49 80 95 58 32 50 14 98 99 20 63 93 14 17 70 48 55 8 60 76 28 46 84 90 34 27 73 66 72 62 96 43 85 6 76 50 25
33 98 34 74 31 76 10 18 89 91 90 84 98 69 96 80 81 37 93 28 3 98 17 95 2 71 11 68 82 12 80 66 22 78 44 66 24 75 90 80 38 38 10 62 11 72 69 68 7 1 30 92 85 92 72 71 7 43 54 96 35 23 31 19 25 60 75 18 81 89 91 33 93 68 87
44 25 14 50 79 72 46 89 84 23 54 27 49 38 44 27 68 86 83 56 94 27 70 85 44 44 40 89 87 78 30 58 10 62 20 48 28 93 24 59 56 65 47 95 69 84 66 47 81 68 61 44 44 48 15 55 87 54 82 73 22 16 43 71 86 13 9 76 16 9 99 44 33 30 4
17 85 95 13 18 97 12 61 54 19 75 16 40 33 49 33 8 17 72 20 40 43 86 16 34 48 27 27 18 83 4 25 44 81 73 30 46 7 10 74 28 56 40 4 93 32 25 90 76 8 45 53 79 31 70 25 83 40 98 46 31 92 2 49 11 72 41 62 17 62 20 57 76 80 77
68 20 91 2 4 16 58 4 70 24 8 24 83 11 45 33 72 11 8 97 61 74 50 22 93 21 53 99 88 57 17 13 60 68 29 67 1 97 17 87 76 48 57 31 90 53 62 33 64 39 21 51 34 80 65 12 29 66 5 76 24 34 80 71 22 59 83 43 77 20 53 92 18 61 37
15 49 38 78 72 48 91 19 84 87 31 59 80 34 22 58 24 47 24 96 57 4 39 39 75 34 92 37 8 70 5 96 91 53 74 70 98 52 21 3 71 39 59 12 31 49 46 15 11 77 34 65 51 83 30 99 18 77 69 14 4 8 41 20 95 36 37 82 91 95 59 39 53 99 12
43 80 55 14 90 17 94 71 41 95 44 26 68 93 52 54 23 55 78 26 26 60 52 31 55 83 51 32 36 74 83 12 9 79 72 4 99 33 90 7 28 44 99 16 58 10 55 74 32 88 7 33 48 19 97 77 98 44 96 57 24 68 20 82 60 33 24 70 10 38 90 70 7 63 34
87 60 4 41 9 28 26 85 24 80 85 16 11 37 16 39 4 73 20 67 49 48 60 55 27 29 70 37 59 19 34 15 84 99 95 39 64 7 25 76 66 15 50 9 55 6 24 73 84 38 63 59 87 47 63 15 64 35 89 17 35 64 78 94 47 16 83 96 68 81 41 15 35 59 99
96 62 99 32 22 94 84 62 73 93 23 60 59 88 20 9 17 76 40 84 10 56 37 24 29 6 25 26 18 29 67 81 69 81 29 52 31 85 26 70 97 51 99 6 54 96 24 21 79 31 62 99 68 37 93 87 7 44 99 48 45 16 90 93 34 46 86 60 56 45 32 65 85 64 41
88 81 97 16 63 55 74 31 15 96 13 35 79 59 62 47 97 98 21 62 96 98 23 29 68 68 36 23 37 50 2 45 97 56 5 2 72 53 66 49 9 2 31 97 41 19 77 74 55 15 49 15 41 40 87 26 41 49 82 1 77 44 42 1 49 48 16 15 81 20 79 65 9 29 46
61 65 2 51 64 80 42 46 27 10 25 26 41 74 3 45 84 86 90 96 71 36 95 9 16 80 66 97 28 69 8 66 69 19 84 66 7 19 83 41 3 57 34 66 99 46 61 21 57 47 6 78 3 28 57 67 9 29 60 35 50 98 41 56 44 85 34 94 29 87 60 41 5 76 34
14 12 2 47 44 27 9 93 46 30 39 61 65 17 51 72 8 54 29 4 15 48 64 47 65 18 67 26 13 42 5 7 77 52 56 13 71 88 40 95 11 21 43 80 80 8 59 25 58 35 91 36 85 98 68 71 62 20 69 14 8 62 21 10 83 79 53 71 40 56 28 8 73 14 54
20 89 61 78 43 18 83 58 31 10 52 70 84 38 15 34 21 93 89 2 97 79 16 49 26 9 49 23 85 1 20 11 42 53 24 28 15 90 70 49 88 53 36 72 67 53 27 37 13 90 28 87 72 8 26 2 95 54 64 21 82 29 66 52 6 28 20 77 54 81 33 3 47 1 26
62 12 39 62 47 68 1 58 8 80 62 64 22 50 15 74 25 38 35 93 41 63 46 87 24 4 81 10 17 77 31 71 56 42 62 88 77 32 5 30 79 3 15 6 38 3 77 44 89 29 33 69 59 93 70 16 11 74 13 80 42 82 53 25 17 35 53 78 20 81 83 10 5 19 98
58 39 29 38 18 37 55 37 92 13 90 7 72 95 49 34 13 56 20 9 5 57 11 3 96 80 10 3 33 5 74 82 9 97 79 95 97 11 12 89 23 6 44 91 85 86 90 7 99 49 50 21 98 72 9 2 41 3 7 89 61 6 93 52 27 83 32 17 96 20 40 99 22 2 3
90 38 75 66 80 94 77 94 17 96 59 6 11 79 23 8 12 41 89 8 49 50 32 43 96 89 19 31 50 97 10 35 49 62 98 95 61 50 42 21 53 89 50 1 53 48 21 18 25 11 43 88 50 58 91 46 69 3 80 57 14 68 52 77 43 24 45 88 88 64 56 1 76 40 87
15 75 35 92 3 51 98 93 32 12 20 95 12 90 66 79 96 82 60 19 60 9 72 51 32 91 84 4 32 2 64 63 7 43 72 13 89 47 87 81 52 74 61 23 18 64 72 34 87 84 23 1 16 16 25 91 69 29 89 6 76 67 73 33 41 90 84 88 27 90 39 39 18 44 87
44 5 85 90 7 58 77 15 47 30 50 14 14 7 10 20 65 83 35 24 22 81 75 31 58 16 35 99 80 3 71 65 31 1 57 7 53 94 72 17 75 89 51 25 51 20 74 71 77 4 72 76 40 34 71 24 15 91 56 42 31 43 7 58 79 27 21 64 15 44 90 79 36 7 39
52 44 57 92 80 92 76 94 14 59 89 89 77 27 21 41 73 45 81 24 89 63 86 80 2 41 27 13 45 56 64 31 43 58 11 31 64 88 34 97 12 21 59 70 78 41 69 54 72 82 53 14 45 27 32 22 74 48 96 54 6 99 35 85 80 68 53 22 28 70 71 69 73 75 76
61 30 32 60 62 60 42 64 5 1 53 67 12 98 33 29 9 29 16 9 12 39 62 43 80 72 64 12 5 42 45 66 69 57 91 52 71 24 83 1 92 57 10 20 94 91 59 12 31 77 6 77 93 47 1 34 14 17 93 79 4 79 5 4 89 83 20 60 17 44 59 85 44 41 54
97 69 97 45 38 31 95 79 8 36 38 93 72 70 97 53 28 32 30 3 19 36 98 35 79 72 29 12 77 6 6 58 92 90 66 43 68 1 36 84 52 85 28 67 8 99 50 59 13 80 77 33 82 52 92 29 37 92 31 18 19 75 85 4 15 19 85 21 98 95 53 24 60 19 39
28 64 61 63 85 90 34 16 36 91 45 81 48 58 31 72 78 8 55 77 56 45 28 99 63 79 40 49 81 86 48 29 62 70 10 23 59 34 44 62 94 52 34 11 89 96 36 25 22 58 79 74 77 62 66 94 80 17 9 43 24 10 27 73 68 36 52 82 76 1 44 51 63 2 31
91 32 80 26 94 12 28 68 76 68 89 19 77 85 94 46 78 93 59 98 80 76 94 39 45 55 26 8 75 14 88 27 40 67 45 39 67 77 81 54 95 10 79 18 99 4 58 8 29 5 83 79 80 98 50 52 13 72 13 30 55 64 41 13 93 15 60 1 68 9 13 68 74 99 87
27 28 85 82 47 7 18 1 24 94 73 5 80 27 12 54 39 48 51 40 75 77 88 7 51 9 77 78 49 63 25 98 90 20 2 54 29 63 72 42 81 76 77 1 83 20 57 71 71 97 23 39 21 3 31 47 90 13 61 63 70 14 80 81 20 19 66 13 33 69 57 1 41 4 97
88 88 18 75 31 87 17 72 67 83 72 85 34 87 18 82 2 91 70 57 67 44 46 86 99 38 52 58 37 5 55 41 45 17 56 95 62 72 66 80 20 16 82 80 54 74 78 48 23 2 28 90 48 94 70 93 20 72 66 51 59 27 94 96 15 37 21 69 61 20 22 84 52 63 29
40 37 30 4 2 22 49 95 18 34 45 96 41 59 93 87 13 12 88 82 33 58 94 92 23 14 3 67 15 70 44 41 81 67 57 80 10 26 11 77 11 65 69 40 6 8 65 91 29 74 93 43 72 54 26 5 22 12 35 66 61 81 59 98 82 96 11 31 65 59 86 17 94 55 72
36 44 27 11 54 9 34 2 46 24 67 15 94 50 62 77 53 91 87 44 2 86 75 69 17 61 70 99 8 89 38 38 7 40 17 11 62 42 58 29 61 5 22 91 34 60 78 75 13 52 1 60 48 24 1 61 74 45 52 14 91 98 8 39 53 3 63 9 22 20 54 13 81 35 72
86 20 52 10 35 8 46 53 20 32 28 56 38 73 56 17 92 18 24 83 8 39 88 1 4 47 49 82 60 90 85 94 57 79 97 44 88 88 93 63 39 89 34 43 41 34 86 52 61 59 6 53 41 85 46 44 67 23 92 21 45 59 98 44 97 60 80 79 83 68 82 7 36 87 73
3 56 76 33 59 33 12 51 31 96 16 14 50 94 51 38 33 74 95 83 42 83 22 47 76 16 78 64 56 52 89 13 94 8 77 65 33 83 2 76 5 14 70 95 47 61 18 93 24 15 45 91 96 33 16 74 60 50 58 21 35 29 7 3 56 75 77 94 74 77 76 41 19 25 20
68 99 31 61 20 52 85 47 13 85 54 74 58 88 46 97 72 2 8 23 77 19 76 27 63 85 6 86 10 56 79 42 29 87 53 39 1 37 76 83 74 69 19 69 12 44 71 44 42 24 36 84 64 5 6 47 98 57 75 9 46 19 90 72 95 38 32 61 41 14 54 51 32 89 56
27 34 98 53 63 67 81 87 5 7 32 96 33 34 49 15 45 22 60 95 74 51 96 89 13 67 43 61 33 80 81 47 97 21 42 18 62 44 61 84 80 61 18 6 88 35 29 68 42 77 78 77 65 60 31 14 7 28 36 18 89 20 52 66 54 99 60 4 9 85 38 11 66 49 49
68 21 79 94 66 59 59 94 13 28 87 70 98 47 44 7 85 91 12 81 51 40 67 95 95 76 77 58 39 80 5 67 40 63 33 19 95 92 84 69 4 75 24 22 68 35 94 90 30 91 36 51 95 90 54 35 59 25 81 78 20 59 13 51 52 52 41 9 55 98 6 56 41 69 76
49 80 88 44 30 7 4 93 54 92 98 98 78 72 9 49 50 3 76 35 84 87 39 90 65 29 19 94 40 73 75 42 97 8 72 99 82 69 42 76 17 95 51 32 58 60 23 54 88 30 35 53 56 6 84 96 94 50 10 8 82 48 69 2 25 21 89 91 69 3 72 55 5 30 59
42 57 43 79 7 24 64 97 21 69 80 92 27 76 40 49 90 36 95 28 87 61 93 39 54 69 78 26 78 36 6 33 27 25 66 33 1 34 67 96 44 34 3 37 17 93 23 8 51 33 72 15 66 63 68 71 92 72 25 13 97 72 46 34 6 94 72 79 31 94 67 15 82 43 88
83 78 44 82 63 50 72 66 28 70 40 35 19 66 16 2 66 35 71 43 34 55 36 96 11 98 96 78 72 84 88 2 2 34 80 13 90 57 6 43 97 40 75 58 82 79 24 20 18 95 55 58 77 8 72 34 35 34 46 25 37 53 80 14 41 84 18 59 12 47 63 45 7 50 46
72 43 24 96 33 28 85 64 63 97 42 33 78 43 14 87 11 73 71 82 16 76 77 98 52 4 50 71 70 36 89 57 87 78 19 43 53 34 30 71 52 47 55 65 98 76 10 14 98 10 97 79 88 43 23 50 77 62 89 19 6 10 69 30 61 72 10 64 8 31 60 65 28 79 25
70 22 4 25 92 52 65 9 23 27 44 79 69 41 81 73 64 80 75 16 20 43 82 76 87 69 50 21 19 63 80 66 30 36 86 15 14 82 59 1 24 37 96 62 80 42 95 24 97 32 92 61 7 62 8 58 24 35 79 62 43 50 37 18 18 31 26 31 40 89 2 46 65 67 55
17 63 43 85 90 78 2 2 23 26 64 40 70 45 87 94 78 31 8 49 64 37 83 8 19 48 3 80 22 73 25 37 2 64 72 24 19 60 27 32 93 82 41 84 75 97 65 31 38 9 38 13 8 17 89 41 24 71 90 61 18 54 22 58 97 98 1 56 52 34 72 55 9 45 55
85 18 89 12 66 42 69 9 72 23 49 59 35 52 77 10 71 91 2 68 57 12 49 32 74 57 6 75 58 94 30 9 38 68 61 77 10 59 7 4 30 1 19 44 69 65 98 28 48 29 66 39 5 9 10 74 43 40 83 81 15 46 78 25 55 28 88 10 16 90 78 57 79 45 94
56 70 97 76 20 65 74 21 5 83 50 11 41 77 87 3 38 30 96 17 12 35 53 56 42 25 49 87 2 78 36 82 4 86 84 57 64 19 39 12 46 80 74 45 35 55 25 17 77 92 80 8 18 96 69 59 69 82 30 11 2 71 85 70 72 27 13 34 55 74 47 66 25 78 28
74 62 2 86 52 23 11 69 55 52 19 41 79 4 33 78 68 65 12 89 54 84 7 9 1 84 37 57 91 9 64 96 34 53 16 17 87 54 70 20 97 4 72 39 50 74 63 29 57 55 40 17 34 86 29 31 50 34 78 26 58 85 18 94 13 32 42 72 77 83 50 39 55 23 68
35 95 28 52 94 8 63 40 99 1 4 46 5 67 95 24 57 91 35 55 15 16 25 94 3 36 67 30 36 37 89 78 3 90 64 90 54 75 70 84 11 15 96 54 49 61 94 87 35 10 63 65 30 31 15 88 5 1 98 14 52 41 70 53 32 81 57 33 33 43 58 95 66 70 50
79 47 41 78 89 67 31 28 21 58 27 99 61 30 64 6 17 45 72 70 80 92 84 24 95 22 69 83 11 33 22 62 21 52 59 81 87 51 56 61 46 49 47 43 65 84 49 80 9 71 31 21 78 92 50 15 54 68 48 32 60 77 64 6 33 8 45 88 62 47 9 98 83 71 71
22 18 71 5 47 23 6 72 63 51 29 70 17 6 67 66 3 84 40 92 14 62 59 15 93 14 54 3 97 64 70 97 73 32 94 82 96 56 88 1 39 4 97 37 77 81 98 25 22 17 59 1 71 1 38 56 24 75 85 73 7 76 62 70 31 26 61 44 53 95 77 18 78 14 45
6 45 34 77 63 11 73 31 33 75 21 1 10 15 45 20 4 28 23 63 48 7 90 85 65 11 87 34 5 98 63 84 35 19 95 35 80 1 71 40 38 87 65 47 93 10 69 27 65 66 55 77 38 67 2 82 71 90 73 77 58 47 19 88 26 21 43 71 43 55 34 35 2 18 89
94 77 75 75 55 3 65 6 72 93 24 69 30 24 56 42 30 61 76 9 18 36 91 32 35 96 89 75 31 25 38 33 64 41 93 77 72 68 79 32 95 89 40 36 99 69 62 11 25 39 57 40 98 64 35 4 63 88 98 71 31 9 23 3 90 27 52 18 42 97 65 44 51 34 3
32 16 64 94 67 22 37 72 82 40 17 27 4 74 42 95 65 99 71 31 23 42 72 74 5 40 8 28 85 50 40 79 37 51 86 67 18 97 72 85 31 5 94 4 41 91 51 49 46 13 68 50 64 70 14 92 86 53 48 45 99 66 43 82 6 79 67 35 74 58 57 33 78 11 61
8 85 30 94 99 74 74 73 35 45 66 4 80 34 59 85 38 40 79 54 83 41 68 11 96 63 63 63 67 46 38 23 52 20 26 62 66 12 15 63 66 67 53 69 76 33 93 93 66 82 80 67 3 64 73 30 33 86 65 6 11 53 27 41 75 96 95 55 43 4 22 86 22 81 89
33 38 49 68 20 39 49 60 33 76 43 41 90 44 4 18 91 3 2 86 64 76 38 72 37 65 3 85 33 83 42 14 93 65 42 91 67 71 47 3 23 56 45 97 85 32 19 98 7 15 65 63 88 87 39 17 64 1 22 57 3 81 29 1 83 41 15 66 85 49 6 16 5 23 24
40 74 17 13 50 67 41 68 70 92 96 66 65 36 21 84 34 55 48 55 78 78 86 35 79 45 29 74 86 56 47 59 22 74 7 16 93 46 93 31 44 32 67 13 18 6 42 67 92 53 4 77 82 97 21 76 41 6 74 75 80 26 46 80 28 20 39 66 9 13 36 85 18 45 72
45 6 37 42 36 49 25 71 45 36 89 65 47 28 84 69 8 90 73 91 61 78 42 85 55 35 9 94 72 64 2 58 32 75 30 84 52 70 57 13 38 18 78 6 33 47 15 44 33 80 66 80 90 47 13 93 39 80 40 74 47 28 5 93 62 56 47 48 42 82 38 98 72 27 93
21 38 2 66 73 59 8 57 93 27 26 47 66 6 37 67 5 67 4 99 18 27 64 72 47 88 36 82 83 92 1 53 95 27 7 95 75 40 53 91 70 56 29 60 20 34 80 62 10 55 5 87 80 70 2 55 97 15 90 47 69 15 33 2 4 68 29 47 13 85 91 42 11 10 79
17 59 9 28 41 34 26 87 69 77 1 60 83 73 86 82 73 19 48 91 97 76 65 94 81 3 83 4 70 31 18 72 26 94 53 98 91 15 26 36 64 15 80 79 91 64 43 75 78 1 36 19 58 7 94 60 76 95 54 88 81 61 68 95 42 53 52 57 70 43 83 42 72 65 89
26 37 28 36 24 61 58 8 19 41 1 16 82 73 33 60 63 52 78 18 68 49 40 12 45 64 97 93 40 71 41 90 64 97 37 2 11 86 37 13 15 95 64 79 44 61 95 60 85 84 60 94 12 50 35 94 98 45 28 69 67 5 44 82 40 52 53 67 9 47 57 52 11 96 99
58 70 79 85 52 53 98 70 29 72 59 17 19 41 73 45 10 35 95 57 58 86 50 1 24 79 82 69 23 31 57 66 31 94 35 50 10 72 61 34 95 58 86 99 36 69 14 31 20 10 12 9 98 95 80 35 74 29 75 66 42 8 81 23 55 93 4 81 86 79 56 20 20 55 96
1 72 29 54 68 15 41 36 88 61 3 41 64 24 15 25 20 56 56 91 68 49 64 30 44 36 81 72 83 10 44 22 80 2 59 63 87 28 28 65 68 58 22 18 80 84 58 43 37 65 66 88 14 15 45 5 85 10 11 19 16 3 31 69 32 40 98 35 99 95 79 69 62 48 4
40 82 18 50 17 36 38 82 67 60 13 21 58 9 36 82 7 59 42 79 98 33 15 94 21 74 82 27 48 87 77 98 26 33 33 82 46 9 89 46 24 9 81 12 86 88 50 44 60 68 29 12 95 79 50 19 67 95 68 81 46 41 73 67 47 8 88 12 19 17 5 57 10 85 32
95 25 79 37 67 1 21 20 11 23 88 41 1 6 32 71 68 63 45 36 16 61 63 20 99 14 95 16 92 67 69 3 96 76 65 2 41 75 24 75 27 86 75 38 92 8 17 70 82 43 96 65 78 57 75 56 49 5 89 53 86 91 35 30 25 11 37 2 31 75 97 30 17 77 56
17 46 72 31 11 12 85 63 91 29 13 74 20 53 26 76 85 51 76 58 17 38 26 67 19 1 42 36 80 45 78 99 98 50 14 76 25 38 68 1 63 88 28 16 42 92 37 82 23 12 32 77 15 48 15 83 49 77 45 31 21 96 45 44 86 6 58 39 65 80 23 97 60 39 45
48 63 47 27 79 20 99 59 68 36 65 4 64 29 80 17 18 5 82 90 37 70 72 36 64 38 17 52 95 63 7 75 42 3 9 83 96 32 40 84 90 50 83 88 86 97 42 33 61 93 88 63 68 82 51 30 8 91 26 53 50 49 55 38 16 87 97 73 52 44 64 94 11 29 69
66 10 63 17 49 11 74 47 36 34 92 13 84 68 49 28 55 1 79 17 91 33 73 59 50 27 70 12 38 73 36 14 62 47 77 38 44 6 56 57 53 90 49 20 24 60 52 88 21 12 91 64 20 31 5 59 70 85 96 83 1 82 74 7 91 47 70 5 23 67 23 51 1 75 2
6 36 19 27 78 99 38 12 8 36 62 19 22 60 23 22 85 64 72 54 6 52 69 82 26 82 6 33 99 71 46 66 8 40 53 66 52 48 6 61 74 74 54 22 95 77 5 65 3 67 92 97 79 79 52 50 61 34 15 83 12 68 54 58 94 24 46 44 52 24 59 48 61 58 38
67 8 40 29 99 13 54 38 84 46 9 4 23 89 92 55 28 84 93 73 81 91 15 58 83 3 6 29 64 17 78 4 71 66 68 22 18 27 22 96 69 59 89 97 86 19 18 42 97 90 21 34 16 95 94 59 25 14 60 35 78 65 87 21 94 12 93 6 2 59 18 81 63 59 7
28 14 95 19 32 91 31 66 7 62 42 36 92 89 55 88 27 63 27 51 89 27 77 72 46 69 97 42 21 26 40 59 10 71 97 45 66 79 78 45 45 87 7 85 71 86 69 56 89 86 56 32 8 1 94 39 35 44 96 3 86 11 53 15 62 56 76 56 72 19 71 49 63 33 41
99 51 21 74 66 88 82 74 8 76 18 45 36 11 95 20 4 82 47 20 62 30 37 97 98 17 61 39 48 5 14 61 35 26 58 95 48 80 97 89 58 48 37 14 48 5 72 46 75 83 50 59 74 72 32 81 37 44 53 67 68 36 19 25 69 49 9 65 84 30 93 21 36 31 48
69 69 40 79 87 4 80 46 59 69 48 22 18 53 34 60 98 79 14 45 7 21 60 35 67 55 45 56 26 92 1 75 74 42 66 91 13 87 21 74 70 42 20 98 17 35 25 71 65 36 99 25 28 62 85 26 3 10 22 3 91 18 46 75 40 92 13 92 69 12 80 32 22 14 47
6 4 46 70 53 82 92 9 31 95 61 46 14 40 61 55 11 39 71 66 8 2 30 98 99 5 80 78 21 8 85 18 36 85 18 47 57 96 7 4 92 46 29 31 42 4 23 69 30 32 91 98 59 70 71 29 84 4 29 70 87 10 15 35 62 95 45 38 81 92 4 55 11 8 41
81 93 29 78 22 13 87 94 44 9 57 30 59 65 41 60 2 43 12 75 4 31 87 95 83 52 22 31 68 59 60 85 53 72 92 31 54 14 24 86 35 9 58 29 10 95 3 80 72 51 3 71 32 29 58 87 38 82 71 18 91 53 98 51 26 87 44 22 97 9 55 21 44 28 42
62 89 69 32 25 82 86 13 90 81 42 51 88 76 34 35 30 65 27 41 95 13 1 19 10 93 94 67 88 73 91 91 56 52 41 42 24 49 90 24 65 67 59 56 89 38 81 78 42 28 46 48 35 86 4 72 88 9 51 48 83 12 33 27 20 29 89 12 1 23 99 19 2 38 88
88 56 89 84 38 32 42 76 86 50 85 54 86 36 43 52 10 66 19 98 74 21 18 44 29 64 88 62 32 73 43 45 47 87 53 33 95 24 15 88 30 44 92 33 41 67 16 69 51 37 91 19 94 52 71 28 63 75 60 19 75 44 32 61 78 46 96 61 65 20 66 36 16 9 48
16 93 74 12 88 83 63 20 9 77 86 77 47 61 92 93 85 28 99 23 46 4 36 37 36 16 30 63 74 14 63 34 65 94 49 48 90 57 56 74 96 4 16 36 77 77 33 16 30 90 44 90 87 66 84 59 69 16 48 92 58 24 31 56 4 45 42 58 49 54 98 78 53 46 59
90 92 16 97 64 74 54 69 55 91 35 77 28 80 76 30 86 99 65 41 67 81 32 19 6 43 25 79 76 58 19 69 48 88 58 74 52 94 33 89 36 80 52 20 45 93 77 81 29 15 64 43 58 49 61 34 82 20 26 47 34 42 38 98 50 43 78 81 55 56 24 50 39 79 26
4 47 43 99 74 25 67 28 87 82 12 8 77 33 2 93 64 17 60 83 27 52 16 74 79 21 19 29 53 6 40 58 86 41 27 98 87 52 26 67 63 91 33 97 99 74 29 36 22 92 70 51 62 62 8 89 3 72 98 80 85 9 61 37 1 59 73 12 47 15 9 39 1 68 29
46 74 14 20 97 68 14 51 46 11 55 14 3 99 43 9 51 5 67 84 96 90 13 56 75 74 47 29 31 11 40 92 29 29 99 3 28 93 57 66 61 79 51 63 39 90 74 62 95 30 69 39 48 8 40 6 49 78 57 22 28 49 89 7 55 5 90 63 35 61 80 47 88 16 35
71 74 47 71 29 4 52 27 17 81 78 59 74 4 71 38 2 55 4 57 85 4 18 98 56 97 78 42 65 44 66 22 77 1 12 99 30 53 79 93 45 10 91 8 98 44 1 29 35 78 3 96 78 77 44 70 18 66 14 53 20 40 81 71 12 48 2 80 16 93 98 95 5 66 77
16 86 88 52 42 99 68 79 80 46 72 37 64 33 62 83 18 21 23 60 3 72 93 79 82 22 40 66 79 24 48 28 5 23 39 28 8 39 1 78 89 14 91 1 62 55 28 3 21 12 25 2 50 71 88 7 32 37 27 4 8 65 55 83 19 13 67 31 81 65 76 75 90 47 62
38 95 68 80 25 46 9 86 45 19 90 58 22 34 66 93 33 92 80 47 39 17 58 44 18 39 94 25 40 95 40 17 68 90 9 49 93 14 57 82 44 54 51 74 27 20 66 41 49 51 25 20 83 37 6 13 11 3 71 66 94 81 19 83 23 86 10 54 20 25 58 2 66 23 1
41 88 38 41 10 19 41 39 29 47 33 84 12 57 36 80 60 54 82 63 48 21 37 28 20 39 56 20 97 45 99 2 10 80 15 54 99 88 22 81 19 9 38 6 45 99 95 41 2 41 12 35 17 24 38 25 84 93 35 61 59 19 9 49 6 58 99 83 27 46 26 33 42 27 58
88 34 63 64 20 72 90 98 55 90 5 37 7 51 4 20 25 75 68 32 66 74 79 85 49 71 14 37 46 67 9 41 54 27 49 85 69 74 67 54 39 76 49 98 58 45 22 73 33 75 7 97 6 99 50 41 1 58 35 23 43 69 75 66 84 91 95 68 84 61 52 55 31 46 55
8 98 99 32 17 89 71 21 99 22 86 74 56 69 8 42 16 89 82 79 59 21 33 71 33 72 23 45 84 63 3 25 95 30 37 85 77 28 15 51 84 44 45 16 7 52 74 37 1 36 26 56 45 28 20 45 69 39 65 27 12 48 36 40 84 96 93 74 69 1 54 56 53 89 81
46 65 12 56 41 27 42 79 7 72 46 10 50 21 99 91 32 97 58 40 93 63 95 50 52 52 76 93 69 64 68 43 90 78 38 85 53 48 99 92 78 3 61 57 21 58 23 19 2 85 2 11 19 54 36 29 42 51 53 95 27 21 96 77 6 16 21 34 89 37 70 95 93 89 36
24 28 26 84 39 4 72 68 23 57 63 63 16 9 87 70 80 81 46 57 41 96 41 61 13 99 71 91 8 26 97 91 91 92 73 82 62 78 75 61 82 14 12 78 22 63 73 9 94 35 26 64 52 30 49 95 41 51 50 86 71 1 49 1 96 91 16 92 80 18 20 55 91 55 23
42 20 2 9 2 95 15 53 48 79 40 97 9 46 88 83 53 22 25 83 62 89 47 29 84 1 77 57 40 57 90 6 50 75 39 29 33 3 76 40 73 79 80 17 67 87 25 50 24 57 83 93 27 30 95 22 52 1 7 60 67 31 7 8 79 19 89 99 99 35 16 72 78 9 19
97 23 2 63 21 43 84 36 2 79 23 22 90 17 15 35 73 24 26 59 27 95 61 6 66 16 17 53 81 99 42 79 97 66 38 40 33 40 24 34 28 96 56 96 93 12 86 29 97 95 58 65 26 15 91 46 46 28 45 47 21 81 95 23 37 30 49 75 77 56 64 95 48 12 11
50 95 36 85 24 19 57 86 74 81 6 32 66 79 11 14 15 72 64 89 32 69 91 40 12 62 7 53 37 17 64 58 98 81 85 35 70 56 90 92 85 44 97 24 66 29 6 14 69 51 27 38 73 52 17 53 64 62 60 89 94 54 34 12 24 52 94 73 24 70 84 16 7 5 23
24 44 82 97 80 94 67 51 46 92 99 11 17 36 72 62 90 98 78 79 35 44 77 4 95 30 58 41 2 84 97 47 45 65 50 32 5 23 53 42 76 72 55 44 28 35 79 88 38 74 51 4 86 63 89 35 13 67 27 73 76 99 75 37 66 93 73 57 44 43 43 7 17 50 17
8 95 98 80 4 80 14 15 4 83 72 5 1 33 44 73 93 90 5 51 46 49 35 90 37 83 41 9 71 31 40 49 49 27 31 53 79 8 55 66 16 70 17 16 45 77 37 1 38 33 10 83 8 3 16 2 5 4 1 74 50 97 70 3 27 60 87 34 63 71 38 41 85 4 61
73 84 97 4 71 8 78 8 68 98 47 30 17 9 64 8 38 16 87 21 57 76 81 37 38 63 65 36 49 75 98 53 64 98 98 63 78 7 25 99 65 20 95 58 63 83 48 23 64 79 19 28 69 70 58 26 74 9 55 42 19 63 13 37 64 85 59 35 86 16 64 98 7 23 6
81 67 24 5 83 81 54 77 70 1 31 91 16 23 93 22 41 18 48 57 98 43 49 28 2 11 91 38 27 99 61 44 79 9 69 42 71 24 77 92 68 81 43 10 7 39 21 27 2 24 63 38 24 64 51 27 73 82 21 92 78 42 58 62 2 59 34 14 3 44 76 58 98 81 19
41 47 93 61 79 4 58 10 41 52 25 37 90 87 56 17 93 75 76 66 96 98 71 10 3 97 35 25 67 67 94 65 91 23 84 27 88 27 53 17 14 26 90 69 71 72 17 30 47 33 97 30 58 68 54 53 38 86 88 91 94 15 72 22 80 61 37 38 4 60 11 35 73 36 34
56 31 32 22 34 94 79 79 32 11 62 96 68 25 47 74 60 29 96 31 65 47 91 59 88 53 35 63 74 99 22 55 24 8 11 75 35 90 95 51 28 56 54 2 69 51 66 81 32 7 82 30 6 34 39 70 5 58 54 60 65 86 94 3 8 38 34 44 65 89 83 28 40 69 84
93 3 11 83 23 16 14 33 26 92 72 40 86 39 49 11 18 43 76 31 60 2 14 65 98 30 63 88 5 30 81 55 75 13 74 59 42 37 54 17 32 53 61 83 5 35 82 24 56 6 29 72 93 71 98 85 23 22 41 89 58 34 42 8 24 56 62 38 27 79 59 96 91 95 72
34 97 28 37 51 48 23 64 44 17 82 15 15 43 10 33 37 8 89 22 59 95 51 14 23 21 89 25 52 57 5 91 4 9 35 43 29 5 38 29 69 27 68 70 40 95 30 41 87 65 69 17 9 15 24 53 9 75 57 57 95 82 66 45 65 52 43 71 80 36 97 83 52 31 61
67 6 83 37 43 15 18 5 96 85 98 75 16 77 46 89 22 48 44 41 56 10 30 89 52 65 80 3 48 57 72 91 87 47 70 14 83 50 49 92 1 53 40 63 10 37 2 58 18 50 9 93 24 5 43 46 59 20 87 59 33 16 8 13 56 13 80 97 11 81 96 97 2 41 80
87 42 10 57 5 66 67 69 98 47 6 79 99 20 60 95 54 1 37 59 62 23 22 16 13 57 12 23 37 9 27 65 22 66 87 78 75 84 4 68 2 3 29 64 1 91 42 3 19 98 35 1 81 61 58 26 5 65 93 39 33 41 48 48 9 82 82 35 73 58 75 24 30 54 81
77 44 48 92 97 23 15 1 34 94 9 79 63 30 57 33 63 67 97 94 87 74 58 50 11 19 43 54 52 29 28 29 58 2 71 97 23 34 79 20 55 44 38 80 76 11 30 91 24 24 96 52 50 13 47 83 99 6 13 43 96 1 11 66 71 87 70 65 63 44 63 75 50 37 50
86 8 5 65 29 58 40 49 34 17 37 41 88 96 55 28 22 50 38 22 56 86 98 12 82 17 72 64 17 2 46 83 3 35 63 79 86 7 92 95 98 45 68 41 66 35 63 74 31 9 83 16 27 5 5 96 48 53 51 98 82 14 58 65 66 83 29 89 76 74 51 24 75 75 58
78 20 94 12 10 46 68 8 94 52 38 89 19 79 2 74 22 56 80 62 86 52 13 24 67 64 76 20 39 78 50 53 83 66 66 69 73 73 47 49 42 96 72 57 56 26 22 19 15 26 88 69 80 8 68 78 48 6 94 84 30 47 48 82 4 10 37 47 69 7 60 92 15 5 2
50 77 52 97 19 18 22 33 23 13 66 79 9 41 18 37 70 12 18 7 35 96 20 69 70 28 52 97 98 90 81 72 92 26 58 52 64 43 76 50 9 48 28 28 16 65 30 20 14 3 49 55 82 99 65 53 54 70 40 99 59 24 22 86 56 63 74 85 71 80 1 29 25 95 70
69 58 89 74 10 46 60 97 99 23 34 13 49 96 62 9 56 57 50 36 1 60 79 64 8 94 56 69 56 37 40 54 24 62 90 41 28 13 5 54 57 72 60 99 60 59 5 41 13 52 45 6 2 98 37 27 93 47 60 45 69 14 16 59 64 72 55 86 42 66 68 31 52 9 40
18 4 87 27 86 2 16 24 27 14 65 86 89 53 30 15 27 26 46 6 84 19 85 89 73 17 69 55 21 47 41 4 34 41 63 5 55 42 48 93 64 61 79 61 90 4 42 78 10 69 6 12 46 39 55 99 55 64 14 28 44 23 83 7 71 27 61 49 83 6 30 73 22 6 4
68 90 15 58 3 3 59 82 25 87 30 48 19 90 58 99 39 94 57 27 87 82 44 21 67 94 47 40 76 16 31 3 18 40 17 72 2 66 82 71 84 18 32 85 50 24 9 73 4 5 53 16 81 18 7 73 96 4 6 23 15 36 38 50 39 40 83 53 83 90 65 10 84 16 75
56 79 40 77 55 12 67 48 34 65 60 59 33 82 98 89 95 18 38 36 86 85 66 19 99 92 12 26 89 18 47 86 57 79 52 25 84 20 59 76 47 38 95 89 51 61 50 1 58 15 72 40 72 60 86 57 20 10 44 39 16 71 95 61 42 80 83 36 66 29 85 51 14 29 51
38 46 11 55 14 44 17 92 56 6 14 38 54 13 81 33 89 18 46 50 53 45 95 73 56 15 98 22 94 42 97 95 23 87 6 13 41 33 78 88 46 12 96 43 10 29 49 64 24 18 10 83 26 29 42 78 47 96 74 27 23 56 22 33 64 91 66 41 93 19 34 5 2 3 68
90 66 24 29 64 23 27 67 47 62 52 40 8 3 60 27 85 91 91 78 16 48 35 15 62 51 13 85 57 26 46 54 58 73 76 61 31 31 18 74 28 45 24 19 48 13 81 46 32 26 3 18 89 81 59 17 69 20 99 13 69 6 22 2 92 40 45 81 27 69 20 13 24 55 62
16 99 84 22 95 26 1 22 1 38 43 6 25 83 1 43 44 80 61 76 99 82 27 57 75 16 67 42 64 89 44 99 51 89 42 65 61 99 13 62 32 1 61 16 66 19 85 46 77 57 46 55 86 76 22 53 46 83 96 11 80 46 27 50 21 94 94 36 43 84 38 25 29 78 58
94 2 11 52 39 93 76 41 22 14 67 2 69 52 13 14 58 90 52 11 6 37 86 56 50 34 80 1 13 76 47 82 66 37 90 64 15 29 5 58 58 62 30 18 90 77 37 21 57 85 94 58 86 32 85 20 35 32 86 94 44 60 19 68 15 6 47 55 14 26 88 78 40 31 87
76 99 48 5 60 60 85 15 9 79 19 93 53 99 22 32 43 50 12 48 55 1 60 11 47 2 23 6 4 88 18 75 42 78 55 43 64 3 48 56 78 75 4 26 60 25 69 71 90 58 25 51 12 37 91 21 89 5 94 68 1 70 75 49 51 86 54 4 96 92 27 7 59 82 78
85 78 23 90 5 59 99 75 24 72 47 93 17 60 97 42 84 12 99 99 9 13 16 38 78 59 60 36 48 33 70 79 4 87 87 72 44 29 78 82 90 90 86 56 72 20 30 54 94 82 7 9 8 41 15 28 8 23 73 18 60 89 12 11 23 83 36 32 23 69 31 99 72 35 13
36 79 54 28 79 2 45 99 88 60 2 38 6 18 86 89 95 96 68 13 95 18 83 69 57 42 96 32 35 31 44 35 17 92 60 4 94 91 27 57 61 27 66 44 42 23 94 11 49 7 12 16 29 64 65 90 97 81 98 26 5 95 22 54 93 95 60 96 81 63 26 4 13 26 56
78 15 78 31 63 17 32 72 77 59 61 90 24 68 57 3 87 20 9 77 77 70 33 88 55 6 94 43 53 65 63 49 14 7 77 90 16 46 36 65 46 45 57 41 92 8 49 63 12 35 69 28 50 9 89 63 47 22 7 61 82 47 75 24 93 39 86 36 63 9 67 88 19 45 19
10 33 3 52 25 35 26 92 41 7 73 7 15 67 43 60 9 65 58 81 46 22 67 39 59 33 16 21 73 22 71 31 28 2 25 53 46 68 40 40 72 81 65 61 24 8 14 98 25 60 38 53 61 80 66 48 18 52 99 33 55 56 11 13 85 7 31 81 82 9 53 95 53 84 6
72 61 61 28 2 10 6 7 81 45 40 50 95 50 12 2 32 73 54 64 57 95 84 79 4 87 42 83 84 61 56 43 15 61 76 80 65 39 61 78 32 19 37 34 19 11 76 19 32 73 15 1 75 87 80 67 11 61 61 54 40 19 64 90 44 1 47 13 17 31 19 95 14 36 93
97 18 60 58 15 44 19 26 18 32 33 70 2 35 46 93 41 45 29 71 99 84 64 17 80 59 21 34 46 50 92 65 23 19 86 92 55 30 38 15 30 80 73 92 84 40 33 49 26 89 38 99 76 5 65 44 55 61 43 63 83 61 31 90 70 46 22 56 31 59 25 37 69 28 72
2 25 1 13 63 64 12 10 75 71 8 50 1 51 52 14 85 96 68 17 29 27 49 99 30 41 83 88 36 86 94 52 24 4 24 46 70 16 28 52 5 98 41 57 92 73 71 18 12 7 42 58 12 71 45 23 27 95 9 44 60 50 27 14 76 83 51 30 45 24 20 62 35 82 87
84 90 73 24 85 29 44 76 6 46 96 64 49 42 15 24 31 70 50 26 25 33 94 41 48 77 88 65 72 35 36 55 38 68 22 21 93 45 13 81 45 88 28 6 83 81 16 44 91 1 6 41 14 43 45 67 21 61 21 41 58 21 26 1 67 77 81 9 69 76 93 61 50 65 56
72 11 24 59 34 87 42 72 99 93 58 58 10 79 88 85 10 56 57 32 12 85 6 34 71 64 46 16 37 30 90 45 17 35 32 45 88 4 90 54 59 72 19 40 22 78 35 75 30 38 24 88 60 5 18 64 70 63 78 77 16 26 85 74 45 20 83 96 18 37 80 35 80 55 45
55 36 46 39 79 26 9 27 89 41 9 77 66 68 29 99 77 8 76 5 42 2 54 27 78 97 96 5 25 72 59 36 72 68 63 99 5 33 97 31 21 70 55 19 98 50 6 11 46 30 43 84 3 42 66 52 31 96 66 38 43 65 17 57 35 35 39 16 22 76 19 7 72 23 74
1 33 64 34 6 2 20 68 40 44 81 71 1 61 82 58 91 6 43 28 68 27 14 73 42 28 43 79 18 22 63 5 16 31 60 98 15 80 65 21 19 10 51 17 77 17 63 22 45 61 19 7 16 5 75 88 38 31 69 78 43 85 67 33 3 51 69 94 27 17 76 42 38 53 80
73 52 5 86 75 72 30 29 5 32 49 96 4 82 8 88 91 40 72 98 1 73 50 45 50 30 4 37 71 21 28 41 72 98 92 94 84 9 12 27 63 19 69 40 99 75 44 94 72 73 14 68 54 92 90 94 89 41 39 19 7 95 7 67 66 33 89 87 2 41 79 55 27 14 99
10 88 8 80 5 25 1 32 44 47 81 76 16 27 60 86 82 56 18 40 10 14 38 65 42 34 3 63 18 40 98 77 30 23 31 88 49 25 70 84 9 9 91 54 79 86 5 67 60 2 56 17 46 96 80 37 48 27 62 24 54 43 49 48 30 20 65 57 58 54 66 10 3 77 19
48 9 41 27 71 8 17 41 36 9 27 94 14 83 16 92 52 61 80 55 67 15 2 33 49 3 80 64 67 63 91 95 45 75 43 67 17 57 23 50 36 97 93 38 45 66 64 36 85 67 41 63 16 55 55 36 19 94 56 92 21 71 79 81 10 21 40 26 97 98 26 61 32 19 95
49 15 46 90 9 92 93 75 90 94 36 14 71 95 25 7 38 88 85 13 87 32 83 80 4 92 75 15 51 66 44 13 45 92 68 20 92 26 62 3 33 34 26 50 67 62 97 46 2 33 51 79 50 39 3 86 81 68 78 85 64 79 10 49 73 1 67 74 80 9 82 35 18 47 48
51 21 67 5 3 23 65 32 56 78 96 89 95 12 18 42 3 18 94 66 35 54 69 52 75 60 3 21 53 42 53 52 95 97 19 62 13 73 26 13 28 98 10 61 61 28 96 87 52 35 95 16 79 39 38 14 42 56 48 93 95 26 31 94 34 63 65 56 81 31 48 94 9 48 82
95 77 57 34 36 38 81 45 78 80 45 36 93 60 52 35 3 32 82 1 57 14 61 3 13 60 2 24 16 11 30 81 57 54 36 76 36 14 87 86 84 36 21 12 33 12 51 93 24 81 64 67 72 51 20 35 33 89 81 23 98 26 51 53 30 99 57 61 74 97 77 14 92 23 60
80 96 11 15 18 1 70 46 83 63 90 47 44 55 82 61 28 84 25 9 43 6 61 49 85 8 33 53 85 77 94 90 30 52 95 40 50 64 25 86 24 99 26 83 22 21 23 99 13 29 72 17 13 87 69 36 99 24 27 88 41 22 38 53 58 61 5 76 57 88 80 85 15 57 98
47 32 37 46 93 28 88 91 25 7 46 43 72 79 99 44 31 57 84 76 73 16 7 62 17 21 76 52 3 52 93 45 83 32 8 43 90 97 56 7 42 13 78 43 71 16 79 64 8 95 85 2 31 95 13 20 88 95 28 26 9 38 23 79 94 68 34 61 75 11 66 41 35 16 69
71 25 27 84 46 71 47 50 52 93 3 91 34 32 50 10 4 33 53 72 91 57 30 25 40 46 86 40 25 61 42 1 22 59 9 10 22 11 98 92 94 48 38 75 7 50 49 34 7 86 13 93 98 88 62 33 31 66 67 19 66 27 82 46 57 21 57 20 70 30 21 1 34 68 62
20 60 52 47 79 30 29 2 55 82 56 19 29 80 10 35 69 85 96 79 46 75 11 54 22 57 97 43 62 30 41 35 24 32 73 90 35 22 21 38 49 78 43 40 54 79 40 65 89 57 77 9 25 48 32 90 93 16 58 24 28 38 47 99 44 88 3 44 27 31 5 57 21 93 58
54 70 78 42 52 20 28 42 34 5 69 10 86 93 10 82 77 44 3 22 79 81 25 47 89 75 20 69 98 44 51 98 50 5 6 33 13 92 56 36 16 38 72 81 23 96 33 5 62 72 89 85 2 72 96 74 91 78 8 63 87 74 64 7 25 73 71 30 20 74 80 74 4 33 34
6 24 34 3 54 12 57 68 9 48 94 93 15 36 37 31 53 50 87 91 94 32 21 60 97 72 43 8 89 83 47 13 25 67 13 80 66 59 44 30 68 61 38 84 70 65 1 44 97 90 41 83 74 69 31 42 5 68 52 95 98 97 13 18 47 10 41 62 10 27 99 39 49 83 25
71 99 5 52 92 14 93 30 47 73 45 18 72 22 4 94 45 36 55 44 12 42 82 94 53 21 76 18 11 41 30 4 32 42 10 18 27 22 61 65 45 46 76 47 27 48 69 75 67 58 41 22 20 27 49 67 15 9 80 48 54 57 36 62 14 15 54 40 25 61 40 45 51 64 7
24 31 23 7 9 31 89 79 42 26 74 33 59 12 16 10 94 45 42 88 55 81 96 9 40 89 90 72 37 94 51 79 62 79 87 19 94 57 8 89 62 60 46 91 71 49 74 37 29 49 45 46 37 85 47 83 53 72 35 63 61 78 27 65 64 58 82 83 67 70 6 33 8 64 95
51 52 64 69 30 68 44 6 12 2 73 59 89 8 19 33 56 39 86 22 51 88 89 56 70 88 82 89 38 55 93 78 32 54 67 85 52 19 46 79 94 11 60 17 80 25 66 16 85 59 33 13 85 79 22 1 98 23 58 32 75 43 16 79 21 46 79 36 23 96 46 26 66 94 62
35 88 65 80 12 28 7 80 25 59 29 12 3 45 58 49 30 9 51 68 21 66 29 59 16 22 70 75 11 88 86 9 54 32 50 41 41 40 3 35 85 69 28 27 25 2 65 68 51 76 5 2 77 31 83 92 18 23 27 51 80 60 26 36 42 89 86 42 69 82 20 35 73 73 95
7 61 37 2 9 50 13 89 53 4 94 5 87 1 7 25 23 12 65 39 16 6 17 36 67 58 95 80 28 48 2 59 95 14 9 80 12 84 38 27 63 77 8 76 68 16 92 57 63 75 67 56 25 9 75 42 67 85 17 99 89 75 12 78 97 13 47 23 49 76 68 33 69 20 57
56 58 73 9 27 84 55 68 54 89 6 15 37 64 91 80 60 65 92 62 78 41 49 69 7 31 8 27 60 60 89 96 33 15 15 49 17 41 10 5 47 48 26 52 44 76 58 70 56 73 4 23 23 15 80 13 24 67 41 60 40 60 4 50 27 9 70 13 79 63 57 95 91 34 54
74 8 64 87 6 6 64 74 8 67 42 24 51 47 84 36 75 77 19 1 17 46 64 96 37 16 22 25 8 91 4 59 78 90 94 1 39 31 64 44 51 74 80 21 93 82 45 79 24 79 37 59 54 17 17 20 39 42 89 18 5 96 22 47 64 17 33 4 21 66 25 51 45 22 55
17 44 95 1 8 96 27 45 80 93 56 24 37 23 67 6 3 92 86 40 23 62 54 23 26 53 79 39 34 70 82 41 77 6 44 39 51 48 37 47 60 91 57 49 96 43 65 78 75 45 44 14 38 95 34 1 7 70 83 29 7 63 48 33 69 23 96 14 78 34 40 45 71 96 48
92 1 10 67 76 52 69 14 71 92 4 6 80 33 71 22 37 46 70 8 40 43 51 47 87 14 93 72 95 71 36 15 92 14 44 37 54 24 57 60 10 90 51 92 57 25 72 83 99 33 68 18 9 92 76 20 43 21 14 86 92 96 86 89 67 7 9 30 89 24 15 97 90 75 65
73 99 13 4 41 17 13 53 16 90 88 99 3 28 98 86 34 54 85 17 29 48 49 27 51 5 14 51 56 6 2 30 31 94 86 12 17 67 74 45 62 32 21 3 31 20 98 6 76 20 49 40 15 86 82 4 82 64 46 39 25 49 75 69 44 26 18 93 3 99 19 52 61 42 98
7 7 33 82 99 56 20 4 83 96 73 38 44 60 19 98 74 14 7 80 47 16 50 88 43 48 18 11 59 95 70 69 17 63 44 38 83 38 40 8 35 97 73 88 13 23 32 55 38 63 5 9 32 16 26 76 17 50 54 3 33 10 74 21 52 98 20 35 41 83 62 19 80 37 15
75 87 21 9 90 67 14 88 8 21 43 63 41 89 32 79 26 77 82 53 37 4 90 48 34 57 80 74 75 62 91 45 63 20 36 7 14 47 24 8 55 52 50 14 89 19 11 28 60 15 50 32 34 8 57 30 67 46 31 87 57 48 79 57 15 92 46 31 55 54 66 70 39 91 5
99 91 80 16 89 23 46 13 88 44 84 30 40 77 91 16 22 99 99 2 60 15 32 13 98 18 96 25 17 62 32 88 68 40 5 20 75 14 36 88 5 83 99 16 83 70 55 83 16 64 1 64 41 69 98 53 45 95 18 85 67 89 86 87 60 9 92 42 58 28 87 29 45 55 5
56 51 47 8 86 45 74 69 31 41 5 17 42 71 30 63 26 64 19 24 61 66 35 28 4 42 75 27 67 23 39 14 21 51 84 2 74 9 48 41 82 91 59 29 37 48 57 70 21 73 13 45 41 89 44 77 9 52 84 35 33 16 55 56 75 75 19 88 63 93 52 34 96 64 2
98 37 52 36 20 83 72 33 62 72 52 49 36 78 58 11 52 41 79 32 56 23 36 53 83 53 92 46 65 85 31 25 78 8 62 73 35 27 34 35 25 73 63 11 59 19 19 24 79 1 56 45 22 56 59 3 30 7 15 40 37 8 55 56 62 79 38 24 52 56 86 32 6 66 49
79 67 44 81 36 56 62 71 54 75 8 35 4 24 75 32 95 62 57 46 39 78 74 69 24 89 91 33 8 51 68 72 31 17 11 27 35 23 34 44 16 43 35 89 20 43 17 36 58 96 19 70 38 40 39 35 35 39 19 97 60 64 17 16 64 9 76 4 70 34 80 7 76 2 73
98 1 69 34 68 88 19 91 26 12 58 38 61 68 42 58 36 90 63 81 90 17 2 17 16 61 34 63 20 45 60 6 52 1 88 48 1 2 9 40 51 88 70 72 34 88 83 41 39 36 41 1 67 96 48 23 1 10 89 69 39 82 34 76 20 4 3 71 10 20 82 38 1 57 57
56 38 24 46 79 70 51 59 54 91 76 11 39 11 78 45 7 56 60 73 69 90 46 99 98 28 72 14 75 28 37 19 86 44 60 86 29 40 80 53 3 84 50 18 35 37 49 30 75 4 90 41 31 17 82 74 7 70 10 74 71 62 85 50 45 24 45 32 59 33 50 34 60 78 77
5 30 12 29 99 63 51 12 21 39 31 52 55 8 49 59 73 62 62 53 6 71 98 84 41 69 4 6 14 85 27 58 46 42 48 94 77 62 22 49 27 36 41 97 41 23 95 39 89 91 33 24 21 53 44 8 24 84 21 68 6 1 49 37 96 59 44 15 97 90 61 82 68 3 91
71 38 71 67 99 95 82 72 74 51 39 60 55 98 88 94 85 4 21 12 91 59 10 31 85 19 68 56 49 35 82 64 14 74 47 12 72 13 36 58 6 86 31 41 98 2 88 77 46 85 76 55 13 38 52 24 19 73 38 21 80 30 6 49 78 51 62 32 7 4 71 36 56 26 72
29 49 10 38 36 50 12 56 34 8 3 31 18 96 90 90 69 79 76 42 70 56 39 43 67 95 29 35 23 63 83 28 22 99 19 98 65 61 1 68 33 15 49 75 6 65 59 2 46 97 69 53 48 55 38 85 11 94 99 25 24 44 65 90 95 84 19 48 23 89 4 74 57 5 57
81 92 65 20 69 61 59 10 78 78 96 71 43 11 58 76 76 67 72 20 23 70 21 83 20 42 50 3 46 76 88 58 75 10 78 64 56 92 94 49 43 75 24 73 61 85 15 21 28 49 50 20 57 17 80 84 9 74 24 96 97 23 1 4 82 33 66 42 62 70 26 14 36 39 72
63 42 18 9 38 17 69 35 5 26 91 17 47 59 20 50 49 23 20 1 35 35 44 54 62 12 89 25 67 39 7 90 31 71 64 29 7 76 11 53 1 49 88 89 93 13 22 14 24 24 84 11 62 72 80 17 50 11 56 84 32 9 22 48 70 54 92 55 9 5 19 47 25 47 27
5 90 99 81 42 49 61 57 7 40 54 71 71 17 20 36 21 82 47 14 53 47 85 50 48 9 94 19 22 64 35 45 25 5 40 52 29 58 87 55 68 77 9 98 60 21 37 73 8 30 41 93 26 76 6 98 90 71 29 87 38 87 55 12 57 2 42 26 60 79 93 19 63 76 18
4 66 93 43 77 15 21 17 31 58 50 33 56 14 53 5 98 88 21 89 71 55 14 69 46 16 56 57 76 48 93 96 93 39 6 89 64 89 96 46 73 39 7 59 62 61 78 6 24 16 35 57 87 51 87 4 51 46 89 42 12 95 63 84 64 53 96 68 98 93 36 80 39 98 93
20 86 54 92 44 12 28 39 69 91 53 1 64 62 41 64 3 1 89 27 34 92 37 35 75 88 66 29 20 95 87 82 60 55 92 58 94 77 81 29 81 46 37 73 60 99 40 28 50 11 1 4 65 59 17 79 97 51 63 57 49 6 67 46 27 73 97 85 61 54 61 55 63 50 29
47 75 99 92 46 85 88 88 53 7 87 5 78 7 34 66 19 6 63 81 46 67 75 72 61 25 2 63 58 98 78 92 42 9 54 58 44 69 52 3 96 12 99 2 73 51 99 33 65 54 3 46 85 40 47 65 98 35 90 95 85 67 36 76 77 5 86 9 41 81 78 4 23 96 64
23 96 82 12 9 94 29 4 23 92 11 32 18 5 24 25 63 19 34 81 10 15 61 20 51 86 10 18 30 23 85 49 68 35 19 1 89 59 85 47 96 80 15 67 6 97 62 86 18 80 25 98 46 97 63 60 43 73 78 11 6 24 6 54 37 96 45 63 65 53 76 98 78 1 74
89 90 54 57 54 46 91 7 36 14 93 33 91 39 33 67 77 34 51 38 8 33 79 60 95 22 52 8 24 82 7 91 24 86 13 41 59 99 73 83 57 93 3 12 35 92 97 93 73 4 9 94 96 69 24 37 35 45 71 11 81 22 18 74 73 70 38 12 65 64 30 6 34 45 60
48 55 73 49 99 22 69 12 2 81 30 62 66 98 22 42 49 41 9 17 20 9 50 35 25 38 72 32 66 56 73 2 66 31 61 68 90 58 87 55 5 11 47 8 6 87 42 16 93 77 16 4 51 64 36 53 52 7 87 27 57 52 36 30 18 37 7 87 27 56 80 94 11 52 50
25 63 97 57 40 77 92 19 30 28 90 73 83 47 36 29 89 57 30 10 70 59 51 94 71 10 87 51 5 80 87 28 67 34 9 24 47 13 80 6 96 80 50 87 91 2 68 64 4 34 97 12 84 81 11 3 6 46 97 81 85 97 45 49 85 51 99 75 19 74 97 46 89 30 24
6 33 38 44 87 11 42 77 94 91 99 51 60 3 3 60 59 94 60 9 81 7 97 36 91 67 39 20 89 93 67 91 69 43 70 75 61 48 79 74 23 4 1 10 5 47 47 40 73 64 32 79 27 82 32 94 79 47 72 16 86 39 67 28 77 64 51 42 18 57 61 87 48 5 59
51 91 64 48 66 92 59 23 56 90 97 76 89 16 78 81 92 8 23 91 10 5 36 25 13 22 68 35 53 94 28 16 28 73 82 45 24 75 21 80 54 12 61 50 1 52 43 69 24 76 49 39 34 78 25 29 10 6 60 61 69 44 55 2 16 46 94 42 67 51 31 22 42 47 35
61 66 8 2 14 41 63 26 52 74 77 80 33 96 26 35 41 50 19 99 82 61 1 5 81 75 84 30 54 81 41 82 4 40 92 82 97 90 36 74 30 94 94 58 89 30 33 4 29 31 63 98 50 30 74 68 93 90 59 26 65 36 37 28 42 82 36 88 65 50 12 53 97 38 14
89 27 95 75 74 37 21 70 99 65 45 16 27 33 73 39 13 87 46 25 91 60 21 11 93 75 6 55 33 22 7 27 20 27 16 83 78 87 30 9 79 26 79 94 77 23 19 41 10 46 70 45 89 22 35 82 5 80 79 49 29 1 53 5 67 38 20 61 41 82 2 62 29 86 90
38 24 50 51 57 94 38 65 5 43 91 54 33 80 52 47 97 53 32 17 60 14 3 32 61 34 78 38 33 20 50 91 40 20 44 59 47 31 22 77 62 6 6 97 98 82 20 80 75 86 73 71 54 85 66 44 75 33 71 83 69 2 95 58 95 35 58 76 14 17 90 48 59 71 34
26 13 63 56 18 20 52 88 45 96 53 25 87 21 35 47 49 52 29 56 61 34 14 19 19 52 37 32 60 86 68 34 19 49 92 93 44 59 79 17 48 79 35 4 45 83 13 23 17 2 97 22 95 82 11 42 44 4 23 86 75 10 87 65 8 72 99 24 91 31 66 3 41 86 43
66 61 80 57 93 51 71 79 72 42 5 53 2 83 46 18 39 71 3 16 58 89 81 75 86 78 60 56 15 65 8 13 89 38 6 84 40 85 10 83 60 2 26 56 94 9 12 26 59 4 39 74 56 40 28 6 30 47 59 15 17 54 29 64 31 90 71 86 14 8 84 17 6 73 7
25 91 66 33 58 78 15 53 82 3 43 14 57 3 64 18 61 50 17 58 90 55 38 56 39 51 53 9 51 66 14 88 81 46 56 16 44 85 15 31 6 24 25 48 58 61 16 90 71 37 98 11 44 97 44 87 81 13 8 41 96 29 74 81 46 39 84 25 38 6 64 72 45 68 90
45 30 37 36 77 36 10 65 28 2 94 28 16 32 73 92 69 3 89 32 28 41 46 6 37 15 85 17 63 28 46 57 54 78 9 84 6 58 60 33 80 46 26 34 51 23 76 42 16 94 29 33 69 65 87 54 29 25 17 56 31 60 24 22 18 9 68 17 99 25 64 95 12 26 87
39 26 60 40 97 90 71 76 97 22 78 29 26 93 21 74 71 61 19 54 97 87 35 49 78 19 73 81 44 23 86 42 40 25 94 54 99 35 75 61 50 65 76 46 38 25 72 71 50 89 15 11 9 63 9 43 23 60 30 14 86 87 91 62 55 5 20 93 55 68 15 78 77 38 82
98 34 55 95 89 73 41 16 88 26 51 97 95 12 19 78 43 18 87 1 33 34 6 67 29 72 98 82 89 49 97 64 46 13 62 12 38 12 55 85 27 60 23 28 10 80 82 26 62 5 91 35 9 31 70 48 88 35 33 64 32 16 7 14 59 44 64 31 93 17 10 46 7 82 78
5 90 28 71 24 48 31 30 77 37 82 31 76 28 25 98 93 98 74 16 61 94 64 3 42 91 50 48 5 38 52 98 69 80 20 11 63 33 45 76 11 13 98 99 99 24 45 33 96 37 41 23 85 92 47 54 41 88 50 26 14 4 8 30 74 78 89 47 72 32 95 67 87 77 85
6 36 46 34 49 85 96 24 43 55 36 40 56 10 88 90 93 29 85 15 71 19 22 64 16 79 20 4 5 10 19 37 23 64 13 92 77 52 71 86 55 8 43 21 52 66 86 28 87 81 45 16 8 44 30 9 78 71 88 39 87 34 6 4 37 32 25 66 74 80 90 41 85 91 51
8 22 81 13 70 73 95 45 90 26 44 13 81 45 40 6 66 32 43 84 28 87 80 37 91 98 78 39 87 28 91 1 11 66 66 14 89 82 73 45 58 92 95 3 77 32 17 19 59 43 11 50 11 8 23 60 27 83 70 75 14 26 41 62 55 98 27 46 81 65 59 23 75 72 48
55 68 81 61 86 8 63 78 34 26 56 92 30 4 6 21 60 26 98 84 4 26 4 72 99 78 36 61 36 15 27 86 15 62 97 8 2 51 17 29 13 45 78 12 76 34 54 87 64 55 53 88 16 66 37 52 61 27 54 43 62 54 11 58 45 65 68 69 79 22 55 48 89 88 75
35 93 84 78 34 14 65 28 1 85 75 25 49 29 96 18 8 42 29 49 42 41 47 7 66 52 21 95 25 66 76 62 50 28 73 89 85 25 63 59 91 56 43 68 75 5 58 72 51 11 10 36 88 81 6 67 70 28 85 41 77 44 84 19 48 99 31 75 53 37 77 49 96 86 13
90 88 78 5 84 43 4 39 21 45 92 69 65 8 21 66 57 85 76 17 73 25 81 81 79 11 81 93 1 61 25 87 75 69 55 1 97 70 82 63 64 37 13 68 70 98 75 54 62 90 63 77 66 4 87 5 10 94 75 9 95 12 64 71 24 25 97 19 13 77 2 36 95 27 68
22 68 31 26 88 83 27 24 76 98 4 10 16 72 38 93 84 57 35 36 35 66 35 46 18 99 30 75 75 9 29 89 68 98 32 53 77 54 66 94 48 12 47 1 68 29 52 23 29 4 9 86 58 36 8 7 5 1 69 41 15 63 42 48 80 38 49 10 61 42 45 66 2 90 92
56 56 87 73 10 22 60 9 93 13 39 25 15 76 27 7 18 41 6 94 85 67 34 76 4 40 1 66 78 6 66 12 51 14 58 39 47 9 67 92 68 32 15 13 90 38 15 35 41 17 47 63 74 82 65 26 32 9 47 49 60 89 93 20 80 64 4 69 52 21 94 12 97 34 82
23 62 85 44 75 63 24 45 39 75 22 37 64 71 64 29 94 33 10 85 30 77 29 33 72 27 62 41 11 7 82 69 51 87 36 3 78 13 67 79 72 72 81 21 63 76 48 31 38 5 75 22 20 82 66 90 64 53 17 62 59 51 30 85 27 9 26 26 89 48 69 59 96 78 15
34 21 95 23 45 22 27 2 28 78 27 73 57 72 90 20 63 70 68 7 53 32 55 35 63 49 29 45 58 19 9 91 9 16 87 43 55 19 99 77 77 78 40 4 15 17 83 5 10 42 11 27 26 71 72 48 56 11 58 42 93 25 49 5 57 45 38 41 41 13 46 26 68 94 25
41 60 50 87 71 93 39 70 49 42 56 19 68 92 77 20 13 59 53 92 65 74 51 95 30 78 21 54 68 35 96 78 18 55 7 31 84 87 46 56 9 31 2 12 41 72 92 75 43 12 61 27 56 35 16 17 41 83 26 9 51 70 50 60 27 36 14 67 50 51 48 43 18 39 31
86 82 42 1 98 45 85 70 7 44 36 67 87 52 95 34 90 66 98 62 84 46 93 17 76 74 16 39 13 18 77 94 82 58 41 83 63 27 58 82 61 81 85 84 12 97 3 56 78 62 88 13 49 14 55 31 57 36 43 33 78 71 72 14 20 44 45 52 69 50 51 84 66 84 88
27 30 23 25 13 17 87 86 11 3 91 35 89 62 92 3 94 14 81 78 7 51 65 78 45 79 49 24 93 57 88 18 40 72 58 48 80 59 93 76 3 61 5 27 25 63 39 41 59 32 35 78 85 62 70 85 84 12 19 45 95 20 30 18 72 42 30 41 79 1 90 20 1 36 98
2 71 50 86 24 53 13 42 65 83 35 50 16 95 24 94 22 63 21 87 79 42 90 82 70 86 7 95 20 11 36 46 46 45 80 44 8 89 51 63 1 16 68 20 88 55 70 58 42 81 33 69 44 12 29 53 76 70 30 37 61 5 33 63 11 76 12 30 33 83 70 20 40 94 14
93 6 2 46 27 65 29 65 30 52 28 96 32 9 11 95 5 6 26 99 78 29 14 82 12 17 46 67 48 64 65 40 95 46 89 32 26 4 87 80 31 32 13 24 48 68 54 76 65 92 85 46 22 13 70 57 19 82 30 19 89 25 85 5 85 31 82 67 3 26 20 11 71 67 93
98 49 71 61 70 61 54 2 12 10 96 88 81 55 29 39 36 21 4 1 2 1 82 98 79 74 10 81 70 5 9 90 71 16 7 51 92 40 71 25 36 32 25 94 2 97 97 39 21 91 53 97 32 36 47 5 80 71 87 68 79 47 68 31 31 91 38 90 65 74 29 2 43 74 46
32 88 10 63 44 95 97 4 83 59 86 42 77 22 11 38 57 25 22 7 54 20 81 91 56 70 77 40 49 56 92 81 83 4 33 64 81 60 95 13 96 35 7 72 25 15 29 94 70 99 67 4 50 27 94 45 25 73 42 46 96 61 84 2 75 28 2 12 48 23 49 11 17 63 42
35 68 55 82 46 50 79 92 2 54 78 14 54 80 77 18 19 10 31 11 60 66 57 17 17 57 16 10 69 88 48 63 75 36 3 26 92 61 24 98 55 42 24 99 43 20 31 51 76 47 26 60 19 50 27 49 35 1 80 39 85 51 94 60 54 39 67 4 87 88 29 93 56 44 62
88 39 2 97 28 64 62 18 85 78 84 2 72 38 22 74 84 63 64 80 45 23 28 98 50 64 45 11 61 41 53 56 69 42 48 47 54 39 97 38 79 88 59 72 94 58 25 55 79 98 7 28 23 78 31 25 18 2 30 33 34 67 83 97 82 72 88 73 53 92 99 15 69 72 95
89 17 87 38 99 70 65 81 92 47 59 52 4 54 55 28 52 59 49 15 54 8 8 67 81 50 76 63 16 71 23 11 30 3 72 13 35 32 35 32 49 93 29 45 25 98 78 71 43 48 63 51 95 30 13 37 43 91 99 12 40 22 90 4 81 33 67 70 91 22 13 68 95 72 27
23 11 66 27 64 20 35 28 44 61 86 45 91 97 69 47 24 17 31 29 65 8 24 9 34 37 33 93 74 46 20 31 1 77 33 21 48 19 78 31 77 12 94 94 50 96 14 53 81 81 22 39 30 85 12 32 83 40 76 83 82 41 39 95 35 31 31 58 33 28 55 66 61 42 89
6 85 99 26 80 37 36 58 52 62 99 30 9 30 48 11 4 7 29 97 13 89 5 11 62 6 71 72 50 84 73 41 27 54 15 13 49 40 53 77 56 34 7 60 57 85 38 30 36 88 36 40 57 18 53 39 82 38 96 29 81 19 6 47 96 11 12 43 24 96 49 95 45 40 12
4 22 84 21 85 32 76 93 69 75 14 13 81 40 69 7 95 39 76 43 39 58 24 1 91 64 80 85 64 40 67 80 97 45 52 45 81 19 91 15 6 53 13 12 86 60 20 54 90 48 88 37 32 71 5 34 70 48 20 46 54 38 62 64 57 50 83 85 33 34 61 49 90 55 73
62 41 5 97 30 94 71 61 61 16 54 64 69 37 96 15 2 28 71 92 78 7 45 80 78 60 48 1 54 96 95 11 87 7 81 51 11 75 32 90 8 92 96 12 50 84 61 89 40 55 31 44 48 83 25 33 8 15 22 87 4 45 11 93 90 52 73 85 12 91 42 42 40 81 71
78 54 39 4 46 32 18 36 75 50 7 77 23 32 57 13 8 3 38 45 85 3 26 36 32 26 83 45 85 32 37 99 20 93 30 81 34 16 26 55 30 27 2 45 65 2 94 91 39 94 55 33 44 90 87 90 42 34 65 36 66 76 75 15 3 72 35 94 86 51 41 60 59 98 93
79 22 90 59 29 63 10 22 72 32 11 87 53 21 85 62 89 21 60 89 18 15 76 25 57 1 27 55 57 13 36 42 30 23 66 33 30 22 54 40 5 50 97 69 53 65 24 51 44 75 9 8 23 63 35 10 5 97 85 50 71 57 70 50 84 84 58 36 32 61 39 1 51 64 45
72 23 93 89 29 46 30 49 34 52 84 87 83 22 5 99 54 23 44 57 31 78 88 92 33 86 71 72 66 99 8 28 67 40 79 89 2 92 63 57 6 61 59 79 28 58 2 72 1 51 96 24 49 53 82 99 66 27 34 94 47 89 97 48 30 33 84 5 37 23 72 68 71 69 16
62 60 80 95 48 87 10 3 38 87 15 74 99 28 72 28 57 84 3 91 16 61 38 17 90 49 48 70 62 54 40 37 51 52 77 86 47 78 88 45 57 71 61 45 32 88 90 79 89 61 81 59 36 95 49 69 33 49 45 18 56 79 12 73 10 15 16 95 43 74 68 65 94 2 14
44 13 31 5 59 65 51 97 79 26 19 19 3 35 92 56 92 40 74 41 86 56 29 18 26 47 43 92 60 17 89 53 11 60 51 84 53 89 81 70 38 9 79 61 23 34 77 43 14 3 91 61 16 2 81 94 13 28 87 33 15 74 7 90 35 23 58 70 56 70 15 23 82 24 47
57 89 43 31 76 96 50 8 64 41 68 64 43 99 84 35 18 69 93 47 46 65 57 79 89 27 66 47 18 17 21 3 47 59 9 66 34 17 2 73 69 66 40 38 56 53 3 69 5 53 70 72 9 77 31 38 88 21 25 90 34 5 13 97 83 30 98 93 68 48 69 1 4 60 31
96 55 52 19 69 87 58 36 92 87 14 60 88 33 80 44 49 48 84 93 54 3 3 81 70 24 94 8 24 43 91 24 30 95 92 50 99 4 47 33 19 50 18 20 14 48 49 3 32 18 65 42 31 62 98 45 95 33 73 39 28 61 83 8 77 83 75 19 88 76 59 76 41 72 79
30 98 4 22 77 17 84 60 66 76 12 2 25 65 77 47 97 41 73 6 98 70 55 54 51 92 11 86 14 8 68 88 50 60 38 79 81 10 86 31 76 2 23 17 42 49 60 67 71 90 79 74 97 81 29 69 78 33 92 54 62 86 89 1 8 73 29 91 45 64 87 78 52 72 56
18 30 50 96 57 89 45 77 16 90 82 42 50 27 65 92 76 67 34 6 74 49 36 54 10 31 77 71 32 12 67 54 30 80 96 78 56 91 77 97 23 37 88 98 79 92 11 64 3 94 82 42 29 53 36 57 64 69 53 99 90 5 54 41 83 99 62 18 32 88 22 44 7 52 62
58 22 99 22 4 66 34 84 69 2 30 10 24 31 92 27 62 29 47 1 89 51 55 30 24 49 93 61 29 56 82 35 58 87 67 81 34 77 33 84 55 89 43 46 34 38 96 45 69 21 12 51 63 65 52 35 61 4 50 46 24 95 15 1 66 8 38 97 85 66 31 68 13 76 77
74 57 80 27 66 7 33 13 85 27 95 76 99 17 69 9 10 41 10 22 87 1 5 36 47 63 3 32 58 52 40 53 86 62 47 72 32 11 40 49 46 83 2 44 51 14 89 60 37 15 9 12 51 68 69 86 37 63 49 91 52 28 9 55 17 26 79 66 27 99 11 22 19 97 13
65 71 52 92 1 96 71 7 44 81 15 31 73 58 52 22 40 39 16 32 78 75 5 34 10 81 45 68 71 59 43 10 57 49 88 88 99 27 75 5 9 67 95 64 68 24 9 73 51 50 37 8 37 23 57 76 31 6 30 99 12 65 43 63 79 24 78 14 42 37 16 87 73 45 56
16 64 64 43 25 75 99 93 41 90 53 60 66 34 23 25 96 92 27 54 22 77 22 4 35 31 8 47 55 73 54 49 52 12 15 2 58 72 48 93 87 36 81 68 25 30 68 69 80 29 6 84 73 3 57 65 89 61 22 61 85 87 83 29 68 84 72 70 43 76 48 51 11 22 26
20 53 13 83 74 28 59 73 30 12 81 21 36 5 44 21 23 75 59 21 25 72 6 80 86 26 35 17 39 95 16 84 58 47 14 11 77 42 11 30 64 6 96 18 87 20 59 55 68 33 61 90 66 54 77 73 93 80 84 46 40 58 27 45 37 22 78 31 83 44 62 77 62 57 11
64 79 91 42 66 62 82 46 47 46 45 43 30 59 8 42 11 19 7 85 97 16 3 27 49 12 18 91 68 8 58 56 57 59 45 95 83 37 24 17 37 16 13 65 3 29 79 21 70 81 92 1 91 45 22 40 30 70 9 19 15 68 87 79 8 61 56 59 75 79 45 67 13 56 23
67 21 22 52 43 64 63 48 55 1 55 26 90 63 47 59 64 97 37 71 16 53 82 31 59 33 83 95 1 19 71 74 23 80 19 72 2 86 24 24 77 81 68 27 61 39 4 31 26 19 87 27 47 57 13 28 81 6 45 85 45 95 39 37 84 16 71 63 58 67 30 6 45 4 2
61 22 53 21 14 61 26 81 90 58 41 55 47 59 14 17 65 99 7 24 79 37 34 27 31 4 83 76 1 69 84 1 19 1 16 25 33 88 87 71 52 84 97 70 43 81 28 98 11 37 19 47 9 76 75 12 82 43 40 81 81 21 28 51 86 50 80 33 17 24 4 57 5 98 34
8 12 58 14 54 82 44 69 12 41 34 60 91 51 4 13 55 34 32 96 35 41 29 9 12 48 64 68 83 79 70 2 94 1 70 73 82 58 44 41 58 65 64 1 52 23 40 64 22 6 79 83 88 90 62 11 70 1 48 57 32 63 40 37 40 67 21 41 4 58 95 97 13 39 59
80 58 1 52 26 6 7 68 16 36 42 90 68 64 95 53 17 57 63 9 85 35 30 89 35 41 31 30 50 43 56 88 56 62 44 69 39 9 4 20 47 80 62 39 84 59 25 17 77 28 29 64 43 46 34 10 26 99 92 71 65 8 49 64 10 82 37 92 10 42 24 82 72 93 90
60 17 55 45 53 39 57 17 2 68 61 50 91 89 30 10 25 96 97 25 81 60 92 54 28 44 59 55 45 53 75 76 3 29 27 74 63 64 44 59 4 10 21 93 42 19 83 78 86 20 11 25 91 23 52 99 78 98 68 11 44 29 34 9 91 71 56 25 33 74 89 11 85 21 47
36 37 27 25 25 17 84 67 28 87 24 93 7 26 87 63 50 73 51 71 3 41 26 24 15 69 50 59 49 84 90 47 37 94 61 70 39 26 52 84 7 66 43 64 78 41 4 20 91 59 87 46 80 64 81 30 37 74 54 8 52 64 46 88 74 56 98 40 71 31 5 62 23 31 99
34 79 14 44 80 52 64 57 12 7 77 81 95 40 1 75 64 60 31 77 94 94 49 32 33 70 51 62 45 86 31 5 19 80 43 99 8 96 79 21 50 15 54 17 77 78 14 50 71 79 37 63 90 41 80 92 45 16 68 22 5 97 29 89 63 2 89 84 98 71 8 48 48 93 10
80 69 52 40 15 88 29 12 86 97 9 14 33 91 22 3 76 84 59 1 28 4 55 35 21 47 78 24 25 21 47 50 5 33 95 79 75 14 85 54 48 91 35 35 13 88 98 35 95 55 93 23 94 62 46 18 97 14 21 20 92 15 33 75 54 26 77 3 83 68 40 62 1 59 24
60 1 52 4 54 47 13 82 69 57 31 47 55 36 72 58 75 45 35 75 70 36 9 2 56 87 10 87 41 57 87 81 21 27 76 79 17 11 61 41 27 43 95 81 28 48 57 64 27 73 66 50 83 85 26 29 51 5 45 33 77 53 72 39 11 16 86 31 19 87 14 41 50 92 12
79 89 48 99 48 27 26 45 1 45 44 60 95 49 44 66 25 19 46 34 46 28 33 54 88 4 17 39 68 86 67 83 80 62 33 50 11 63 34 47 24 25 90 55 15 24 11 8 64 24 81 52 66 5 62 91 54 24 73 53 78 55 1 89 79 82 73 65 94 39 61 42 3 63 94
91 44 28 67 96 89 37 37 63 39 38 51 70 84 48 96 98 14 8 81 66 13 3 81 42 19 21 59 8 10 24 26 96 50 35 29 82 54 31 40 37 14 7 4 35 78 48 99 63 69 27 31 54 49 48 1 5 91 23 49 85 35 9 82 13 79 53 29 54 45 31 10 34 71 80
64 26 38 55 2 3 36 85 24 77 41 53 56 14 3 19 81 79 99 29 8 7 65 4 85 3 79 96 74 34 30 62 55 60 28 6 79 89 83 71 47 17 95 51 3 40 24 55 5 61 71 87 44 17 16 73 89 29 67 32 83 3 52 3 49 7 37 26 61 73 34 34 61 64 60
79 62 69 34 54 21 28 20 44 77 33 40 13 99 94 46 57 44 56 61 36 67 62 41 45 66 47 85 97 70 68 43 35 10 44 94 11 89 90 73 65 16 99 89 25 68 5 34 70 71 57 52 31 74 74 71 80 82 67 42 43 99 74 6 81 50 1 6 42 10 66 1 73 70 11
4 69 22 12 48 13 56 4 30 49 90 10 23 63 18 24 78 96 82 33 72 85 94 71 41 61 83 55 49 92 43 50 95 69 61 43 88 12 52 32 15 8 61 10 69 80 16 8 61 1 23 26 79 41 12 38 8 95 18 6 20 9 15 63 75 19 35 29 71 73 55 81 23 17 24
12 5 16 85 4 1 93 90 67 10 66 62 97 5 2 8 55 7 20 8 58 92 19 68 79 85 76 18 46 12 43 79 27 90 46 90 80 30 7 94 50 22 84 9 29 49 24 53 17 35 11 26 76 29 72 66 82 57 99 43 20 26 80 81 90 7 81 83 87 95 22 16 62 35 52
27 87 40 85 79 90 74 45 92 52 10 2 80 2 49 57 48 72 62 40 48 50 32 31 95 53 27 81 62 70 33 65 15 26 74 77 30 74 93 6 2 63 39 26 86 70 30 68 6 4 12 79 4 64 37 60 90 92 3 8 16 75 8 86 66 92 57 37 69 64 71 30 5 87 74
46 97 54 28 99 90 89 21 15 25 49 86 81 86 58 24 7 8 29 43 55 69 11 45 1 43 62 23 50 1 16 42 60 90 24 51 30 92 31 15 4 22 47 39 24 47 53 82 15 24 53 49 70 85 32 28 74 8 82 17 51 62 40 34 26 71 66 81 57 56 92 91 6 68 22
63 68 55 46 96 96 28 37 21 66 22 37 77 38 84 73 82 70 69 74 56 60 81 44 66 3 18 32 71 3 40 64 32 24 86 51 87 58 13 43 29 59 25 95 8 62 76 32 17 86 16 48 96 61 85 60 67 73 73 82 72 93 78 61 39 7 50 45 91 11 38 82 63 27 20
30 44 42 31 53 26 78 61 15 2 68 4 2 42 23 19 74 66 44 98 15 18 54 73 63 92 30 79 53 37 74 35 73 87 43 96 74 60 7 26 31 59 53 57 80 60 51 4 61 18 97 89 35 52 96 2 23 91 67 73 77 16 37 33 16 53 34 60 79 73 65 52 82 69 47
91 20 20 58 73 20 57 78 91 71 37 71 66 24 67 24 56 9 28 12 42 91 25 66 55 60 65 1 91 64 91 80 63 36 58 22 60 97 47 75 66 58 97 26 47 32 61 3 49 79 70 16 47 9 61 68 31 8 29 89 46 69 49 87 63 84 29 8 30 72 93 27 99 20 17
13 61 88 1 94 92 24 93 50 61 27 7 65 83 13 44 52 12 29 58 81 54 24 49 83 22 47 5 83 76 80 19 47 18 12 35 56 85 96 45 16 63 2 84 90 46 66 45 57 73 84 65 67 93 18 92 74 37 80 51 64 68 92 94 21 26 53 88 62 41 73 52 21 25 7
30 96 73 49 57 44 87 50 73 5 38 27 54 84 37 96 5 89 88 70 63 60 19 46 21 61 27 34 62 7 35 65 94 93 79 73 60 40 53 53 96 30 72 33 23 63 75 88 11 86 22 58 35 52 56 98 30 85 97 68 13 47 87 41 26 19 25 41 64 33 33 23 95 50 3
94 61 4 79 57 59 54 88 5 54 14 95 63 77 99 17 18 41 31 79 61 30 6 55 7 85 81 61 93 86 20 64 70 18 81 43 75 71 96 20 24 37 61 41 20 89 62 94 7 25 9 51 81 52 65 12 7 39 34 93 33 87 4 20 6 48 29 54 40 41 67 65 98 22 64
87 43 75 62 9 39 43 61 46 22 6 15 13 60 23 16 71 83 20 30 18 42 10 99 21 96 97 10 16 39 50 73 21 98 45 61 85 96 33 7 85 58 86 34 25 26 98 37 87 53 71 53 38 10 54 90 15 52 29 70 95 40 46 86 15 84 4 75 90 46 89 30 67 57 87
10 49 66 57 46 42 80 49 91 77 53 58 68 76 30 99 63 26 31 54 54 44 2 98 23 47 73 60 11 79 12 64 94 63 96 53 40 10 51 17 46 64 44 10 39 78 9 96 1 48 31 79 80 21 38 33 74 97 23 68 68 65 2 14 47 91 60 95 51 79 21 1 89 69 38
17 89 14 79 20 94 83 88 65 72 3 85 1 58 36 23 65 81 96 31 6 40 68 79 39 43 51 46 83 7 93 92 21 52 61 86 52 1 58 14 30 41 94 6 39 68 54 51 36 66 23 37 79 61 35 92 1 57 39 74 55 96 3 50 28 85 72 9 23 81 74 56 34 47 60
94 3 52 90 14 51 83 6 97 20 3 77 32 99 96 58 2 51 99 22 27 31 33 8 56 83 2 10 57 42 25 62 41 65 96 85 86 70 4 78 30 17 13 13 9 15 55 39 25 95 21 69 73 29 31 53 58 51 62 74 35 63 31 81 49 23 92 66 26 52 5 4 82 99 78
86 8 69 14 74 68 45 63 2 9 60 28 99 89 10 30 28 3 61 26 86 5 62 65 54 99 77 30 18 38 27 44 48 98 72 82 30 45 38 53 13 82 80 13 88 28 8 75 53 4 72 66 32 38 57 39 11 45 8 47 34 18 5 75 52 29 97 70 92 49 3 27 50 20 45

Demandas:
0 0 0 0 1 0
1 0 0 0 0 0
0 0 0 1 0 0
0 0 0 1 0 0
0 0 0 1 0 0
0 1 0 0 0 0
0 0 0 0 0 1
0 1 0 0 0 0
0 1 0 0 0 0
0 1 0 0 0 0
1 0 0 0 0 0
1 0 0 0 0 0
0 0 1 0 0 0
0 0 0 0 0 1
0 0 0 1 0 0
0 0 0 0 1 0
0 0 1 0 0 0
1 0 0 0 0 0
0 0 1 0 0 0
0 0 1 0 0 0
1 0 0 0 0 0
0 0 1 0 0 0
1 0 0 0 0 0
0 1 0 0 0 0
0 0 0 1 0 0
0 0 0 1 0 0
0 0 0 0 1 0
0 0 0 0 1 0
0 1 0 0 0 0
0 1 0 0 0 0
1 0 0 0 0 0
0 0 0 0 0 1
0 0 1 0 0 0
0 1 0 0 0 0
0 0 0 0 0 1
0 0 1 0 0 0
0 0 0 0 1 0
0 0 0 0 1 0
0 0 0 1 0 0
0 0 0 0 1 0
0 0 0 0 0 1
0 0 0 1 0 0
0 0 0 1 0 0
0 0 0 1 0 0
0 0 0 1 0 0
0 0 0 0 1 0
0 0 0 0 0 1
0 0 0 0 0 1
0 1 0 0 0 0
0 0 0 0 0 1
0 0 0 0 0 1
1 0 0 0 0 0
0 0 0 0 0 1
0 1 0 0 0 0
1 0 0 0 0 0
0 0 1 0 0 0
1 0 0 0 0 0
0 0 0 0 1 0
0 0 0 0 0 1
0 0 0 0 0 1
0 1 0 0 0 0
0 0 0 1 0 0
0 0 1 0 0 0
0 0 0 1 0 0
0 0 0 0 0 1
0 0 0 1 0 0
1 0 0 0 0 0
0 1 0 0 0 0
0 1 0 0 0 0
0 0 1 0 0 0
0 1 0 0 0 0
0 0 0 1 0 0
0 0 0 0 1 0
0 0 0 0 0 1
0 0 0 0 0 1
0 0 0 1 0 0
0 0 1 0 0 0
0 0 0 1 0 0
1 0 0 0 0 0
0 0 0 0 0 1
0 0 1 0 0 0
0 1 0 0 0 0
0 0 1 0 0 0
0 0 1 0 0 0
0 0 0 0 1 0
1 0 0 0 0 0
0 0 0 0 0 1
0 1 0 0 0 0
0 0 0 0 1 0
0 1 0 0 0 0
0 0 0 0 0 1
0 0 0 0 1 0
0 0 0 0 1 0
0 0 0 0 1 0
0 1 0 0 0 0
1 0 0 0 0 0
0 0 0 1 0 0
0 0 0 1 0 0
0 0 0 0 0 1
0 0 0 1 0 0
0 0 1 0 0 0
0 0 1 0 0 0
0 0 0 0 1 0
0 1 0 0 0 0
0 0 0 0 0 1
0 0 0 0 1 0
0 1 0 0 0 0
0 1 0 0 0 0
0 1 0 0 0 0
0 0 1 0 0 0
1 0 0 0 0 0
0 0 1 0 0 0
0 0 0 0 0 1
0 0 0 1 0 0
0 0 0 0 0 1
0 0 1 0 0 0
0 0 0 0 0 1
1 0 0 0 0 0
0 1 0 0 0 0
0 0 0 0 0 1
0 0 0 0 1 0
0 0 0 1 0 0
0 1 0 0 0 0
0 0 0 0 0 1
0 0 1 0 0 0
0 0 0 0 0 1
0 0 0 0 0 1
0 0 0 0 0 1
0 0 0 0 1 0
0 0 1 0 0 0
0 0 0 0 1 0
0 0 0 1 0 0
0 0 0 0 0 1
1 0 0 0 0 0
0 0 0 0 1 0
0 1 0 0 0 0
0 0 1 0 0 0
0 0 0 0 1 0
0 0 0 0 1 0
0 0 0 1 0 0
0 0 0 0 0 1
0 0 1 0 0 0
0 0 0 1 0 0
0 0 0 0 0 1
0 0 0 0 0 1
0 1 0 0 0 0
0 0 0 0 0 1
0 1 0 0 0 0
0 0 1 0 0 0
0 1 0 0 0 0
0 0 0 0 1 0
1 0 0 0 0 0
0 0 1 0 0 0
0 0 0 0 0 1
0 0 0 1 0 0
0 1 0 0 0 0
1 0 0 0 0 0
0 1 0 0 0 0
1 0 0 0 0 0
0 0 0 1 0 0
0 0 0 1 0 0
0 0 0 0 0 1
0 0 0 1 0 0
1 0 0 0 0 0
0 0 1 0 0 0
0 0 0 0 0 1
0 0 0 0 1 0
0 0 0 0 1 0
0 0 0 0 1 0
0 0 0 0 1 0
1 0 0 0 0 0
0 0 0 1 0 0
0 0 0 0 1 0
1 0 0 0 0 0
0 0 0 1 0 0
0 0 0 0 1 0
0 0 1 0 0 0
0 0 0 0 0 1
0 0 0 0 1 0
0 1 0 0 0 0
0 0 0 0 1 0
0 1 0 0 0 0
0 0 0 0 1 0
0 0 0 0 0 1
0 1 0 0 0 0
0 0 0 1 0 0
0 0 0 1 0 0
0 1 0 0 0 0
1 0 0 0 0 0
0 0 0 1 0 0
0 0 0 0 0 1
0 0 0 0 0 1
0 0 0 1 0 0
0 0 0 1 0 0
0 0 0 0 1 0
0 0 0 1 0 0
0 0 1 0 0 0
0 0 1 0 0 0
1 0 0 0 0 0
0 0 0 1 0 0
0 0 0 0 0 1
0 1 0 0 0 0
0 0 0 0 0 1
0 0 0 1 0 0
0 0 0 1 0 0
1 0 0 0 0 0
0 1 0 0 0 0
0 0 0 0 0 1
1 0 0 0 0 0
0 0 0 0 0 1
0 0 1 0 0 0
0 0 0 1 0 0
0 0 0 0 0 1
0 1 0 0 0 0
0 0 0 1 0 0
1 0 0 0 0 0
0 1 0 0 0 0
0 0 0 1 0 0
0 0 1 0 0 0
0 0 0 0 1 0
1 0 0 0 0 0
0 1 0 0 0 0
0 1 0 0 0 0
1 0 0 0 0 0
0 1 0 0 0 0
0 0 0 0 1 0
0 0 0 0 0 1
0 0 0 0 1 0
0 0 0 0 0 1
0 0 0 0 1 0
0 0 1 0 0 0
0 0 0 1 0 0
1 0 0 0 0 0
1 0 0 0 0 0
0 0 0 0 0 1
0 0 1 0 0 0
0 0 0 1 0 0
0 0 0 1 0 0
0 0 0 1 0 0
0 1 0 0 0 0
0 0 0 0 1 0
0 0 0 1 0 0
0 0 0 1 0 0
0 0 0 0 1 0
0 0 0 1 0 0
0 0 0 1 0 0
0 0 0 0 0 1
0 0 0 1 0 0
0 0 1 0 0 0
0 1 0 0 0 0

Capacidades:
0 0 1 3 2 2
3 4 4 0 0 1
4 3 4 0 2 1
3 4 3 2 4 0
0 3 3 2 2 3
1 4 3 4 0 0
2 4 1 2 1 0
3 2 4 4 2 0
4 0 4 2 2 1
4 4 4 2 1 3
3 0 0 4 1 2
0 0 4 4 0 4
2 0 3 4 0 0
4 2 1 1 2 3
1 0 1 0 0 1
0 3 3 0 4 3
4 1 2 3 1 0
3 4 3 3 1 2
4 3 3 3 0 0
1 0 3 3 3 3
4 4 2 4 4 0
3 3 1 3 2 0
3 2 0 1 1 0
0 2 4 3 1 2
4 1 3 4 0 1
2 2 1 2 2 2
3 2 3 3 2 4
4 3 0 3 4 0
0 0 2 1 4 1
2 1 3 1 3 4
2 4 2 3 0 3
3 1 1 1 0 3
1 4 0 4 1 4
1 1 2 0 4 0
4 0 3 4 0 0
1 1 1 2 2 4
2 1 3 0 2 0
1 2 4 4 0 0
0 0 2 4 1 4
3 4 2 4 4 2
2 4 3 2 2 3
2 3 3 1 2 1
1 3 3 1 0 1
1 4 0 3 4 3
0 0 0 3 0 0
2 0 0 2 2 0
2 2 2 3 1 1
2 3 2 3 3 4
3 4 0 0 1 4
2 3 4 4 1 1
1 2 0 3 2 0
2 1 0 4 1 3
4 0 4 0 1 1
3 4 1 3 2 4
0 4 3 3 0 2
4 2 0 1 2 3
0 4 0 3 4 3
2 4 2 3 2 0
1 1 4 0 2 2
2 4 2 4 1 1
4 3 3 0 4 1
0 0 4 4 1 0
3 2 4 0 3 0
4 0 0 3 3 2
4 1 1 4 2 0
0 3 4 3 4 3
2 1 1 1 0 2
2 2 4 1 2 2
2 4 2 3 3 4
2 0 2 4 0 0
0 2 2 1 3 0
4 2 2 1 3 3
1 4 1 0 4 1
2 3 2 4 0 2
2 2 3 3 2 1
