m: 100
n: 20
k: 7

Distancias:
72 84 76 66 44 89 55 61 23 3 69 21 94 94 99 12 61 38 62 83
76 66 61 29 96 4 51 4 58 14 44 99 99 4 66 37 17 46 62 50
19 22 32 60 89 54 24 14 26 1 31 54 30 26 76 68 43 15 51 40
30 46 61 17 32 68 92 61 2 49 18 96 20 52 15 7 47 38 32 91
79 23 85 13 29 20 34 11 18 76 61 61 70 65 47 43 5 80 47 42
60 4 7 47 10 76 29 5 70 53 17 66 62 84 32 99 48 58 15 84
55 56 51 36 14 56 52 32 83 24 67 21 83 6 97 76 10 93 92 62
96 48 87 59 55 50 10 18 78 94 14 23 18 41 48 20 75 78 74 1
30 84 87 66 35 72 98 94 29 72 27 81 79 31 89 26 9 38 20 6
64 15 95 77 79 8 36 69 25 63 54 60 70 12 36 86 43 98 33 53
82 79 41 44 94 42 95 5 42 83 4 48 86 61 43 10 85 8 23 85
63 82 59 92 50 42 45 26 29 25 65 63 84 33 81 34 59 32 69 88
41 66 14 89 27 45 64 96 3 71 24 96 42 96 60 10 96 44 57 3
59 85 17 47 21 80 37 27 67 31 57 60 45 19 35 51 61 88 68 5
1 65 89 75 59 27 34 85 46 44 67 93 78 17 59 62 11 59 79 89
2 55 55 72 58 14 34 62 66 40 47 20 77 56 39 87 53 33 79 93
78 67 27 53 42 43 81 57 51 40 68 92 92 20 70 5 52 97 49 63
19 94 52 51 94 50 63 30 21 5 57 84 32 42 38 25 54 9 1 15
30 67 64 11 75 75 63 54 55 10 93 61 94 20 85 20 38 76 33 36
24 1 46 39 1 65 15 70 13 55 33 35 60 56 79 66 36 70 71 52
32 24 57 53 6 92 64 27 41 53 8 89 18 49 93 71 61 66 96 83
45 22 53 81 83 97 13 41 25 73 61 90 3 10 1 22 94 89 93 8
60 48 42 36 87 70 39 16 77 96 31 1 32 92 98 65 38 54 97 56
24 20 43 28 38 79 97 36 81 34 36 79 50 61 8 1 82 3 66 19
44 63 11 30 18 44 7 37 71 14 37 21 76 44 10 40 8 78 29 70
17 89 50 59 10 67 13 37 56 41 46 91 4 73 36 70 55 97 94 16
18 88 59 10 81 65 58 16 87 58 58 96 23 43 29 70 84 14 19 14
11 99 62 3 68 66 92 45 37 61 10 60 7 12 80 8 96 7 23 39
49 15 39 71 74 13 46 10 9 4 96 15 1 83 66 99 71 94 71 38
28 92 32 66 36 72 18 9 34 45 29 81 96 2 18 95 63 60 16 10
75 44 72 32 86 41 36 93 55 85 28 75 28 61 98 24 90 33 18 53
95 29 86 60 78 34 30 5 23 66 85 87 44 13 7 33 59 37 81 58
36 56 65 88 35 56 60 57 18 60 44 1 19 59 25 40 76 81 62 31
15 10 9 38 71 1 53 10 14 84 88 76 47 89 22 76 91 60 7 81
79 19 53 14 33 29 29 29 22 31 97 43 2 35 19 18 49 10 67 76
35 26 6 89 41 13 74 41 76 21 19 5 44 87 46 86 90 62 95 1
78 61 39 87 33 7 44 18 25 22 13 20 42 43 86 41 22 79 76 38
37 22 63 83 94 62 81 96 53 86 27 54 25 3 37 42 65 21 37 38
69 77 46 3 43 59 62 10 33 70 67 21 43 12 63 5 32 54 97 86
68 97 71 5 72 98 81 94 55 67 52 30 90 67 70 33 7 67 32 87
24 10 12 86 41 49 75 67 72 9 39 80 42 93 50 36 84 12 19 22
85 40 93 69 85 49 38 28 78 53 8 85 1 60 59 62 47 87 69 93
66 78 26 86 20 88 23 62 74 8 29 48 12 93 15 82 13 54 93 17
65 90 97 27 37 63 21 7 1 97 69 65 56 12 6 28 2 99 49 93
26 93 33 36 31 55 24 45 89 3 75 3 39 98 47 48 41 4 36 94
70 53 42 26 36 82 24 32 99 46 88 12 82 37 35 22 57 54 38 92
26 1 5 70 80 45 79 99 12 60 97 75 42 46 45 64 40 5 59 65
42 18 33 89 65 10 68 77 36 25 56 3 2 2 28 91 41 82 82 70
43 19 64 30 33 60 41 68 64 72 84 23 55 52 48 74 74 38 9 56
93 98 74 33 67 20 6 42 69 81 18 43 9 52 12 60 41 32 88 49
62 49 74 41 17 36 74 98 48 36 88 29 77 74 83 84 9 34 17 19
4 66 59 43 68 52 23 76 36 35 59 15 84 13 4 12 2 18 31 89
17 85 20 61 86 75 78 67 27 48 39 97 33 9 41 77 84 45 10 5
38 21 48 29 31 10 10 93 23 59 23 67 56 70 94 97 78 59 11 1
86 22 73 75 82 93 16 42 6 20 3 94 46 23 70 20 86 72 13 83
19 28 66 24 55 68 54 57 54 62 86 90 16 83 64 56 6 65 96 60
77 81 39 5 52 50 51 85 46 6 89 50 79 29 85 57 68 78 73 67
79 1 13 20 73 67 96 57 57 11 31 37 92 64 56 35 39 66 34 18
93 35 20 77 87 95 83 12 93 46 49 94 38 20 95 30 61 20 79 39
3 50 60 22 12 22 61 32 2 43 81 86 30 83 59 78 21 97 44 81
22 39 42 89 82 73 83 55 23 38 27 51 38 32 52 65 25 6 15 35
93 21 3 81 52 8 67 33 99 21 2 42 90 70 97 63 68 95 87 19
31 59 96 97 88 2 94 47 48 61 93 70 74 77 70 83 8 48 11 11
78 85 93 57 30 82 94 71 44 28 34 90 32 17 34 36 6 13 28 80
19 61 92 43 17 83 18 57 4 68 52 38 89 84 10 54 92 60 77 83
40 27 5 66 71 24 20 63 57 87 70 28 13 26 99 64 86 14 50 87
68 49 43 22 62 95 68 15 84 84 17 18 28 35 63 6 3 80 41 62
86 4 3 93 65 53 92 66 30 95 74 53 99 45 21 45 77 15 27 27
56 60 73 18 99 35 83 17 58 91 88 60 31 30 49 6 65 89 96 32
49 22 68 37 43 92 16 80 42 45 46 73 82 41 55 85 96 43 22 3
28 45 26 87 41 60 76 27 34 90 62 54 76 55 96 88 48 47 49 35
76 84 62 44 17 36 38 66 16 36 96 53 45 86 41 79 82 96 26 35
71 43 9 39 35 26 96 43 63 14 17 4 75 68 27 58 97 2 90 29
20 90 64 67 65 45 34 55 14 88 38 85 92 90 65 58 24 65 30 19
45 93 75 31 88 43 71 9 49 59 53 84 19 49 96 97 69 21 86 33
5 17 63 58 83 37 4 95 9 83 57 46 47 51 24 80 71 98 20 8
38 23 37 62 18 89 21 7 12 19 35 10 45 28 30 47 20 34 33 12
59 5 56 62 15 75 98 49 88 56 54 14 77 25 10 90 88 95 77 88
4 58 84 60 26 3 86 43 15 35 91 36 99 95 15 70 48 43 99 79
72 80 67 31 58 62 97 22 59 40 70 62 83 98 8 30 62 48 40 23
20 73 10 98 6 46 85 40 85 58 18 43 66 95 88 24 28 20 21 21
19 43 6 90 66 86 21 37 27 63 90 65 21 90 35 46 73 88 39 69
99 10 1 15 13 8 2 4 45 29 43 11 27 18 44 24 17 65 69 48
54 3 16 12 59 56 50 53 82 82 1 39 47 18 11 90 44 28 59 30
8 83 39 64 6 45 52 27 22 31 41 36 88 11 65 68 62 23 55 67
60 58 77 69 77 60 7 70 11 32 38 69 36 2 21 50 44 10 64 85
50 31 18 8 21 7 49 35 64 23 21 94 30 82 63 33 91 58 3 23
2 93 72 63 8 55 23 70 16 57 22 72 85 65 22 92 76 69 53 20
25 66 71 7 27 40 67 97 47 42 25 39 37 12 48 37 3 69 34 82
50 79 55 77 67 2 69 94 36 99 80 32 37 46 19 41 91 94 47 77
37 59 22 14 43 35 10 85 54 53 70 68 49 94 86 10 24 1 92 63
94 53 95 26 7 39 93 29 67 79 26 82 6 30 80 42 26 60 25 34
37 5 87 46 26 57 69 47 65 39 73 78 38 18 9 55 26 13 56 69
27 4 25 79 81 43 72 48 77 15 56 27 56 32 66 92 56 68 15 15
91 4 11 14 7 12 78 44 82 83 54 54 5 25 40 34 77 41 38 76
18 79 18 17 10 78 2 2 1 28 52 88 55 32 49 70 23 92 77 52
5 66 61 5 97 26 41 62 98 98 94 4 55 10 59 86 1 6 87 62
72 40 40 20 30 28 14 12 9 34 63 64 28 92 31 11 11 33 57 18
27 96 73 7 81 8 87 54 31 40 11 80 13 22 14 3 11 43 99 7
29 41 12 35 97 85 48 13 75 30 26 32 52 4 44 32 80 82 97 16

Demandas:
0 0 1 0 0 0 0
0 0 0 0 0 0 1
0 0 1 0 0 0 0
0 0 0 0 0 0 1
0 1 0 0 0 0 0
0 0 0 0 0 0 1
0 1 0 0 0 0 0
0 0 0 1 0 0 0
1 0 0 0 0 0 0
0 0 0 0 0 0 1
0 0 1 0 0 0 0
0 0 0 0 0 0 1
0 0 0 0 0 1 0
0 1 0 0 0 0 0
0 0 0 0 0 0 1
0 0 0 0 0 0 1
0 1 0 0 0 0 0
1 0 0 0 0 0 0
0 0 0 0 0 0 1
0 0 0 0 0 1 0
0 0 0 0 0 1 0
0 0 0 0 0 1 0
0 0 0 0 0 1 0
0 0 0 0 0 0 1
0 0 1 0 0 0 0
0 1 0 0 0 0 0
1 0 0 0 0 0 0
0 0 0 1 0 0 0
0 0 0 0 0 0 1
0 0 0 0 1 0 0
0 1 0 0 0 0 0
0 0 1 0 0 0 0
0 0 0 0 0 0 1
0 0 0 0 1 0 0
0 0 0 0 0 1 0
0 0 0 0 0 0 1
0 0 0 0 0 0 1
0 0 0 0 0 1 0
0 0 0 0 0 1 0
1 0 0 0 0 0 0
0 0 0 0 0 0 1
0 0 1 0 0 0 0
0 0 0 0 1 0 0
0 0 1 0 0 0 0
0 0 1 0 0 0 0
0 0 0 1 0 0 0
0 0 1 0 0 0 0
0 0 0 0 0 0 1
0 0 0 0 1 0 0
0 0 0 0 0 1 0
0 1 0 0 0 0 0
0 0 0 0 0 0 1
0 0 1 0 0 0 0
0 0 0 0 0 1 0
1 0 0 0 0 0 0
0 0 0 0 0 1 0
0 0 0 0 0 1 0
0 0 1 0 0 0 0
0 0 0 0 0 0 1
0 0 0 0 0 1 0
0 0 0 0 0 1 0
0 0 0 0 1 0 0
0 1 0 0 0 0 0
1 0 0 0 0 0 0
0 0 0 0 0 1 0
0 1 0 0 0 0 0
0 1 0 0 0 0 0
1 0 0 0 0 0 0
0 0 0 0 1 0 0
0 0 0 0 1 0 0
0 0 0 1 0 0 0
0 0 0 0 0 1 0
0 0 0 0 1 0 0
1 0 0 0 0 0 0
0 0 0 0 0 0 1
0 1 0 0 0 0 0
0 0 0 0 0 1 0
0 0 0 1 0 0 0
0 1 0 0 0 0 0
1 0 0 0 0 0 0
0 0 0 0 0 0 1
0 0 0 0 0 1 0
0 0 1 0 0 0 0
0 0 0 0 1 0 0
1 0 0 0 0 0 0
0 0 0 0 0 1 0
0 1 0 0 0 0 0
0 0 1 0 0 0 0
0 0 0 0 0 1 0
0 0 0 1 0 0 0
0 0 0 0 1 0 0
0 1 0 0 0 0 0
0 0 0 0 0 1 0
0 0 0 1 0 0 0
1 0 0 0 0 0 0
1 0 0 0 0 0 0
0 0 0 1 0 0 0
0 0 0 1 0 0 0
1 0 0 0 0 0 0
1 0 0 0 0 0 0

Capacidades:
2 1 1 2 0 0 1
0 4 1 0 4 3 3
0 2 1 0 2 1 2
3 2 0 3 0 3 4
1 2 3 3 2 0 0
4 2 4 1 3 1 4
0 0 0 1 3 2 4
3 4 3 4 4 1 0
4 4 4 1 1 3 0
2 3 0 1 0 2 0
1 0 3 0 0 2 3
2 3 4 1 1 0 3
4 3 4 3 2 4 2
2 4 2 1 3 4 2
0 2 1 2 3 1 1
0 4 3 4 2 0 3
3 3 0 4 0 4 1
2 4 0 1 2 4 0
0 0 1 0 1 0 3
4 3 3 1 3 0 0
