m: 100
n: 20
k: 6

Distancias:
12 19 92 5 89 80 1 12 39 28 79 90 9 99 89 32 68 39 57 27
96 88 46 91 53 22 40 59 91 55 5 2 33 24 76 59 67 27 73 49
99 40 73 21 20 25 75 14 39 12 28 3 22 96 80 10 3 71 24 98
53 47 21 69 66 72 2 81 23 62 43 91 31 72 51 50 90 75 33 12
96 79 28 50 23 30 59 85 58 62 69 37 16 19 16 93 95 16 54 95
28 12 23 49 48 56 80 62 10 17 57 42 14 76 49 43 67 24 19 38
98 74 28 65 10 63 57 47 29 76 41 92 40 10 40 76 15 66 41 34
98 12 5 73 17 57 39 58 51 27 59 4 61 45 68 72 24 77 23 66
91 65 4 46 88 70 87 80 11 59 55 25 40 26 27 22 2 28 57 28
58 72 41 88 24 57 39 61 26 21 85 90 53 44 10 67 22 79 62 26
45 93 85 84 91 10 23 87 18 17 67 33 19 67 92 65 76 69 90 44
1 22 61 90 36 17 50 98 6 24 46 32 78 31 85 40 5 3 33 46
99 55 52 54 15 56 63 62 40 36 39 4 29 98 14 98 71 75 93 83
31 26 25 50 86 72 2 17 1 9 22 34 22 55 63 75 54 86 80 29
35 50 87 47 12 15 10 38 4 92 3 14 29 81 9 95 22 55 33 3
6 68 75 81 98 33 70 27 90 21 74 69 10 22 84 80 57 15 55 33
45 92 31 88 27 48 46 50 67 72 63 68 80 8 52 49 96 91 3 89
75 78 89 6 34 77 53 20 8 37 25 95 6 3 15 11 5 56 88 15
24 37 28 44 34 13 26 25 69 82 70 5 98 83 1 40 97 16 51 51
38 66 41 97 69 15 85 39 20 34 93 66 42 37 45 22 84 77 3 33
48 22 52 97 56 93 74 90 51 59 78 51 21 93 89 76 56 13 50 54
68 5 23 49 32 67 6 65 62 5 74 49 32 71 72 1 47 31 98 96
87 16 44 86 17 97 27 5 59 27 36 12 13 23 92 69 81 58 2 46
35 6 15 4 54 20 25 65 95 74 87 82 29 19 64 43 66 57 5 12
7 65 7 96 29 81 24 14 85 79 55 43 55 63 19 44 88 99 29 83
55 12 51 12 28 73 40 35 94 57 20 60 79 56 17 6 72 3 34 79
11 76 26 13 82 65 60 73 16 95 49 10 4 60 77 25 47 64 47 86
46 27 3 51 78 58 91 71 46 55 23 41 95 91 20 79 84 29 20 20
99 6 38 16 22 70 7 21 32 11 71 57 61 84 86 62 80 25 95 58
63 18 56 20 94 95 38 6 1 47 45 21 70 75 5 93 36 61 72 9
19 15 92 81 69 10 79 82 2 33 1 70 33 98 63 52 17 96 46 12
84 79 76 43 68 10 45 74 86 7 33 68 50 98 30 91 92 75 3 9
62 68 22 42 2 61 12 64 43 47 94 55 32 26 55 3 25 10 12 92
69 36 24 65 55 42 29 19 37 49 70 66 59 16 42 71 56 81 74 85
51 69 72 38 73 67 95 64 68 38 42 4 42 98 84 92 81 15 62 99
15 87 49 2 4 3 74 1 8 34 56 40 32 27 23 39 65 98 72 74
81 8 75 44 34 64 25 49 10 30 78 2 98 53 45 95 70 12 96 37
1 43 24 23 57 18 46 11 53 37 51 46 59 12 41 17 85 74 12 71
5 73 26 52 89 48 6 61 46 85 56 11 12 15 46 33 30 19 46 75
13 5 43 57 21 1 20 77 18 8 13 67 57 43 16 45 7 16 58 37
9 4 87 34 37 61 47 46 27 29 30 57 38 18 20 20 98 27 72 69
56 4 93 33 62 27 45 88 51 17 28 63 85 28 85 17 85 71 70 53
44 96 90 75 7 90 58 34 75 60 87 26 27 72 17 5 23 87 77 86
48 65 14 10 41 82 61 50 84 75 2 54 14 5 28 10 37 16 42 59
80 65 31 38 56 60 16 93 82 60 84 93 81 64 88 33 16 12 47 25
55 21 30 2 85 23 47 88 75 32 21 90 18 81 86 14 99 9 33 42
54 39 7 22 88 42 42 66 13 32 57 74 26 46 14 45 15 53 27 9
56 31 85 9 8 1 55 60 52 61 29 51 4 98 87 76 3 25 84 70
36 43 94 93 88 26 41 71 30 6 94 53 95 40 31 93 5 46 79 46
75 18 9 30 61 35 11 37 42 71 8 6 26 38 74 46 70 46 4 19
4 55 19 47 89 35 17 94 81 47 96 88 25 74 47 16 58 35 93 9
88 68 4 7 52 72 18 22 83 30 56 7 32 10 21 48 77 38 13 13
92 57 22 26 47 57 66 10 96 33 71 80 20 9 27 54 33 80 18 49
90 23 67 87 44 82 48 71 90 35 31 44 28 29 48 27 84 90 1 25
93 45 99 31 4 47 41 49 49 86 79 80 31 80 47 95 65 3 99 46
39 7 5 87 72 79 44 89 43 30 17 47 25 43 25 65 38 65 67 84
12 65 58 50 19 31 41 91 15 36 79 14 44 85 15 93 42 99 2 90
8 76 3 60 38 55 78 38 25 36 56 26 78 40 29 4 88 68 20 93
96 90 47 5 90 91 61 92 83 34 47 13 48 9 11 63 14 73 64 98
99 90 42 29 71 33 18 20 62 73 11 59 41 96 8 79 35 89 42 25
44 50 44 83 13 77 28 18 37 86 27 63 28 96 94 30 1 65 15 83
29 27 53 48 32 10 32 81 51 68 83 31 72 77 23 69 50 73 86 36
59 37 17 70 77 10 24 21 71 8 16 93 28 38 43 70 68 49 93 73
9 5 78 39 10 71 21 42 71 38 48 75 97 88 67 3 88 56 87 42
66 5 83 92 99 59 20 97 17 66 48 11 74 51 62 4 93 31 61 52
3 31 71 98 64 16 94 80 70 65 43 72 63 29 88 65 96 62 56 85
42 30 12 19 18 84 14 22 82 33 74 34 83 90 77 44 98 76 36 85
1 97 50 60 34 31 22 3 38 76 68 7 23 95 35 91 30 70 92 69
94 42 18 52 34 91 1 55 31 59 70 80 33 78 40 10 1 88 76 4
23 15 61 55 29 61 91 49 45 97 41 85 90 96 31 27 71 14 30 58
61 45 87 83 53 77 47 49 28 21 81 78 94 11 82 33 59 8 72 11
73 64 48 99 65 84 27 65 31 61 13 10 86 68 15 96 74 49 24 71
61 43 25 36 98 44 71 31 33 63 69 26 75 33 78 27 70 22 71 23
65 79 63 6 25 67 10 79 24 86 93 3 66 67 62 25 1 30 89 69
54 14 17 97 54 76 50 43 24 41 77 65 71 20 12 43 14 74 13 79
96 53 5 33 28 63 12 20 8 85 36 18 77 1 85 69 52 85 18 17
68 44 67 2 74 71 45 58 26 66 55 61 74 61 35 46 85 25 61 44
38 8 29 48 42 71 25 67 53 25 50 45 16 32 42 15 13 18 93 24
20 89 42 60 76 25 74 86 25 31 54 12 82 31 45 46 99 67 40 93
24 14 98 37 59 52 54 49 60 9 10 60 35 86 10 60 53 5 17 16
84 44 82 71 54 84 96 24 65 20 14 19 37 89 13 8 89 3 51 10
53 1 84 82 21 9 94 14 94 41 19 51 48 47 11 36 96 49 5 2
81 9 76 80 82 66 92 25 76 93 93 21 57 52 25 1 34 43 1 14
54 42 91 54 67 76 65 5 72 24 46 84 24 47 86 39 9 57 96 83
41 52 51 2 23 41 20 54 81 68 83 90 53 1 99 57 17 77 59 8
99 9 45 54 86 51 41 83 49 9 67 22 70 59 63 35 93 41 19 30
80 42 31 68 70 24 87 68 23 58 21 10 13 1 19 43 97 9 36 25
78 34 40 23 12 14 39 91 69 82 46 81 38 9 96 79 59 40 2 95
20 64 21 3 38 41 67 2 28 57 46 56 30 56 21 82 6 43 52 72
87 36 67 67 70 93 24 71 91 18 53 71 97 80 76 78 35 76 27 39
70 2 19 72 2 61 96 57 9 47 47 28 43 6 18 13 56 62 54 87
12 26 89 88 50 76 18 77 91 59 12 86 20 53 75 20 65 87 44 7
66 83 60 32 4 64 34 80 93 73 40 49 60 60 88 24 60 20 75 4
93 63 83 62 31 48 94 20 38 33 40 31 45 40 85 85 49 31 84 16
39 3 71 34 51 52 54 20 42 68 66 79 4 3 63 44 32 90 54 47
65 85 78 41 77 33 15 44 84 63 7 63 55 61 96 1 4 94 20 13
47 89 32 51 59 21 17 46 88 37 37 78 94 16 92 8 64 29 31 48
95 46 11 40 86 64 81 16 47 77 67 97 59 45 28 34 7 47 29 85
28 94 49 41 37 97 58 32 2 38 20 78 64 25 93 99 1 32 9 4
72 97 10 86 4 80 64 2 73 74 46 18 14 25 35 3 88 71 46 13

Demandas:
0 1 0 0 0 0
0 0 0 0 1 0
0 0 1 0 0 0
0 0 1 0 0 0
0 0 0 0 0 1
0 0 1 0 0 0
0 0 1 0 0 0
0 1 0 0 0 0
0 0 0 1 0 0
0 0 0 0 1 0
0 0 1 0 0 0
0 0 0 1 0 0
0 0 0 0 1 0
0 0 1 0 0 0
0 0 1 0 0 0
0 0 0 1 0 0
0 0 0 0 1 0
0 0 1 0 0 0
0 0 0 0 1 0
0 0 1 0 0 0
0 0 0 0 0 1
0 0 0 1 0 0
0 1 0 0 0 0
1 0 0 0 0 0
1 0 0 0 0 0
0 0 1 0 0 0
0 0 0 0 1 0
0 1 0 0 0 0
0 0 0 0 1 0
1 0 0 0 0 0
0 0 0 0 1 0
0 1 0 0 0 0
0 0 1 0 0 0
1 0 0 0 0 0
0 0 0 1 0 0
0 0 0 0 1 0
0 0 0 0 0 1
0 0 0 0 1 0
0 0 0 1 0 0
0 0 0 1 0 0
0 0 0 0 0 1
1 0 0 0 0 0
0 1 0 0 0 0
0 0 0 0 1 0
0 0 0 1 0 0
0 1 0 0 0 0
0 0 0 1 0 0
0 0 0 0 1 0
1 0 0 0 0 0
1 0 0 0 0 0
0 1 0 0 0 0
0 0 1 0 0 0
0 0 1 0 0 0
0 0 1 0 0 0
0 0 1 0 0 0
0 0 0 0 1 0
0 1 0 0 0 0
0 0 0 0 1 0
0 0 1 0 0 0
0 0 0 0 1 0
0 0 1 0 0 0
0 0 0 0 0 1
0 0 0 1 0 0
0 0 0 0 1 0
0 1 0 0 0 0
0 0 0 0 1 0
1 0 0 0 0 0
1 0 0 0 0 0
1 0 0 0 0 0
0 0 0 0 1 0
0 0 0 0 1 0
0 0 1 0 0 0
0 0 0 0 0 1
0 0 0 0 1 0
0 0 0 0 0 1
1 0 0 0 0 0
1 0 0 0 0 0
0 0 0 0 1 0
0 0 0 0 1 0
1 0 0 0 0 0
0 1 0 0 0 0
1 0 0 0 0 0
0 0 0 0 0 1
0 0 0 1 0 0
0 0 0 1 0 0
0 1 0 0 0 0
1 0 0 0 0 0
0 0 0 1 0 0
0 0 0 0 0 1
0 1 0 0 0 0
0 1 0 0 0 0
0 0 1 0 0 0
0 1 0 0 0 0
1 0 0 0 0 0
0 0 0 0 1 0
0 0 0 0 0 1
0 1 0 0 0 0
1 0 0 0 0 0
0 0 0 1 0 0
1 0 0 0 0 0

Capacidades:
2 1 4 0 0 3
0 4 2 2 2 4
2 0 3 0 2 1
1 0 0 2 2 0
4 3 1 3 2 3
0 1 2 0 4 4
3 2 1 1 2 4
1 1 2 3 4 0
2 3 1 0 3 3
4 4 2 2 3 1
3 2 4 1 4 4
4 0 3 2 4 1
1 0 1 1 0 1
1 3 1 2 1 3
4 2 2 1 1 2
1 3 0 0 1 0
1 3 1 2 3 3
3 3 0 0 2 4
4 0 0 0 2 2
1 1 4 2 4 4
