m: 100
n: 30
k: 7

Distancias:
64 9 62 16 37 12 15 25 48 75 1 15 89 78 37 4 1 82 58 63 3 94 42 45 65 35 83 58 10 70
11 30 55 15 35 63 93 52 85 1 29 99 94 83 44 4 30 92 7 69 79 90 97 41 71 81 65 39 16 51
27 76 46 32 46 9 66 28 51 57 10 55 63 72 40 24 55 52 71 74 83 61 67 13 69 29 71 90 83 94
6 35 48 46 15 45 91 51 48 98 91 35 96 96 36 86 6 41 72 76 51 48 81 54 79 32 52 36 45 88
9 92 90 85 21 35 4 70 3 58 30 18 92 24 74 94 14 92 50 74 28 54 40 41 22 25 95 42 38 21
52 48 78 10 8 81 69 52 98 6 58 66 81 65 14 14 78 49 97 47 65 70 16 94 1 67 45 14 1 87
66 91 1 56 83 1 55 35 49 17 85 20 72 7 42 67 28 76 5 71 44 15 60 14 83 12 61 69 71 65
36 87 98 24 74 34 26 40 2 58 15 80 42 24 21 59 76 52 70 33 76 85 35 41 50 77 28 42 75 66
15 32 63 57 48 5 90 91 39 11 7 83 81 17 51 82 49 79 22 40 64 93 42 99 69 92 83 18 97 24
63 36 21 22 82 7 30 33 92 93 64 74 83 26 30 80 94 26 28 20 1 10 82 81 45 31 52 94 55 25
33 75 82 72 91 39 82 88 88 73 8 71 84 18 63 80 59 64 6 12 45 44 82 18 98 36 9 11 61 17
49 70 96 97 13 12 82 1 51 72 79 69 94 87 30 12 11 54 67 86 46 18 54 31 26 23 22 69 76 76
74 35 77 20 99 35 90 79 62 11 89 52 68 77 79 52 4 7 90 82 61 78 58 98 91 29 97 59 91 44
35 49 33 58 63 33 21 39 35 34 73 86 3 47 50 66 88 78 1 50 81 53 79 42 72 77 92 77 60 22
24 26 23 45 16 73 2 35 61 5 88 99 24 85 96 55 16 68 27 39 84 87 8 76 25 86 95 93 83 14
53 47 15 89 94 43 94 39 19 6 56 29 4 90 36 94 64 6 37 82 18 3 78 17 36 61 95 78 31 90
30 82 38 74 29 29 4 78 91 44 95 16 25 23 9 28 10 37 31 45 49 90 58 12 29 53 83 70 45 34
59 58 6 46 28 41 90 21 63 43 2 69 81 8 14 67 8 65 3 52 58 82 95 35 1 51 80 26 47 55
38 81 28 2 20 55 95 99 27 50 62 49 25 78 75 99 35 5 85 47 92 98 30 95 63 70 43 7 71 12
90 47 85 82 37 8 61 80 95 14 93 13 82 41 7 97 41 95 90 46 25 26 69 46 95 25 52 37 90 1
97 74 37 15 65 31 26 49 29 6 64 48 38 46 97 16 82 53 45 75 63 53 96 37 37 49 47 22 72 87
77 36 21 41 12 99 8 50 18 14 9 83 85 80 28 74 41 75 92 82 34 50 68 97 54 74 9 78 89 23
63 7 89 1 11 9 50 54 44 81 34 86 88 28 7 17 87 49 92 78 1 46 39 72 80 10 53 78 55 74
32 98 46 46 62 39 60 80 60 58 45 39 15 28 24 45 30 65 96 52 53 43 24 98 43 78 87 5 84 83
34 92 37 70 66 65 41 58 21 98 15 95 63 40 38 33 34 35 87 11 62 4 18 31 55 39 84 29 59 54
27 46 4 34 5 37 80 76 83 10 86 77 83 93 46 71 30 36 63 85 46 95 42 26 81 10 26 95 26 29
46 4 89 23 72 94 40 71 58 54 43 59 9 60 68 36 28 29 71 41 49 60 39 32 99 97 76 34 40 39
56 22 8 72 2 17 14 85 85 87 52 24 1 41 23 54 76 54 82 83 97 20 53 12 92 91 27 78 61 72
58 76 58 17 67 12 67 24 13 95 94 96 41 30 73 76 37 8 75 92 56 91 39 59 31 9 48 50 74 90
27 10 94 22 48 53 77 6 56 78 35 27 30 50 86 84 99 35 61 48 40 3 98 9 96 69 4 83 95 63
49 25 49 47 80 78 95 18 5 38 5 45 11 41 55 70 5 93 75 58 12 13 86 23 5 72 66 20 94 59
79 20 45 63 89 80 38 84 17 6 83 15 94 30 22 53 55 18 17 14 55 73 12 58 99 77 35 23 43 30
74 52 28 33 60 71 18 21 37 16 39 26 2 1 39 18 26 25 31 4 64 35 35 64 8 62 47 74 3 83
47 26 45 6 9 3 6 62 72 16 85 37 80 23 49 60 71 89 20 78 12 25 49 54 62 51 8 56 89 82
80 34 93 90 91 47 60 95 78 43 2 12 86 96 49 27 21 96 43 92 27 63 89 71 60 30 40 28 94 2
49 45 95 78 70 49 85 75 56 30 25 12 5 90 51 83 47 79 73 33 78 83 84 57 82 7 48 33 54 82
24 80 78 1 38 23 24 87 31 22 11 96 57 41 48 51 89 14 48 42 66 66 60 51 83 44 49 57 47 13
1 75 24 76 60 16 42 11 15 84 11 12 97 5 83 22 29 45 89 60 7 12 12 69 70 34 83 66 85 82
60 37 31 31 40 89 63 59 45 84 53 38 75 83 64 50 93 50 72 51 40 46 20 18 44 52 52 74 21 33
14 64 53 31 11 55 34 55 98 16 36 99 60 48 36 57 72 48 43 51 89 22 74 37 31 83 22 8 16 75
27 25 80 27 99 81 26 73 62 40 71 52 86 97 11 63 87 26 45 10 92 45 40 4 20 89 13 76 28 41
50 60 40 40 60 40 8 55 1 33 83 48 81 98 40 80 7 79 10 68 55 82 86 82 30 19 1 85 26 39
69 93 29 66 61 92 38 27 18 99 57 24 56 6 92 18 92 79 56 93 33 55 1 65 90 91 45 15 77 86
82 31 58 20 81 7 16 78 9 63 39 28 20 94 85 93 15 40 93 93 53 94 82 28 8 1 31 91 48 34
81 7 47 84 56 8 11 58 37 56 57 17 98 79 49 14 78 12 74 84 22 47 93 7 64 41 67 67 76 56
11 71 53 53 14 88 37 17 81 82 2 35 38 69 86 67 17 6 33 24 82 47 1 53 40 99 4 38 32 16
20 49 17 60 35 13 55 7 48 5 51 11 23 98 75 21 20 51 47 6 5 29 86 23 76 52 23 76 23 49
17 14 65 59 49 62 92 64 41 58 95 5 30 38 54 21 37 17 20 2 7 19 15 65 5 7 53 25 27 43
97 95 17 26 21 98 65 37 71 69 98 94 46 72 99 10 48 98 90 84 2 59 32 61 87 44 5 23 50 20
2 59 55 28 36 41 92 63 86 64 1 58 26 39 91 6 95 2 55 88 74 41 28 6 61 38 37 93 18 86
20 84 70 69 94 7 3 17 95 12 49 73 27 3 53 11 4 62 40 60 59 5 37 32 10 66 49 74 17 86
39 60 25 52 63 15 18 82 34 49 99 81 81 83 96 67 24 87 72 8 41 91 77 21 69 47 50 18 55 8
48 58 79 66 9 76 64 16 11 25 44 47 10 57 54 47 15 55 87 46 67 3 43 57 20 3 98 14 39 11
23 23 56 11 36 29 56 64 38 43 99 40 2 23 98 85 49 89 54 93 23 52 67 93 68 4 36 89 69 71
69 90 66 27 6 99 19 42 16 35 34 31 36 73 5 37 69 60 84 42 75 75 83 22 45 92 9 78 18 80
22 23 1 86 23 89 57 77 39 61 12 44 77 95 24 43 63 80 79 74 80 56 62 86 16 53 1 93 58 72
98 89 27 12 44 56 51 37 7 92 1 65 57 12 22 57 2 46 56 40 52 73 66 37 73 56 12 52 60 77
30 14 29 96 48 11 51 37 27 46 25 34 90 86 39 10 77 56 22 31 53 1 54 32 96 27 81 53 98 92
9 25 30 26 43 21 97 42 43 10 51 97 84 89 93 2 5 51 93 38 38 97 49 72 68 95 85 80 37 76
41 81 43 57 16 57 74 46 97 51 6 73 25 16 13 55 7 48 36 73 75 88 5 67 63 69 25 54 71 99
87 22 87 18 59 51 52 5 10 18 10 17 56 93 41 23 20 34 40 38 85 32 7 47 81 55 13 44 48 75
22 13 93 84 15 45 90 5 5 38 14 32 19 54 96 56 36 8 64 74 2 29 43 59 89 63 2 25 27 60
28 79 56 92 98 2 94 59 65 72 22 63 43 41 5 49 90 34 26 82 41 76 66 8 74 87 64 21 7 79
36 43 27 96 21 15 92 66 12 5 65 75 94 57 41 43 88 77 69 10 32 72 25 79 40 7 59 87 78 51
53 86 59 50 90 66 85 36 8 15 20 24 55 93 87 60 86 73 40 25 38 77 68 18 5 64 41 81 37 87
56 47 34 33 13 73 61 82 90 82 47 11 76 49 13 98 30 63 95 94 24 32 7 42 87 71 59 9 46 37
99 82 57 35 95 81 67 86 92 77 3 87 12 31 92 77 59 12 54 48 34 4 88 85 73 12 18 53 92 1
50 21 30 63 15 61 39 31 67 96 69 87 20 92 81 51 17 55 71 29 1 67 49 27 55 26 7 92 8 70
64 54 96 61 85 35 1 54 33 25 98 66 17 66 45 60 78 47 35 28 27 79 54 43 12 17 56 43 48 35
31 47 43 76 3 40 65 67 30 37 90 43 32 91 47 13 4 7 21 38 7 36 27 84 3 8 20 49 67 88
46 99 49 14 55 90 35 42 82 6 55 56 44 17 23 61 43 94 16 67 59 49 40 81 33 6 17 84 27 88
76 21 19 7 51 59 59 8 37 17 10 50 45 26 97 51 37 66 22 45 28 48 66 23 91 46 93 87 57 91
35 94 80 72 89 61 84 74 99 81 65 63 79 76 53 81 90 43 29 76 37 63 11 79 79 16 61 39 70 97
81 75 64 73 65 93 43 87 5 62 75 76 75 44 99 6 49 83 99 28 66 70 11 47 15 79 25 85 61 73
98 98 43 67 42 92 94 96 67 29 96 51 12 6 61 7 6 3 49 27 82 8 34 16 10 32 71 66 14 21
9 84 81 47 75 87 13 54 16 47 36 14 91 86 79 70 65 2 39 34 21 18 98 82 47 24 54 99 87 49
38 31 82 66 7 30 5 48 67 58 33 38 11 39 48 93 61 74 34 14 18 94 43 91 19 66 89 69 79 41
60 62 72 45 71 51 96 3 87 33 72 17 88 60 93 9 79 21 77 44 35 67 35 41 21 69 40 39 9 63
76 14 9 28 69 59 3 97 44 30 28 58 68 37 6 70 81 39 20 65 89 58 33 52 84 93 97 52 5 43
42 48 46 11 9 85 71 11 51 50 62 88 57 81 33 87 57 93 18 15 52 77 37 45 32 49 28 60 72 9
8 96 54 90 13 84 51 44 10 89 64 74 20 70 65 18 63 98 16 58 36 54 47 41 65 72 32 73 56 90
60 93 15 79 33 41 61 88 88 72 60 55 90 6 16 67 97 66 32 56 38 10 36 25 90 19 85 85 55 26
7 2 18 59 65 32 52 51 22 72 11 95 37 22 15 73 30 21 2 70 27 88 42 75 16 86 33 97 32 27
41 41 97 57 19 42 50 39 10 40 96 39 50 65 96 75 71 16 55 54 92 70 27 35 42 71 44 15 16 70
76 74 54 91 74 42 83 77 19 48 59 75 80 4 24 88 73 75 57 20 39 95 75 94 26 29 60 32 29 93
69 6 89 93 43 86 46 49 17 22 89 92 59 34 18 83 30 77 79 34 52 26 55 74 92 11 37 59 19 80
53 91 59 5 22 60 98 27 33 81 18 79 51 93 37 85 83 55 52 10 75 45 68 7 18 60 36 59 78 62
20 42 1 49 11 23 31 67 22 56 34 54 7 17 83 72 9 84 42 24 3 55 69 99 28 86 64 8 26 66
94 94 85 56 94 49 29 90 81 7 95 85 85 76 43 92 75 38 59 50 55 94 7 78 16 90 33 86 71 83
75 52 95 53 44 19 4 87 65 38 55 89 37 95 2 37 61 44 20 96 42 62 52 62 36 34 38 70 28 67
92 6 62 97 7 76 33 12 79 96 82 34 46 16 19 85 97 37 52 48 93 16 93 55 46 4 21 11 19 16
99 84 59 79 12 25 88 69 55 3 29 14 69 60 94 40 3 44 10 38 47 48 59 29 61 86 9 74 30 81
59 84 97 61 99 58 58 84 37 44 90 97 33 6 39 37 9 88 58 16 4 88 16 82 22 15 23 82 64 76
68 14 41 9 20 57 26 30 75 88 4 51 57 10 63 67 71 74 75 12 14 38 4 79 47 39 46 7 41 20
51 16 68 82 47 29 21 30 70 28 85 15 61 54 64 95 33 38 37 56 12 75 62 19 86 29 96 12 47 84
37 78 71 97 4 44 74 14 31 1 55 75 32 65 2 40 80 11 3 36 10 3 61 63 42 55 48 66 51 45
29 43 1 28 73 65 32 27 41 93 56 2 66 78 15 92 81 56 40 68 68 9 54 52 25 31 52 15 92 66
9 33 38 39 59 21 18 45 5 26 57 7 63 85 57 91 84 38 8 51 49 56 93 54 25 74 10 88 70 67
34 13 63 24 19 99 39 29 90 2 43 75 42 33 80 6 92 63 40 67 72 67 71 16 58 3 37 47 87 58
9 11 3 22 2 55 40 24 28 32 90 82 42 29 91 95 85 2 46 30 15 84 53 92 16 86 70 38 24 31

Demandas:
0 1 0 0 0 0 0
0 1 0 0 0 0 0
0 0 0 0 0 0 1
0 0 0 0 0 1 0
0 0 0 0 0 0 1
0 0 1 0 0 0 0
0 0 1 0 0 0 0
1 0 0 0 0 0 0
0 1 0 0 0 0 0
0 0 0 1 0 0 0
1 0 0 0 0 0 0
0 1 0 0 0 0 0
0 0 1 0 0 0 0
0 0 0 0 0 1 0
0 0 0 0 0 1 0
0 0 0 0 0 0 1
0 0 0 0 0 1 0
1 0 0 0 0 0 0
0 0 1 0 0 0 0
0 1 0 0 0 0 0
0 0 0 0 1 0 0
0 0 0 0 0 1 0
0 0 0 1 0 0 0
0 1 0 0 0 0 0
0 0 1 0 0 0 0
0 0 0 0 1 0 0
0 0 0 0 0 1 0
1 0 0 0 0 0 0
0 0 0 0 0 1 0
0 0 0 1 0 0 0
0 1 0 0 0 0 0
0 0 0 1 0 0 0
1 0 0 0 0 0 0
0 0 0 0 0 1 0
0 0 0 0 0 0 1
0 0 0 0 1 0 0
0 0 1 0 0 0 0
0 1 0 0 0 0 0
0 0 0 0 1 0 0
0 0 0 1 0 0 0
0 0 0 0 0 0 1
0 0 1 0 0 0 0
0 0 0 0 0 0 1
1 0 0 0 0 0 0
0 0 0 0 1 0 0
0 0 0 0 0 1 0
0 0 0 0 0 1 0
0 0 0 0 0 1 0
1 0 0 0 0 0 0
0 1 0 0 0 0 0
0 0 0 0 1 0 0
0 0 0 1 0 0 0
0 0 0 0 1 0 0
1 0 0 0 0 0 0
0 0 0 0 0 0 1
0 1 0 0 0 0 0
0 0 0 0 1 0 0
1 0 0 0 0 0 0
0 0 0 0 0 1 0
0 0 0 0 1 0 0
0 0 0 1 0 0 0
0 0 1 0 0 0 0
0 0 0 0 1 0 0
0 0 1 0 0 0 0
0 1 0 0 0 0 0
0 0 0 0 1 0 0
0 0 0 0 1 0 0
1 0 0 0 0 0 0
0 0 0 1 0 0 0
0 0 0 1 0 0 0
0 0 0 0 0 1 0
0 0 0 0 1 0 0
0 0 1 0 0 0 0
0 0 0 1 0 0 0
0 0 1 0 0 0 0
0 1 0 0 0 0 0
0 0 1 0 0 0 0
0 0 1 0 0 0 0
0 0 0 1 0 0 0
0 0 0 0 0 1 0
0 0 0 0 0 0 1
0 0 0 0 0 1 0
0 1 0 0 0 0 0
0 0 0 0 0 0 1
0 0 0 0 1 0 0
0 0 1 0 0 0 0
0 0 0 0 1 0 0
0 0 0 0 1 0 0
0 1 0 0 0 0 0
0 0 1 0 0 0 0
0 0 1 0 0 0 0
0 0 1 0 0 0 0
1 0 0 0 0 0 0
0 0 1 0 0 0 0
0 0 0 0 0 1 0
0 0 1 0 0 0 0
1 0 0 0 0 0 0
0 0 0 0 0 0 1
0 0 1 0 0 0 0
0 0 0 1 0 0 0

Capacidades:
4 3 1 1 2 2 4
1 1 1 4 0 2 2
2 3 4 3 1 3 4
4 3 0 3 3 1 0
0 1 1 4 4 1 2
2 4 1 3 4 1 2
4 4 3 0 3 1 1
1 3 3 4 0 0 1
0 2 3 4 2 1 1
2 4 1 4 1 2 2
1 1 2 1 2 1 3
4 0 0 2 0 0 2
4 1 3 3 2 2 4
4 1 1 0 3 1 0
0 2 0 3 0 0 1
2 2 2 3 3 0 0
4 3 1 3 4 4 0
3 0 1 2 3 2 0
1 2 2 4 0 0 1
3 4 3 3 4 4 0
3 2 3 0 2 2 3
0 2 2 2 3 4 1
3 2 2 1 0 1 1
2 4 1 4 3 4 0
3 3 0 0 1 0 4
1 2 2 2 2 4 0
1 2 4 3 3 2 1
4 4 3 2 3 2 1
3 0 2 2 3 4 2
1 4 4 2 0 2 3
