m: 100
n: 30
k: 6

Distancias:
28 59 75 31 16 95 54 48 20 9 82 58 4 19 90 74 41 67 10 16 36 35 59 76 37 64 76 36 1 6
57 38 94 5 3 3 82 39 94 13 69 82 6 33 6 59 74 38 40 64 75 6 42 18 13 65 66 2 49 66
23 79 72 28 38 49 34 9 33 31 90 94 87 6 39 47 52 48 99 69 15 48 26 9 15 27 35 46 72 86
2 2 65 21 25 85 74 74 36 61 46 42 91 34 56 94 72 18 3 28 93 6 84 82 99 58 76 99 9 89
76 67 94 92 34 49 27 31 47 76 76 28 44 4 11 70 49 25 83 18 43 99 45 43 34 52 28 93 49 20
21 60 8 48 26 43 70 21 43 56 57 59 5 39 91 29 87 78 81 98 86 81 43 5 52 39 51 50 67 95
59 57 17 78 19 79 85 89 65 57 98 20 98 68 29 73 31 68 75 23 57 45 31 36 95 16 1 1 22 98
82 75 3 75 88 64 51 70 11 76 60 54 72 59 52 12 70 99 57 73 38 18 91 87 30 66 56 18 19 39
97 32 62 6 33 57 71 6 65 96 87 37 57 5 91 68 83 17 10 16 76 78 89 85 25 7 97 36 5 64
85 54 37 27 69 53 47 53 7 90 99 49 18 26 46 11 15 43 56 15 90 27 98 14 22 74 87 25 53 66
36 65 30 5 19 12 43 58 41 16 12 95 88 39 33 51 97 87 18 19 24 20 2 28 23 73 40 79 75 23
76 44 86 93 17 88 14 75 87 56 7 92 87 67 27 88 14 18 13 77 30 87 39 83 98 73 6 48 75 7
86 60 75 36 20 40 43 14 6 6 68 43 16 47 81 59 12 23 31 77 75 75 99 75 84 80 74 33 6 15
38 32 61 71 77 5 57 97 4 28 41 57 76 36 73 78 34 78 69 44 42 82 82 78 91 39 38 88 79 68
40 3 97 65 63 6 59 85 8 67 62 38 70 96 64 67 80 56 96 72 20 8 15 14 75 10 50 92 65 26
42 95 77 40 84 15 65 41 6 46 73 84 28 37 42 79 65 11 22 84 88 17 28 29 57 87 17 63 36 6
46 25 6 60 71 68 30 38 94 15 14 75 60 53 81 46 11 65 52 36 68 51 34 6 85 73 13 72 38 30
47 89 76 76 62 60 78 73 12 71 13 62 79 45 98 57 81 78 22 9 46 54 12 2 83 46 22 22 57 35
75 74 66 38 31 88 41 39 75 29 1 79 94 66 54 43 51 85 75 72 60 72 41 29 37 28 17 31 82 85
51 70 94 25 39 73 25 98 98 87 50 19 65 40 94 5 95 99 64 60 15 24 25 34 86 38 78 93 71 45
86 49 88 3 81 58 79 6 60 12 76 92 67 77 38 21 57 46 2 55 25 76 89 56 92 12 28 72 62 74
70 90 94 8 30 53 61 67 10 59 47 63 14 10 21 4 50 40 14 97 61 79 48 78 21 44 76 33 23 92
15 39 9 13 82 73 55 15 38 74 81 5 42 41 76 22 95 9 24 12 1 64 75 73 33 50 72 92 42 13
42 69 51 59 69 34 88 57 89 24 56 36 3 90 62 87 31 42 32 9 43 99 14 61 23 5 4 16 71 8
29 67 83 10 68 25 52 80 36 91 41 60 62 97 24 91 16 24 54 41 2 58 78 22 49 91 62 79 7 65
51 16 93 71 38 15 47 77 84 95 83 73 73 74 11 80 75 45 17 4 84 21 91 78 93 86 89 88 65 73
63 68 84 4 19 83 27 63 18 78 49 93 70 92 18 19 83 58 6 69 90 49 67 45 81 27 22 30 8 15
5 91 58 70 94 11 84 65 47 4 9 36 93 32 51 99 58 25 25 54 24 75 11 90 68 80 87 37 2 94
34 51 1 16 37 77 64 37 5 17 88 65 55 49 94 24 88 69 59 39 8 38 41 22 59 22 1 63 72 91
64 90 69 39 50 46 48 78 20 87 18 75 18 69 51 95 4 60 97 98 97 19 59 43 6 32 56 29 66 18
78 73 24 67 79 73 87 33 10 9 36 99 59 2 42 13 40 81 39 91 65 15 69 44 25 71 98 8 11 23
39 47 7 98 68 45 49 72 12 38 49 11 29 96 76 12 16 37 85 93 48 54 92 22 71 73 62 25 15 31
47 19 9 74 78 93 50 87 21 39 30 28 29 78 6 96 1 18 26 32 7 34 54 63 91 3 62 61 96 89
40 72 15 56 83 22 64 37 14 24 20 98 28 50 52 10 93 75 96 96 1 48 53 67 4 42 22 44 45 6
4 63 86 19 97 74 96 87 55 79 6 22 11 87 31 14 5 91 32 84 24 59 55 79 30 35 30 43 43 45
59 44 36 50 70 88 77 52 78 92 80 58 31 95 74 63 36 56 21 43 64 96 7 90 40 70 25 43 51 99
69 46 95 57 56 60 36 88 55 5 44 94 87 34 54 31 22 63 36 53 30 55 24 80 92 26 75 73 3 66
14 96 40 10 90 29 43 84 5 24 61 82 80 82 50 19 99 85 17 79 47 34 4 99 56 8 34 33 68 37
25 13 96 90 97 97 96 98 51 29 91 7 51 10 69 56 10 85 74 29 59 67 63 95 2 47 22 19 57 89
34 10 83 99 93 25 36 21 38 86 88 41 57 46 59 59 6 18 2 99 85 45 60 66 98 66 70 10 68 54
16 38 74 96 30 70 29 99 45 6 43 33 12 94 41 93 18 5 90 67 86 83 5 11 30 31 46 61 62 79
12 23 56 66 96 96 4 44 86 88 45 79 48 50 83 98 96 52 8 89 68 27 38 61 69 7 43 44 96 44
51 67 87 9 24 91 3 89 9 60 92 12 94 69 78 7 42 10 74 68 32 2 35 96 83 35 73 87 65 8
99 55 65 53 13 80 54 95 36 29 2 53 96 38 99 28 5 21 6 80 82 50 2 74 93 98 26 56 51 88
95 56 22 92 52 53 36 11 9 58 79 13 79 89 9 54 41 47 90 14 68 42 21 72 74 30 66 2 26 77
8 74 38 37 94 78 33 69 71 55 68 7 48 20 33 52 78 35 13 4 14 73 4 64 19 61 37 92 17 72
67 80 4 80 8 80 35 7 3 4 94 85 69 70 77 72 38 44 75 88 53 60 84 98 49 84 40 87 59 45
70 49 99 1 24 21 21 93 1 74 36 78 43 92 17 77 19 20 77 32 6 25 6 86 43 80 64 51 26 36
14 17 32 12 53 40 43 31 31 35 8 90 65 68 47 81 95 63 25 83 57 5 23 8 90 72 35 60 36 6
28 78 13 31 78 24 93 86 87 85 71 68 12 55 96 44 80 6 47 66 42 95 76 93 9 93 24 23 87 44
70 36 48 25 36 21 90 18 83 86 23 15 51 39 45 52 16 62 17 45 25 5 80 80 43 42 46 49 7 87
67 96 70 77 34 25 35 74 20 74 8 85 42 8 88 71 30 93 93 71 58 58 6 44 32 10 80 54 92 67
81 28 23 10 77 79 93 7 73 89 29 39 83 89 89 30 71 17 5 46 35 23 6 41 36 35 98 54 19 37
43 27 13 76 86 6 33 29 32 78 51 15 28 97 9 19 61 89 2 22 46 98 21 28 77 36 41 67 12 17
4 86 9 89 53 35 29 9 67 80 6 26 52 84 74 23 50 37 67 6 84 12 43 89 28 38 98 59 36 28
29 17 10 16 34 28 67 58 11 37 99 6 34 50 73 98 2 52 26 91 21 79 17 53 52 86 46 77 53 15
99 10 28 18 50 33 9 94 61 70 4 34 73 60 72 58 71 67 71 1 17 25 47 84 41 45 42 66 79 10
68 53 61 74 44 51 88 99 62 67 33 97 24 39 81 68 68 92 37 92 39 26 70 94 48 82 16 8 94 55
62 90 93 8 24 95 91 24 76 51 89 38 25 31 16 8 32 1 70 93 50 47 68 90 26 28 6 55 96 21
28 11 36 89 38 61 6 56 33 54 80 54 44 60 41 9 58 63 33 72 57 70 81 37 8 30 64 85 96 61
42 17 29 83 94 82 67 32 50 91 4 32 2 34 27 74 73 24 11 65 49 13 15 18 11 85 9 87 35 23
94 95 19 96 7 41 73 51 25 52 76 43 72 84 77 16 95 18 97 93 55 27 50 57 6 99 24 37 81 9
61 49 67 3 56 45 28 4 88 95 97 33 51 6 33 81 99 59 43 19 75 58 40 38 80 64 48 4 67 2
58 86 88 52 18 65 8 60 27 29 47 87 94 12 63 88 14 10 37 95 65 72 72 80 21 45 45 95 21 7
85 21 52 7 30 76 80 75 82 25 87 91 24 9 79 37 47 64 27 7 39 47 54 64 60 35 26 83 31 31
82 76 84 1 45 61 92 47 63 15 81 55 50 75 9 78 33 9 5 54 59 84 1 35 41 50 64 24 44 11
90 28 22 80 82 12 78 16 89 12 34 47 96 85 18 57 8 1 58 89 41 19 49 20 50 15 60 28 49 63
91 49 55 27 2 69 45 92 16 69 46 3 95 5 25 66 7 75 34 34 24 90 18 8 5 81 94 10 8 94
30 33 12 98 43 19 2 78 64 58 56 69 95 4 67 8 43 50 65 13 29 50 58 79 28 89 77 55 19 94
66 1 32 43 85 6 11 42 7 94 36 9 64 80 43 42 46 53 49 6 38 7 63 86 11 73 56 12 61 18
1 25 6 17 42 79 44 84 87 15 25 12 67 48 51 46 32 24 90 9 79 1 81 67 83 50 92 41 51 7
50 64 74 90 31 13 22 64 60 51 9 21 40 30 60 8 50 98 72 56 27 51 78 24 29 30 79 24 18 85
40 43 44 70 91 80 23 59 32 85 70 93 63 93 60 23 12 22 99 67 45 78 36 58 31 71 29 1 21 14
28 30 54 89 87 36 94 48 92 4 98 86 74 43 14 46 35 70 91 54 58 66 81 28 53 87 10 50 4 47
41 4 94 28 34 17 38 4 12 57 90 52 73 87 81 43 33 17 93 6 29 60 21 9 53 13 41 32 19 56
72 26 20 53 17 90 51 21 29 92 6 80 64 44 58 44 94 34 61 23 39 59 52 91 63 15 58 28 87 61
21 81 38 56 36 26 3 74 39 43 25 84 37 9 2 92 48 26 19 61 59 89 90 88 95 16 69 21 91 85
22 15 6 88 52 68 94 5 7 84 36 39 40 89 21 56 61 34 79 45 38 50 99 76 59 68 8 39 58 65
58 55 45 67 41 3 46 20 70 10 77 12 86 15 64 14 39 40 2 66 94 4 88 13 71 63 44 88 57 92
48 42 15 43 34 28 94 81 55 74 74 94 7 32 69 55 62 54 16 43 15 8 66 8 61 85 69 38 79 78
51 9 41 16 60 48 70 63 15 21 41 54 40 23 57 91 83 41 44 75 46 7 91 93 47 46 63 38 19 57
61 11 3 30 85 57 43 86 59 6 70 54 14 97 56 64 84 78 71 40 82 99 10 19 56 95 92 25 33 31
68 12 34 8 94 15 16 61 81 83 41 32 81 34 74 82 36 44 6 89 91 83 65 60 93 90 52 57 78 80
65 71 85 9 19 82 85 42 28 13 86 73 9 79 8 40 30 78 70 14 98 51 47 75 41 82 47 55 35 80
29 50 49 93 1 36 57 15 87 96 20 94 63 79 38 30 45 37 95 27 42 77 84 98 73 42 37 6 85 38
63 46 57 69 93 30 63 78 53 67 88 82 78 13 80 99 9 15 60 99 79 77 15 23 7 72 71 95 25 30
90 59 83 7 37 27 99 89 86 62 8 3 93 21 2 23 95 20 90 24 15 68 24 42 75 98 44 27 94 17
22 71 5 39 46 55 86 41 65 76 17 62 2 17 63 82 92 78 5 95 91 31 63 77 6 29 11 93 81 89
12 75 31 10 59 50 3 47 93 55 73 98 61 80 82 2 51 95 38 81 33 9 93 57 93 25 51 41 70 59
96 9 6 71 99 24 53 3 66 28 59 6 23 69 50 43 6 98 76 39 39 3 93 86 99 51 49 39 79 32
20 97 48 83 22 13 72 55 20 45 20 21 58 41 29 97 20 83 53 77 55 14 25 17 84 15 48 6 43 20
7 97 92 74 76 19 65 3 71 52 55 85 95 66 4 57 24 35 99 35 87 93 39 72 70 59 34 54 5 65
22 49 23 9 84 35 33 40 61 40 50 35 75 70 66 37 30 59 39 30 46 59 78 61 94 46 88 79 74 64
90 27 26 3 39 99 41 34 86 70 21 63 9 61 68 76 87 9 42 77 81 18 84 85 43 32 19 39 92 35
65 54 88 89 65 12 40 52 26 20 83 79 98 50 3 45 24 17 91 85 2 13 71 10 3 37 30 58 69 80
20 38 85 69 86 52 38 45 67 3 23 9 59 16 24 67 10 24 50 89 33 32 60 78 92 14 47 6 45 1
57 5 5 66 35 86 51 46 3 13 12 73 49 88 79 99 41 10 14 54 63 11 86 36 15 8 61 49 43 85
79 44 66 92 3 96 44 48 19 29 28 86 62 21 12 34 98 98 75 65 42 54 14 60 75 20 27 30 90 17
36 26 82 12 54 59 71 93 11 77 72 67 81 36 38 86 53 65 9 41 56 77 19 63 75 47 98 94 86 95
62 99 6 44 97 5 89 29 82 13 61 72 64 4 49 44 35 36 12 81 5 96 77 18 58 82 20 87 2 10

Demandas:
0 1 0 0 0 0
0 0 0 0 1 0
0 0 1 0 0 0
0 0 0 0 0 1
0 0 0 0 0 1
0 0 0 0 1 0
0 0 0 0 1 0
0 0 1 0 0 0
1 0 0 0 0 0
0 0 1 0 0 0
1 0 0 0 0 0
1 0 0 0 0 0
0 1 0 0 0 0
1 0 0 0 0 0
1 0 0 0 0 0
0 0 0 1 0 0
0 1 0 0 0 0
1 0 0 0 0 0
0 0 0 0 0 1
1 0 0 0 0 0
0 0 1 0 0 0
0 1 0 0 0 0
0 0 1 0 0 0
0 0 0 0 0 1
0 0 0 0 0 1
0 0 0 1 0 0
0 0 0 1 0 0
0 0 1 0 0 0
0 0 0 0 1 0
0 0 0 1 0 0
0 1 0 0 0 0
0 0 1 0 0 0
1 0 0 0 0 0
0 0 1 0 0 0
0 0 0 1 0 0
0 0 1 0 0 0
1 0 0 0 0 0
0 0 0 0 0 1
0 0 0 0 0 1
0 0 0 0 0 1
0 0 1 0 0 0
0 1 0 0 0 0
0 1 0 0 0 0
0 1 0 0 0 0
0 0 1 0 0 0
0 0 0 0 1 0
0 0 0 0 0 1
0 0 0 1 0 0
0 0 0 1 0 0
0 0 0 0 1 0
0 0 0 0 1 0
0 0 1 0 0 0
0 0 1 0 0 0
0 0 1 0 0 0
1 0 0 0 0 0
0 0 0 0 0 1
0 0 0 0 1 0
0 0 0 0 1 0
0 1 0 0 0 0
0 0 0 0 0 1
0 0 0 0 0 1
0 1 0 0 0 0
0 0 1 0 0 0
0 0 0 0 1 0
1 0 0 0 0 0
0 0 0 0 1 0
0 0 0 0 0 1
0 0 1 0 0 0
0 0 0 0 1 0
0 0 0 1 0 0
0 0 0 0 1 0
0 1 0 0 0 0
1 0 0 0 0 0
1 0 0 0 0 0
0 0 0 0 0 1
0 0 0 1 0 0
0 0 0 1 0 0
1 0 0 0 0 0
0 0 0 0 1 0
0 0 0 0 0 1
1 0 0 0 0 0
1 0 0 0 0 0
0 0 1 0 0 0
1 0 0 0 0 0
0 1 0 0 0 0
0 0 0 0 0 1
0 0 0 0 0 1
0 0 0 0 0 1
0 0 1 0 0 0
0 0 0 0 0 1
1 0 0 0 0 0
0 1 0 0 0 0
0 0 0 1 0 0
0 0 0 0 1 0
0 1 0 0 0 0
0 1 0 0 0 0
0 0 0 0 1 0
1 0 0 0 0 0
1 0 0 0 0 0
0 0 0 1 0 0

Capacidades:
0 0 1 4 3 3
1 0 3 1 4 3
4 0 1 0 2 2
2 2 2 3 2 2
2 1 4 1 2 3
2 2 0 2 4 0
2 3 2 2 1 0
1 1 4 2 2 3
4 4 2 1 3 4
4 1 2 3 4 0
1 2 4 2 3 2
3 3 1 3 4 0
4 1 0 2 4 1
2 1 4 0 1 4
4 4 4 0 3 2
2 1 3 3 1 4
2 4 1 1 2 1
1 2 4 1 1 2
2 4 3 0 0 1
4 2 1 4 3 0
1 2 2 0 4 0
3 1 1 0 2 0
1 3 1 0 3 1
1 4 3 4 0 4
2 2 0 2 3 1
4 1 0 2 1 0
4 0 4 3 0 0
4 1 3 4 1 4
3 4 0 4 4 3
4 4 4 1 0 2
