m: 100
n: 30
k: 7

Distancias:
77 3 65 46 17 9 74 74 3 45 78 90 37 34 1 47 58 42 86 53 47 32 16 35 71 23 90 2 85 23
27 90 66 31 7 82 72 84 18 15 13 81 25 89 72 9 23 4 78 62 7 66 56 56 90 67 45 91 55 1
58 2 58 91 1 38 87 90 41 78 74 54 88 23 99 54 23 12 4 12 25 1 89 66 45 46 6 80 45 54
11 67 64 63 80 81 14 13 69 65 74 79 44 10 61 85 59 34 48 10 18 1 20 68 59 31 83 48 96 71
10 22 89 40 51 22 36 40 48 98 60 23 77 50 82 7 94 88 34 82 15 19 89 17 33 4 7 35 16 3
96 49 71 86 9 64 37 97 82 36 9 85 69 53 70 23 70 41 57 82 99 2 85 88 75 32 33 98 10 54
1 19 64 75 58 89 84 32 9 63 81 64 56 51 21 83 93 21 78 85 63 92 62 36 64 47 58 92 91 42
11 61 71 46 34 85 15 25 20 24 59 1 68 77 91 64 10 20 42 41 51 4 88 53 35 39 96 83 7 11
78 44 74 24 82 39 31 80 7 63 14 51 3 8 80 19 58 97 87 15 10 83 68 61 24 15 21 51 39 76
56 19 63 91 64 56 60 98 67 12 38 74 8 87 38 23 78 4 71 58 4 42 38 18 8 54 38 78 78 41
80 12 92 57 78 51 40 99 73 83 5 86 67 33 45 1 94 29 4 27 63 5 8 85 81 2 9 54 88 7
26 36 96 62 7 57 72 15 50 18 16 13 34 46 47 74 68 61 52 94 77 10 4 21 4 80 13 37 13 42
4 41 8 75 78 56 82 23 52 1 8 30 32 51 3 28 71 28 59 74 64 2 15 3 99 30 55 11 39 46
31 24 26 43 98 19 67 89 78 51 7 79 91 16 77 25 9 18 41 7 9 42 56 15 13 49 59 38 88 65
25 34 43 32 24 56 54 43 87 33 71 69 58 90 2 89 55 22 26 83 61 81 87 89 57 83 20 32 52 55
87 56 90 28 77 63 27 25 9 5 10 20 20 35 59 54 72 38 93 76 95 87 4 76 4 72 13 68 57 77
33 70 52 53 5 62 86 27 11 72 93 31 45 22 18 59 83 60 15 2 86 37 95 8 1 42 6 33 9 95
60 61 59 12 63 16 91 55 45 40 90 16 22 59 78 49 32 1 48 46 59 54 12 38 83 1 88 43 69 33
74 19 79 62 15 12 59 40 20 80 65 99 77 13 34 48 79 44 5 58 33 20 12 30 91 17 64 17 70 34
56 6 5 77 32 59 76 39 88 95 45 54 73 88 93 70 92 92 35 23 52 29 35 71 32 17 48 59 65 89
18 81 71 17 6 52 67 65 64 53 25 81 36 40 37 3 85 45 79 28 70 4 9 44 7 27 91 18 83 14
9 95 33 23 62 9 50 70 28 29 3 46 90 3 25 27 73 8 19 65 34 16 96 48 87 40 85 8 5 11
32 76 11 96 84 34 43 40 82 4 76 75 27 9 11 97 30 14 14 11 67 27 96 35 56 66 6 15 50 23
59 63 7 15 64 34 12 97 7 83 8 44 59 98 99 41 26 10 53 53 76 16 79 36 34 65 30 49 52 73
11 28 85 45 27 80 49 91 8 74 54 81 66 34 77 23 71 70 97 16 58 57 93 45 8 54 65 83 38 91
19 91 66 40 28 63 2 29 39 41 64 95 14 48 78 27 45 18 13 86 76 66 5 34 43 84 68 53 18 61
5 27 65 17 51 36 90 83 72 39 96 21 13 57 80 57 73 49 87 15 70 15 35 33 9 96 37 18 72 83
50 5 8 6 37 80 58 51 64 53 2 89 11 39 79 4 54 96 18 60 19 18 77 37 38 75 77 80 92 79
68 14 34 95 69 81 86 31 30 10 15 61 83 59 81 69 57 33 97 29 71 57 60 1 63 2 19 76 84 11
27 20 72 95 35 93 77 17 59 9 75 96 4 26 50 68 34 68 3 55 24 46 99 37 25 89 19 60 4 98
99 72 84 10 4 41 70 62 22 95 73 2 74 29 50 8 40 95 54 47 5 39 37 53 61 2 85 35 13 53
51 38 5 58 58 65 93 41 19 39 72 82 13 87 9 34 86 98 58 25 75 31 76 8 69 8 51 29 60 82
63 39 47 19 20 79 26 3 11 72 35 3 33 67 7 47 33 10 54 62 67 2 90 47 70 32 82 78 45 81
77 32 53 57 64 69 70 77 70 34 36 78 50 65 53 91 80 27 15 98 66 93 68 16 30 24 15 89 76 16
53 44 17 36 8 48 55 9 30 82 97 1 3 84 12 67 62 17 18 37 29 96 70 62 8 47 9 66 33 34
59 77 97 7 13 1 68 25 50 66 45 14 69 65 89 35 53 83 12 56 87 41 68 75 63 56 76 39 16 57
2 48 23 17 66 89 76 17 36 92 99 53 31 48 71 50 55 44 45 37 62 37 61 22 80 92 69 99 16 84
19 45 60 12 32 66 61 37 80 60 22 82 79 69 56 82 87 36 14 37 47 7 65 98 35 83 19 43 96 15
11 31 32 44 78 42 44 99 46 99 18 33 58 1 27 22 37 45 6 80 63 18 36 62 46 83 3 6 83 71
13 27 14 32 89 47 21 92 43 58 58 38 87 14 8 29 66 91 49 83 32 3 49 65 74 54 75 27 70 99
48 68 10 69 31 16 15 82 53 52 59 97 93 36 32 10 82 74 66 82 5 18 90 7 83 49 65 59 49 47
87 26 53 64 72 97 15 80 45 4 89 76 77 96 28 13 61 9 47 43 94 44 57 81 90 59 84 27 15 12
41 8 64 8 49 31 57 28 11 37 24 96 50 43 37 85 24 11 49 4 17 31 53 13 85 79 26 20 39 6
48 41 55 47 30 74 90 80 12 44 61 48 63 70 8 29 95 57 74 10 51 59 13 60 69 80 90 45 60 69
89 94 35 43 85 22 33 39 18 34 56 8 1 72 84 41 59 86 21 62 29 38 64 76 66 19 70 61 3 2
89 92 53 5 72 49 8 39 64 55 25 33 48 9 9 63 29 70 23 63 20 33 71 79 61 60 27 67 24 55
45 60 95 41 91 46 52 6 96 11 40 93 92 94 31 10 15 51 79 87 68 37 90 60 49 86 44 27 50 14
21 6 84 14 14 43 60 66 70 39 24 12 4 26 52 5 36 82 46 59 89 31 47 81 99 12 66 85 61 82
6 71 62 6 23 96 45 34 74 22 63 82 86 54 18 52 65 80 84 14 92 95 92 5 52 57 16 76 91 94
25 74 64 6 23 5 94 36 41 56 7 55 57 77 80 4 87 54 87 63 19 78 90 28 58 26 22 65 66 81
33 94 15 49 43 51 36 60 56 75 1 57 74 48 97 15 96 92 75 81 54 75 3 95 90 92 99 11 1 51
3 40 33 4 49 64 70 78 17 50 87 20 97 1 65 13 4 40 4 85 65 6 17 56 26 90 46 59 18 1
67 85 50 52 17 93 69 76 66 60 12 16 12 95 44 99 41 25 16 22 20 53 37 85 57 35 82 3 28 99
41 13 70 4 31 75 43 14 58 52 54 77 98 35 62 94 19 1 86 85 23 58 82 62 43 54 24 3 96 58
89 73 3 92 2 41 3 38 21 90 52 74 32 49 34 60 45 70 38 87 82 93 72 58 60 39 99 31 86 19
5 35 86 12 6 20 13 60 28 28 77 59 78 50 10 20 58 35 19 87 42 22 96 25 85 41 19 56 14 43
77 5 38 19 56 62 71 75 68 42 45 98 20 23 95 39 62 30 69 1 90 21 61 33 12 36 39 60 88 69
85 59 34 51 42 28 32 28 80 21 55 36 61 94 55 68 31 40 88 10 79 13 6 8 26 66 80 81 69 19
33 28 28 78 52 28 25 20 30 34 47 19 34 28 56 80 62 45 99 36 60 91 73 56 85 79 13 27 20 9
49 34 10 10 13 21 89 48 7 25 31 41 94 26 15 83 33 4 86 88 65 80 69 88 56 65 76 55 23 8
38 51 32 5 6 18 11 95 10 5 3 86 72 9 39 97 13 91 33 57 41 41 82 60 91 83 38 48 39 26
27 64 1 21 5 25 18 41 23 11 92 48 15 76 65 94 31 64 32 9 99 32 58 28 80 54 58 92 93 8
6 68 81 40 71 4 16 18 2 15 39 15 15 82 85 67 60 63 43 32 18 19 43 30 14 48 40 92 70 59
59 43 74 4 47 90 28 4 42 46 15 7 12 74 34 24 7 24 69 46 94 44 79 29 19 91 57 95 27 28
70 76 84 95 68 36 78 21 80 78 91 32 23 24 26 67 25 28 16 70 11 29 10 69 15 51 63 92 90 69
54 26 14 47 46 57 2 38 54 27 39 78 64 14 69 48 4 1 90 47 6 30 94 67 66 62 25 88 31 66
8 63 7 45 2 63 66 90 57 99 79 90 49 23 45 94 62 65 65 73 61 55 14 70 86 52 14 32 14 18
6 67 85 30 76 25 24 46 91 63 25 43 45 22 52 31 16 11 47 94 41 41 87 11 28 3 47 44 26 94
89 95 23 36 58 59 57 61 14 52 28 81 60 56 61 17 21 91 80 10 58 99 8 63 73 64 9 31 69 95
57 1 6 86 96 89 85 70 29 23 64 30 98 97 80 55 57 21 83 52 33 42 7 47 64 90 62 1 96 24
99 68 86 77 40 18 17 83 74 18 59 40 49 79 13 50 74 22 7 93 54 48 1 25 54 66 6 70 42 18
37 88 94 47 13 23 69 6 12 74 78 19 23 72 30 52 49 43 5 93 29 38 33 99 62 34 44 60 54 93
92 67 39 85 46 21 91 71 47 23 77 77 82 96 71 18 80 33 18 57 11 81 71 74 45 62 95 22 60 8
60 84 72 44 51 84 17 79 49 48 28 64 14 90 72 96 64 11 18 29 91 29 84 33 84 48 37 88 34 13
27 81 60 92 64 81 39 82 53 87 79 38 47 50 39 74 9 96 85 1 19 89 35 28 87 78 7 24 8 75
39 71 78 87 52 50 47 31 99 17 92 7 16 57 78 38 73 64 53 50 59 7 76 28 11 22 28 46 14 33
23 68 96 14 80 69 66 60 99 73 38 27 51 62 32 83 80 70 7 21 22 81 66 12 16 10 70 48 57 62
44 73 34 96 89 54 11 95 68 96 64 45 26 96 68 22 2 18 2 66 73 51 4 74 84 71 25 84 97 8
70 9 21 70 46 42 65 97 35 45 54 75 7 21 44 15 90 10 73 91 24 18 15 81 33 22 15 93 2 53
31 25 41 52 11 34 61 60 61 76 62 18 21 1 72 34 56 31 62 83 17 28 19 12 23 18 26 22 18 55
68 99 11 35 90 88 66 53 89 98 80 66 46 77 72 65 83 60 88 43 82 82 73 26 72 54 86 30 65 87
43 41 13 96 18 35 25 56 11 95 86 32 42 28 52 17 66 88 74 61 86 25 33 62 13 97 20 12 59 5
88 41 57 48 98 11 21 36 5 17 2 78 27 95 47 13 49 86 94 10 68 78 28 56 34 75 84 77 93 12
43 37 51 72 40 37 65 3 85 79 73 97 23 85 9 48 27 83 35 99 95 33 10 14 72 57 62 93 48 68
67 15 18 11 85 88 77 7 53 9 14 8 29 22 90 89 50 2 73 52 31 2 34 94 59 69 59 46 8 3
39 68 65 95 96 46 54 23 39 92 71 52 75 99 53 69 15 87 68 85 39 95 91 27 23 54 66 97 65 54
59 68 50 44 96 89 70 3 44 94 34 86 85 97 69 42 59 5 57 6 47 60 56 29 77 67 32 83 46 99
21 64 61 78 48 99 61 26 36 10 52 28 41 7 57 70 5 28 28 45 49 23 56 10 23 21 33 17 95 89
73 54 54 63 75 44 3 92 63 37 7 46 34 35 22 84 89 33 39 94 94 22 41 75 39 32 38 88 95 52
27 83 43 20 70 12 13 76 48 60 78 85 89 7 99 63 34 43 94 8 40 4 38 87 14 75 46 31 30 50
21 40 37 73 10 44 45 60 65 93 26 32 66 95 54 27 78 22 53 20 98 5 77 3 34 39 30 44 81 51
40 4 66 43 43 20 96 19 1 71 94 45 40 19 7 62 97 68 91 22 56 6 54 24 33 69 77 99 13 1
36 24 41 14 14 82 95 19 27 47 56 40 48 19 38 37 25 96 18 13 75 88 46 48 83 39 14 39 10 36
50 34 55 89 53 26 25 86 64 43 34 53 57 50 27 33 36 72 29 31 48 19 43 26 62 92 14 39 25 79
20 18 73 27 50 61 43 74 31 63 56 53 41 17 65 57 9 66 17 72 45 83 83 49 85 57 2 24 23 40
15 28 9 23 63 2 21 2 35 41 84 67 82 64 49 75 33 74 49 86 18 82 84 19 16 90 95 83 78 36
93 47 20 42 1 56 57 97 93 32 72 54 33 42 14 20 53 83 47 49 26 73 13 13 63 20 4 13 69 51
11 93 16 45 25 9 1 4 47 38 4 71 2 74 18 2 7 87 38 21 73 56 77 14 13 60 22 99 86 7
37 52 39 86 94 53 50 48 44 2 58 31 71 76 86 15 2 95 2 95 6 74 51 9 98 32 70 63 28 95
25 16 64 44 36 70 85 43 20 71 74 76 74 63 93 63 46 37 90 5 99 98 39 94 49 59 35 76 8 9

Demandas:
0 0 0 0 1 0 0
0 0 0 0 1 0 0
0 1 0 0 0 0 0
0 0 0 0 0 1 0
0 1 0 0 0 0 0
0 1 0 0 0 0 0
0 0 0 1 0 0 0
0 0 1 0 0 0 0
0 1 0 0 0 0 0
0 0 0 0 1 0 0
1 0 0 0 0 0 0
1 0 0 0 0 0 0
0 0 0 1 0 0 0
0 1 0 0 0 0 0
1 0 0 0 0 0 0
0 0 0 0 1 0 0
0 0 0 0 1 0 0
0 0 0 0 1 0 0
0 0 0 0 0 1 0
0 1 0 0 0 0 0
0 0 0 0 0 0 1
0 0 0 1 0 0 0
0 0 0 0 1 0 0
0 1 0 0 0 0 0
0 0 0 1 0 0 0
0 0 1 0 0 0 0
0 0 0 1 0 0 0
1 0 0 0 0 0 0
0 1 0 0 0 0 0
0 0 0 0 1 0 0
0 0 0 0 0 0 1
0 0 1 0 0 0 0
0 0 0 1 0 0 0
0 0 1 0 0 0 0
0 0 1 0 0 0 0
0 0 1 0 0 0 0
0 0 0 0 1 0 0
0 1 0 0 0 0 0
0 1 0 0 0 0 0
1 0 0 0 0 0 0
0 0 0 0 0 1 0
0 1 0 0 0 0 0
0 0 0 0 1 0 0
1 0 0 0 0 0 0
0 1 0 0 0 0 0
0 0 1 0 0 0 0
1 0 0 0 0 0 0
0 0 0 0 0 1 0
0 0 0 1 0 0 0
0 0 0 0 0 1 0
0 1 0 0 0 0 0
0 0 0 0 1 0 0
1 0 0 0 0 0 0
0 0 0 0 1 0 0
0 0 1 0 0 0 0
0 0 0 0 0 0 1
0 0 0 1 0 0 0
0 0 0 1 0 0 0
0 0 0 0 0 1 0
0 0 0 1 0 0 0
0 0 0 0 1 0 0
0 0 0 0 0 0 1
0 0 0 0 0 0 1
0 0 0 0 0 1 0
0 0 0 0 0 1 0
0 0 0 0 0 1 0
0 0 0 0 0 1 0
0 1 0 0 0 0 0
0 0 1 0 0 0 0
1 0 0 0 0 0 0
0 0 0 1 0 0 0
0 0 0 0 1 0 0
0 0 0 0 1 0 0
0 0 1 0 0 0 0
0 0 1 0 0 0 0
0 0 1 0 0 0 0
0 0 0 0 0 1 0
0 0 0 0 0 1 0
0 1 0 0 0 0 0
0 0 0 0 0 1 0
0 0 0 0 0 1 0
0 1 0 0 0 0 0
0 0 0 0 1 0 0
0 0 0 1 0 0 0
0 0 0 0 0 1 0
0 0 0 0 1 0 0
0 0 0 0 1 0 0
0 0 0 0 1 0 0
0 0 1 0 0 0 0
0 1 0 0 0 0 0
0 1 0 0 0 0 0
0 0 0 1 0 0 0
0 0 0 0 0 0 1
0 1 0 0 0 0 0
0 0 0 0 0 1 0
0 0 0 0 1 0 0
0 1 0 0 0 0 0
0 0 0 0 0 1 0
0 0 0 0 1 0 0
0 0 0 1 0 0 0

Capacidades:
4 1 1 4 2 3 4
3 1 2 0 1 1 4
2 1 4 3 1 0 3
3 0 0 2 2 4 0
1 4 4 0 1 4 2
3 1 2 4 1 0 0
4 1 1 4 0 3 4
0 2 2 1 0 3 2
3 3 3 3 3 0 4
4 2 4 1 2 1 2
3 2 2 1 4 3 1
4 4 0 0 2 4 1
4 2 2 1 0 1 3
1 4 2 4 4 2 3
1 3 3 0 3 3 3
2 0 2 1 2 4 3
0 1 4 3 3 0 0
0 3 1 4 1 2 4
0 1 1 4 3 2 3
4 0 4 0 2 4 0
1 1 1 2 1 2 0
0 2 2 0 2 1 4
1 4 3 3 3 1 4
3 2 3 0 1 0 0
3 3 0 3 0 2 4
4 3 3 1 1 2 4
3 1 3 0 4 0 0
3 0 2 2 0 3 4
1 4 4 2 0 0 3
1 4 2 4 2 0 0
