m: 250
n: 75
k: 7

Distancias:
54 93 47 10 17 62 89 47 78 18 71 73 53 78 88 86 17 26 46 2 42 45 30 63 41 69 56 10 4 87 30 64 64 34 70 51 37 85 6 81 50 19 79 36 97 37 78 59 99 55 23 36 2 94 72 23 22 69 90 32 13 82 32 87 78 83 54 98 35 40 99 46 9 50 92
69 13 32 99 22 11 84 46 44 7 36 63 17 49 61 31 96 50 37 71 43 43 24 75 70 48 6 3 59 36 81 58 12 38 60 84 49 81 3 45 84 62 50 6 26 39 52 84 82 83 71 43 45 12 25 59 36 13 86 54 46 87 78 51 42 93 77 84 1 15 83 35 24 97 33
27 69 42 18 85 51 95 56 48 54 10 22 69 9 4 80 54 17 57 21 27 3 87 43 82 55 43 12 12 41 41 15 94 85 39 58 92 2 57 28 4 12 37 15 65 80 95 46 37 10 54 29 40 78 25 91 4 77 73 72 83 53 67 85 15 20 33 59 12 46 82 8 27 78 99
11 21 30 64 14 2 96 59 37 57 93 24 14 27 61 56 12 22 80 72 90 93 23 55 22 85 16 85 20 10 83 10 85 16 21 75 13 11 61 63 68 60 16 20 82 12 31 18 24 83 67 80 97 78 80 96 90 72 3 1 70 88 47 61 35 51 29 13 51 19 99 54 74 30 98
22 30 26 37 21 94 37 72 62 97 25 71 29 97 31 11 29 18 41 73 82 20 81 1 68 46 16 30 13 73 41 7 10 83 61 10 14 84 5 60 8 77 25 95 10 63 62 40 38 76 10 52 51 69 3 37 41 6 58 68 25 71 70 47 32 80 77 39 34 35 72 58 19 8 7
12 34 44 40 85 89 30 24 4 54 89 1 39 69 68 22 21 73 20 22 45 97 81 65 62 58 28 67 73 90 67 19 33 23 22 63 47 13 20 65 99 71 30 12 55 61 43 26 91 62 7 75 99 69 40 94 5 41 75 92 33 74 14 35 29 2 60 36 11 5 54 36 62 27 87
98 88 94 38 29 9 55 72 83 59 43 65 36 58 99 47 17 33 19 31 55 24 20 70 45 23 49 15 27 13 27 17 55 1 36 47 76 42 73 10 23 71 70 90 35 66 20 40 57 28 82 16 62 25 85 19 71 35 29 69 25 42 5 84 3 92 77 70 78 4 40 84 9 81 34
65 4 87 4 99 77 97 4 24 32 45 40 31 88 20 83 69 4 37 21 38 64 91 95 63 75 54 37 89 76 4 45 67 42 5 40 75 99 19 14 96 86 49 4 8 57 78 3 52 76 55 51 73 70 7 16 19 84 53 59 30 47 69 16 80 51 68 97 23 28 71 20 32 48 76
40 62 25 92 45 87 30 9 52 41 86 66 12 67 63 58 66 9 35 75 37 80 60 31 9 16 53 51 98 17 81 36 39 42 9 31 43 2 27 81 98 47 78 81 70 46 36 64 93 87 86 10 84 39 64 3 4 32 98 41 55 22 53 3 88 96 52 40 42 90 50 4 23 33 35
24 70 5 1 43 86 2 79 45 71 86 30 92 91 79 29 44 66 94 51 51 7 54 52 3 39 8 79 22 81 63 33 59 55 52 59 34 48 48 88 48 9 82 45 64 23 99 43 10 47 60 94 18 12 55 88 63 31 21 31 24 83 67 99 2 24 88 74 16 11 7 23 83 13 56
81 31 14 83 38 66 2 23 62 16 35 37 7 36 91 35 5 74 50 18 80 11 40 82 21 16 84 85 65 25 73 29 27 94 53 96 12 85 74 37 41 98 74 51 16 14 41 7 72 85 9 67 10 58 10 78 7 34 96 81 44 48 62 50 18 98 98 1 47 79 56 9 46 37 58
32 13 91 23 95 93 42 60 22 66 48 62 42 50 54 42 67 60 22 78 29 15 24 17 15 55 7 56 15 56 89 78 20 96 48 98 42 52 80 55 6 55 15 87 40 96 15 24 9 26 95 77 57 56 32 90 67 99 45 92 15 57 46 12 67 35 78 93 49 2 21 31 39 32 12
87 53 33 11 51 33 63 31 88 13 88 1 65 56 81 82 80 71 88 63 41 3 70 98 44 44 48 8 31 32 94 26 85 75 21 68 25 75 84 18 33 57 59 58 19 97 11 73 39 80 38 93 39 4 7 83 85 8 12 14 20 96 38 20 63 49 86 88 45 25 62 7 56 89 83
5 15 93 76 99 46 2 51 32 38 3 4 78 51 43 4 34 22 64 95 52 98 96 13 52 51 49 52 24 86 60 77 15 85 43 69 27 52 36 48 44 31 5 67 30 29 65 42 34 37 65 92 80 77 17 16 26 56 29 30 57 26 4 46 11 49 52 21 70 73 86 98 15 69 31
62 99 83 70 95 36 5 1 86 64 2 45 34 22 4 72 36 61 64 14 8 46 26 71 50 85 28 78 62 37 62 10 9 77 73 88 44 70 64 4 32 10 19 10 40 21 87 92 57 62 34 16 43 17 63 82 5 3 84 90 51 45 58 9 36 84 32 16 85 70 7 48 15 87 15
78 58 7 13 76 96 3 42 52 78 59 80 47 45 50 89 57 92 69 61 37 57 12 48 73 93 61 17 6 74 62 88 34 8 54 85 49 44 62 64 10 52 40 70 38 72 5 70 65 68 70 10 79 71 52 40 46 39 33 69 90 26 69 16 30 33 58 78 99 28 73 75 65 22 21
92 21 59 38 69 59 76 3 74 59 58 82 27 50 1 64 7 29 73 37 64 11 22 15 89 23 86 42 15 98 79 38 64 47 29 52 47 92 48 64 69 45 83 38 97 3 60 37 12 74 71 90 85 83 99 50 56 3 44 69 47 45 55 17 58 20 87 12 76 52 74 95 44 2 85
20 72 28 71 66 97 34 64 4 25 2 51 62 57 39 23 70 26 21 86 97 36 8 47 15 48 97 63 62 13 79 50 48 47 87 65 98 8 7 53 30 46 49 62 79 63 44 72 63 28 69 89 78 84 69 37 34 32 41 56 26 93 20 54 42 94 99 90 31 3 34 90 89 62 68
55 36 77 61 85 69 74 57 33 1 60 5 85 88 53 6 85 53 3 40 68 92 14 96 78 74 99 9 39 67 92 69 37 65 49 98 80 47 80 27 44 95 14 51 40 85 45 71 44 40 60 94 32 63 37 50 9 85 95 98 42 38 11 54 56 15 40 89 90 72 36 80 34 96 62
34 58 8 81 70 99 45 17 81 53 73 73 96 33 94 40 33 32 91 57 75 74 85 91 94 67 92 74 83 28 30 22 75 32 37 94 33 88 58 46 44 12 76 85 60 87 49 31 29 81 96 14 98 58 91 17 78 58 56 78 1 4 61 51 56 14 90 47 41 36 42 51 48 52 67
51 62 50 56 45 59 71 35 17 52 44 42 33 71 99 54 42 34 73 38 69 29 55 50 66 23 69 99 79 76 29 90 99 80 13 87 90 66 77 94 93 29 83 13 6 9 3 30 51 41 32 90 62 58 79 95 3 55 14 98 98 37 99 90 89 86 41 12 74 85 78 94 29 77 82
22 6 56 28 47 18 93 73 92 44 82 55 44 50 49 53 69 80 31 5 65 64 23 60 1 1 2 64 15 11 63 7 2 42 31 2 65 98 26 26 58 4 38 63 77 42 1 69 72 26 38 86 34 50 56 65 63 43 26 96 32 99 34 22 88 95 9 21 45 64 2 52 66 95 85
26 73 1 22 2 56 98 17 60 44 16 86 23 12 28 72 52 40 73 66 92 74 22 31 8 83 36 96 33 20 50 92 53 44 99 83 40 10 93 12 40 14 83 92 48 48 13 66 93 41 94 83 35 1 44 45 89 79 89 93 32 83 80 26 95 73 85 8 30 92 3 67 20 89 86
44 35 16 38 59 43 38 98 52 76 91 71 73 89 64 68 40 36 15 44 49 20 28 20 90 39 36 10 16 3 61 12 34 38 47 39 68 52 47 47 60 64 5 71 69 67 23 72 93 54 18 64 76 12 30 83 64 86 12 3 2 13 90 75 58 12 71 62 5 97 71 57 43 65 10
46 83 93 16 78 77 18 52 3 54 10 93 18 40 23 28 42 22 55 82 19 72 43 43 46 3 59 3 16 39 5 64 44 25 80 58 49 94 56 75 19 19 81 4 88 13 27 82 61 78 2 70 22 15 52 66 31 83 6 89 57 21 36 81 55 17 5 37 96 33 16 22 26 5 45
74 24 35 28 72 29 99 19 56 78 40 39 43 46 8 23 88 54 87 33 17 66 25 96 93 30 65 86 86 65 70 94 27 70 31 55 53 88 68 82 15 76 51 79 80 36 67 72 61 49 96 21 13 59 64 14 47 91 35 29 60 41 52 84 46 33 65 17 92 16 7 83 21 70 19
62 83 5 95 59 89 24 61 4 27 1 3 69 88 69 45 61 50 88 99 73 39 72 5 14 63 96 18 13 32 2 76 81 77 51 33 73 74 47 92 29 6 97 79 4 67 30 24 58 16 57 34 17 19 51 62 92 95 98 38 55 14 69 69 91 60 58 26 1 66 69 59 72 34 65
11 48 98 99 92 28 39 78 93 29 63 76 99 73 25 52 89 88 29 8 49 11 65 28 16 53 20 77 21 79 7 52 32 4 88 41 20 17 19 18 34 61 64 86 76 29 51 9 72 56 63 75 8 74 85 33 76 88 72 31 34 38 81 29 20 40 73 12 45 73 62 18 32 92 67
68 18 53 78 28 58 37 97 50 15 42 24 25 35 74 36 87 56 82 71 88 99 24 91 91 2 85 55 21 26 21 23 54 49 74 50 90 89 29 10 45 48 19 66 27 46 35 91 12 44 22 70 77 46 4 58 79 86 25 80 93 59 64 9 29 59 79 95 78 79 5 71 84 49 96
59 71 42 3 26 41 78 92 94 91 91 47 99 4 17 38 63 3 30 86 24 62 51 12 83 39 72 17 84 58 81 11 66 70 24 49 47 78 82 25 57 34 40 56 1 77 65 76 9 89 58 3 28 1 93 48 41 29 46 39 72 59 91 94 41 15 95 65 45 4 50 79 85 87 2
98 44 69 48 61 38 34 70 5 51 86 8 76 82 58 11 62 39 27 85 95 68 69 1 7 10 14 61 18 1 1 69 99 70 51 86 11 85 89 57 14 40 88 70 10 71 42 40 15 97 51 18 51 48 62 63 51 16 38 21 37 14 80 40 99 69 38 80 8 31 94 81 45 6 27
53 1 28 92 58 67 65 20 75 88 85 97 75 37 14 12 59 51 53 50 6 63 87 73 33 6 62 84 82 62 99 8 57 21 55 14 20 40 74 63 56 71 72 87 65 53 86 24 50 65 44 24 92 95 61 40 18 59 2 2 11 14 4 91 74 53 11 46 7 90 15 41 7 92 95
46 57 26 68 96 36 32 5 50 9 99 83 92 76 49 34 87 99 93 89 44 3 20 56 36 56 61 45 39 3 36 31 34 38 79 37 82 13 79 52 83 64 32 63 28 17 2 89 60 32 21 19 18 69 89 67 21 28 18 71 53 67 35 5 45 42 55 70 62 86 82 54 32 71 19
61 18 4 66 48 76 33 36 2 99 30 55 72 64 15 95 47 40 56 91 21 28 84 61 21 52 74 70 1 2 28 8 66 23 41 3 85 67 44 57 35 16 38 54 37 81 61 6 72 24 73 64 7 72 63 96 14 77 28 10 96 61 39 82 47 91 63 15 38 58 55 97 91 76 95
66 96 13 30 15 12 24 36 87 33 60 11 37 93 33 50 60 72 80 95 11 90 29 91 74 79 82 35 34 90 26 51 77 89 38 54 82 85 38 16 32 41 82 13 7 60 55 35 4 80 87 23 24 89 76 47 28 68 13 92 31 29 95 3 75 82 51 96 38 14 93 78 79 61 1
81 87 70 8 54 4 47 29 62 27 98 41 4 95 85 90 73 95 97 86 76 32 82 68 54 74 4 93 66 68 17 74 65 41 26 47 55 5 10 34 75 47 83 91 7 33 95 64 81 81 87 17 74 80 24 9 13 8 32 19 73 84 69 79 6 74 95 79 29 7 9 20 4 39 63
91 19 34 63 26 99 49 48 22 63 40 69 77 46 7 36 33 37 62 16 27 72 56 53 95 14 29 40 85 7 5 15 47 25 79 60 38 99 75 78 81 81 56 95 98 11 42 21 2 18 21 39 45 50 70 91 8 30 89 16 29 11 39 57 94 87 49 69 45 14 94 52 10 84 33
54 1 27 76 31 60 40 28 78 95 75 6 14 14 25 97 86 68 94 24 31 93 99 55 9 19 73 87 65 18 85 22 26 38 32 32 63 92 46 92 49 30 79 8 25 39 87 34 71 48 78 95 43 19 97 99 82 50 9 29 19 28 92 3 5 85 91 26 11 2 48 68 60 12 43
94 63 77 75 11 2 74 22 10 87 2 95 27 90 13 22 76 79 80 62 48 49 11 86 5 36 64 39 56 42 25 12 13 80 4 78 57 46 18 31 28 75 10 16 94 51 72 19 83 51 7 13 34 9 63 87 15 12 38 83 47 15 68 17 44 47 63 82 12 22 85 86 84 47 42
84 90 56 12 39 61 91 78 93 46 78 29 66 17 77 18 78 78 37 62 53 64 4 72 9 77 80 87 19 74 97 13 55 13 54 11 9 95 95 57 34 85 13 52 51 34 28 56 98 78 75 15 40 80 87 43 14 60 48 48 92 98 22 23 64 81 78 61 67 67 28 66 33 94 93
96 86 97 56 71 93 74 86 50 57 76 21 51 70 13 83 83 92 63 67 93 56 22 4 1 12 12 32 66 75 17 96 54 45 97 73 15 49 99 48 8 95 88 80 96 65 14 35 10 73 39 76 90 34 60 46 79 51 30 63 5 2 77 99 39 69 80 95 25 28 30 79 23 23 37
89 8 37 52 63 77 95 81 54 45 25 59 41 31 47 48 92 19 59 34 4 54 72 10 97 24 91 38 55 66 58 64 92 84 50 25 94 98 70 20 29 53 58 63 92 74 5 93 72 49 3 69 25 88 58 32 33 11 53 12 23 84 65 49 36 72 53 47 6 47 80 15 13 78 94
52 84 98 4 30 29 55 25 25 22 66 81 4 65 9 9 39 88 27 89 27 68 10 14 98 23 18 63 52 25 18 64 84 7 55 14 5 58 99 26 15 96 21 92 82 16 76 13 34 2 98 21 65 83 74 20 8 63 11 23 25 2 72 17 11 38 77 95 33 27 11 17 20 46 92
33 74 78 92 36 52 3 94 21 90 22 65 99 46 29 17 17 67 92 6 66 60 82 36 62 61 25 66 7 86 13 64 68 61 45 20 7 69 95 94 12 30 19 11 89 90 92 50 42 29 67 15 74 68 70 99 26 90 79 38 98 27 6 8 56 14 89 56 52 97 7 29 87 8 86
50 49 41 47 51 90 15 67 13 35 40 95 51 51 42 52 89 26 43 78 61 89 57 75 33 62 60 82 51 98 7 21 14 46 11 75 36 23 19 95 38 30 36 91 74 73 33 45 19 61 50 3 62 61 68 1 47 67 49 52 59 10 16 50 80 95 14 59 73 30 64 52 7 34 27
81 73 22 30 27 79 8 75 31 17 75 28 73 22 41 21 34 72 21 29 30 25 8 53 65 81 43 42 23 15 57 97 65 35 55 64 31 92 23 43 92 89 42 38 3 32 88 65 76 50 21 12 82 8 13 72 60 64 77 82 16 31 98 68 77 15 83 82 21 47 54 55 10 24 2
66 8 7 90 95 73 38 88 80 33 15 43 51 34 55 23 28 53 23 51 61 92 74 42 87 90 81 47 86 52 90 74 7 61 73 15 66 87 70 11 38 58 6 4 59 46 70 95 34 62 28 16 13 18 94 44 39 17 74 87 20 46 70 56 5 76 47 58 13 70 35 3 85 88 99
57 25 85 3 60 24 65 44 32 84 65 71 5 47 37 24 40 15 87 19 23 6 40 65 58 73 24 31 42 81 51 57 45 69 49 2 71 72 27 29 90 68 49 30 27 37 55 76 9 65 83 96 18 13 29 22 35 30 93 48 19 35 99 76 61 89 93 39 9 83 19 38 91 47 40
54 48 70 47 40 39 71 15 59 50 6 42 88 16 62 68 55 13 68 80 31 24 10 27 9 39 50 11 48 45 51 33 31 23 51 33 9 91 89 10 66 80 33 79 77 22 47 77 81 56 73 24 77 55 48 78 84 6 2 76 69 39 83 21 23 2 26 18 3 61 71 68 63 10 10
66 69 97 68 30 91 49 26 91 35 33 39 55 75 21 61 85 60 57 87 44 71 28 37 75 79 42 80 23 34 91 11 6 51 89 51 79 84 40 70 42 50 98 67 21 38 61 64 81 3 60 78 12 87 60 21 73 53 81 58 78 18 35 72 50 90 25 46 8 97 58 90 56 16 42
98 71 52 82 8 55 67 44 51 97 47 24 29 59 40 38 31 94 41 30 7 24 15 68 97 99 4 21 3 50 51 82 85 41 86 26 70 57 71 26 96 50 61 73 3 27 55 11 98 21 40 32 81 12 51 77 51 49 84 2 61 6 94 72 17 40 95 35 93 32 89 71 13 59 15
25 47 59 80 21 14 81 52 15 31 93 23 91 39 11 15 77 93 8 32 87 81 14 61 56 27 54 96 52 12 80 70 58 10 21 64 99 12 4 60 29 16 54 20 58 52 78 54 17 84 18 24 63 12 43 9 93 18 9 25 42 14 85 85 83 27 69 48 28 9 11 55 34 18 98
65 27 36 27 92 49 13 85 14 19 84 92 84 2 14 7 17 49 72 83 56 42 23 67 56 50 30 34 92 56 52 62 23 18 20 37 39 65 31 28 21 4 59 40 35 38 58 65 4 67 64 39 54 50 59 54 78 57 75 7 78 72 28 94 31 18 36 45 41 44 73 25 39 82 4
79 4 4 18 88 43 84 67 97 39 90 40 34 86 4 16 9 28 45 91 39 56 12 46 1 69 44 79 86 24 57 18 11 8 81 59 81 33 70 5 55 30 24 55 77 56 54 17 32 83 5 28 93 47 5 54 18 51 76 33 8 90 76 3 66 48 78 32 20 35 89 58 45 99 67
65 8 99 82 41 11 2 39 86 45 92 40 33 71 27 80 2 64 79 21 77 68 99 6 67 40 61 92 66 9 80 52 48 65 99 69 10 54 26 37 40 63 3 87 77 52 13 22 9 51 13 55 53 10 19 29 25 71 46 94 57 61 44 83 96 76 40 30 93 14 68 44 58 22 31
41 63 41 49 91 3 79 13 85 76 11 2 19 75 91 7 87 46 61 20 22 72 55 22 20 69 47 73 96 1 64 75 29 4 45 27 45 74 35 50 21 93 44 46 55 7 86 70 83 93 20 60 54 63 90 29 36 30 11 29 48 73 90 98 3 65 72 54 22 43 80 49 67 87 37
28 50 74 24 31 64 6 11 18 15 10 62 20 85 85 7 24 58 73 76 4 97 84 17 77 8 14 58 64 9 86 78 69 87 57 83 32 88 9 20 65 89 65 13 47 25 15 12 91 51 88 19 41 9 35 91 81 88 19 72 11 41 9 87 64 20 36 83 87 83 88 16 8 22 75
38 4 84 50 52 68 74 48 97 33 73 10 65 51 34 61 87 23 50 91 30 30 10 49 22 42 42 26 83 58 2 90 8 2 5 17 65 58 29 99 84 12 6 25 89 86 30 17 60 23 92 17 61 41 43 37 23 74 89 47 10 18 52 13 3 65 31 15 78 52 12 18 92 81 92
90 74 12 82 16 90 53 57 32 16 33 68 48 36 41 35 26 2 93 42 86 7 6 11 53 21 99 88 17 55 21 54 9 63 85 41 77 76 93 98 70 85 6 76 56 41 99 69 92 32 22 98 38 67 73 77 36 24 1 58 35 75 75 97 41 43 76 36 26 59 19 55 3 94 77
49 32 29 11 7 8 80 59 61 84 67 2 81 22 8 15 66 71 25 39 99 70 24 60 46 99 89 54 81 41 79 75 71 45 53 75 39 68 15 31 32 5 70 42 28 55 67 40 74 40 43 31 25 45 42 78 24 96 35 19 29 73 93 36 24 48 39 80 69 81 51 82 46 16 59
60 30 66 10 95 5 95 87 18 36 51 65 75 52 64 15 13 41 14 65 66 49 18 98 82 90 61 9 80 11 48 33 86 94 7 75 61 42 35 16 62 31 9 76 52 78 60 13 11 50 76 40 51 96 69 9 42 34 98 43 48 19 99 99 50 20 56 41 91 36 48 7 51 70 6
34 28 8 15 25 13 71 10 28 93 30 3 14 57 36 90 50 8 27 22 85 16 45 12 56 99 96 77 30 60 83 2 91 39 77 75 86 88 43 99 42 93 69 51 11 11 79 10 90 20 82 37 7 65 26 10 49 21 42 13 34 89 65 94 6 77 87 33 52 97 34 62 26 50 23
38 69 80 38 13 37 83 81 68 15 14 35 54 50 90 10 19 42 6 70 97 43 34 86 70 23 22 35 26 80 86 14 22 80 72 88 18 67 95 43 46 82 31 16 59 13 45 70 24 69 19 37 66 21 13 73 58 4 76 45 81 94 41 21 31 79 9 69 2 49 15 51 27 51 76
32 28 74 70 30 1 13 22 25 77 76 89 94 62 44 16 49 92 70 97 47 68 96 2 1 3 86 60 89 13 32 77 36 15 63 88 33 87 43 16 70 75 13 52 30 3 97 31 60 52 27 69 45 2 87 63 58 72 23 49 64 6 87 26 77 69 19 67 31 20 74 52 74 40 65
29 66 73 61 64 89 93 85 68 51 60 46 82 36 9 88 39 54 12 19 78 74 59 96 67 16 9 3 90 54 74 44 96 52 93 88 96 24 61 72 91 75 86 63 52 68 75 80 19 8 46 37 39 45 58 1 75 17 2 79 87 10 88 32 98 66 35 62 25 17 17 1 2 4 49
66 42 18 87 85 8 95 76 61 5 23 35 10 15 94 77 76 8 1 16 61 61 14 69 8 22 47 81 90 44 94 26 97 67 86 77 29 68 43 9 73 30 40 1 46 36 48 24 15 65 38 25 39 47 8 47 57 15 94 63 38 89 87 39 69 12 14 15 82 12 25 65 97 37 41
7 30 10 25 26 67 60 76 95 93 13 65 80 16 71 76 96 62 71 30 46 84 90 3 29 89 35 84 3 62 72 9 36 38 17 43 67 79 38 35 59 40 37 55 8 88 92 72 67 78 27 23 64 14 47 94 98 17 49 94 87 6 14 21 42 33 75 11 26 8 99 61 63 41 36
30 44 97 58 83 6 10 73 55 37 43 12 34 88 97 31 84 42 67 68 55 24 87 66 66 76 11 32 22 62 58 55 14 40 28 78 72 54 28 10 29 8 47 83 75 83 15 16 63 13 44 8 13 2 90 15 97 94 69 41 63 89 95 86 43 94 70 39 57 4 23 58 18 1 14
19 26 13 58 17 54 12 90 64 69 48 8 58 56 65 53 80 61 97 70 21 45 98 42 58 60 74 34 79 87 74 36 90 20 80 58 14 36 45 54 73 96 49 18 56 67 63 83 62 14 1 59 54 35 10 9 80 76 27 46 13 99 91 46 59 19 44 3 87 9 27 4 93 32 48
78 29 86 28 74 45 19 84 95 44 88 37 15 96 76 91 13 24 42 75 70 75 42 35 43 71 55 90 49 65 59 46 42 54 68 75 30 25 71 6 75 3 14 48 43 93 16 86 47 33 55 12 97 69 32 13 35 90 71 47 58 37 5 98 41 61 98 41 56 29 99 56 78 60 24
5 98 19 2 83 8 31 50 80 48 42 67 77 2 66 85 62 24 7 27 77 51 73 97 85 8 55 20 56 91 94 6 63 55 40 65 69 91 23 72 16 32 59 70 84 66 29 14 4 84 4 93 82 95 33 61 37 1 43 8 86 81 17 94 74 73 34 49 74 49 37 16 80 19 65
32 17 12 39 5 41 90 52 12 67 87 9 43 51 6 99 83 73 19 29 36 64 18 33 32 41 62 36 36 94 13 15 37 93 25 10 26 20 9 46 14 70 98 60 93 60 18 40 14 90 57 45 28 30 58 21 80 61 34 38 26 11 29 66 62 27 84 49 23 52 59 22 26 85 7
42 83 65 85 36 45 3 47 9 86 23 27 82 74 55 75 31 33 67 60 47 32 4 5 58 6 37 35 40 17 42 18 6 93 86 62 35 17 91 7 59 37 74 99 37 62 85 15 34 44 2 37 91 82 89 49 67 42 26 67 5 49 3 88 57 10 93 63 19 41 63 16 83 22 40
53 66 74 31 41 15 86 56 89 13 48 69 69 25 51 88 41 76 22 7 34 39 79 1 33 61 9 17 68 11 37 54 95 75 48 85 17 18 4 52 76 52 78 43 12 47 93 94 77 85 81 74 58 39 98 26 41 29 78 18 59 2 58 96 8 38 84 7 37 59 44 86 36 32 26
71 65 68 54 46 12 60 82 73 39 5 60 60 25 54 77 18 73 49 17 58 60 73 99 88 93 69 68 87 46 45 34 72 71 1 64 48 41 9 57 8 7 4 41 77 78 17 81 84 81 36 10 5 48 52 19 68 87 70 41 81 44 89 97 57 39 96 90 56 60 52 94 33 92 12
65 11 2 97 19 2 1 7 30 39 65 7 42 27 35 3 71 55 3 33 28 67 9 79 4 77 7 59 48 48 96 72 68 95 60 8 94 30 59 10 49 84 76 56 41 86 82 48 45 13 13 50 39 89 27 2 51 64 91 42 37 53 15 54 53 30 89 66 82 71 22 49 77 40 26
17 45 49 42 35 26 48 77 73 92 57 75 13 56 26 89 42 4 12 65 22 20 25 40 76 86 31 82 18 39 89 2 42 42 90 20 2 17 39 89 76 67 32 2 16 94 15 28 2 16 79 87 67 21 22 78 94 52 99 43 78 87 68 74 95 87 17 34 23 76 59 72 30 41 18
71 32 8 87 94 19 51 54 55 22 47 10 52 53 89 78 16 19 25 25 10 69 52 52 85 55 32 58 42 16 96 28 69 74 1 22 56 65 20 5 97 36 29 6 88 29 9 48 32 17 18 77 30 47 25 57 18 59 49 48 30 52 11 4 37 25 98 92 10 6 14 87 54 63 64
49 13 44 15 35 60 71 14 87 55 95 29 91 71 33 6 14 17 33 71 85 74 4 69 58 83 77 19 74 26 21 85 4 89 98 43 88 57 58 71 22 33 95 78 43 75 37 68 75 86 92 60 13 74 90 62 74 80 32 85 37 6 68 21 50 58 66 34 34 74 32 62 64 83 84
8 90 38 91 52 51 51 11 77 25 62 98 98 80 44 92 9 41 15 51 58 82 78 25 14 12 75 43 54 71 19 19 47 75 50 5 18 28 63 41 96 16 29 32 57 42 68 56 67 56 80 42 26 5 51 34 71 6 89 76 62 6 12 88 96 43 12 87 53 33 75 30 79 43 90
46 26 82 13 14 41 49 21 77 35 12 43 9 28 48 16 93 22 65 92 73 37 69 91 91 31 83 50 48 61 62 30 74 72 58 10 39 12 38 92 48 63 13 77 87 91 45 82 67 75 98 92 5 12 52 39 37 28 31 42 75 60 17 17 50 92 41 33 89 55 34 3 51 10 57
32 39 12 61 54 42 58 11 20 33 83 18 49 11 2 70 26 28 18 61 98 36 31 53 73 28 74 23 21 61 68 80 50 69 95 54 5 55 41 60 23 95 94 12 39 40 79 4 45 42 77 37 37 40 64 14 48 99 27 54 78 22 27 14 6 55 89 84 37 36 59 36 97 27 98
43 86 26 9 35 84 62 78 29 63 8 10 79 9 51 11 79 89 49 85 83 91 22 83 33 83 95 95 55 29 17 3 61 64 52 51 65 64 31 84 64 91 18 42 90 10 28 90 21 17 63 38 67 96 77 83 31 30 18 38 68 43 96 69 41 64 31 5 96 89 83 9 19 74 46
99 88 1 20 62 18 64 29 66 20 31 54 70 81 86 40 94 70 62 59 19 86 71 27 37 4 71 4 40 99 44 86 95 47 67 52 40 58 17 28 45 24 88 91 43 43 74 91 31 55 6 91 62 69 32 80 30 12 26 80 54 63 17 15 91 84 85 4 42 18 36 6 57 67 47
24 72 98 78 43 52 72 10 76 68 21 75 95 49 38 36 95 5 45 46 52 64 26 86 60 78 60 97 85 80 64 62 5 79 4 93 86 76 13 46 23 94 22 14 99 30 93 21 76 91 10 55 34 6 33 80 74 32 49 68 90 95 93 10 46 13 24 2 12 30 29 96 26 64 3
96 67 72 95 36 81 63 98 87 66 45 63 11 91 8 59 91 44 9 39 71 64 62 35 27 57 34 85 3 8 24 9 84 39 98 20 7 17 36 1 83 99 14 46 72 23 39 30 7 25 54 31 20 87 84 57 60 79 46 38 56 69 44 2 86 67 2 79 42 39 88 34 43 10 98
82 16 79 48 54 33 76 67 53 10 92 1 45 93 42 54 1 88 97 95 16 79 3 56 7 47 88 86 2 67 79 46 13 34 30 77 24 64 29 91 5 16 14 94 42 7 92 97 27 41 54 79 81 52 85 61 10 1 14 95 19 47 10 7 97 78 92 76 8 89 63 29 59 43 29
3 73 55 23 66 68 73 5 94 15 14 34 28 98 53 73 54 98 99 67 16 1 46 7 84 99 29 50 29 28 99 18 86 41 22 85 75 65 43 29 9 73 77 29 93 92 67 20 23 64 7 5 12 52 65 82 4 29 70 39 74 82 47 62 31 49 17 46 53 92 72 26 23 97 24
76 80 5 63 2 50 94 85 70 48 73 76 36 55 80 29 28 86 9 83 35 3 12 81 6 60 51 8 3 62 90 31 97 13 92 91 25 83 42 61 23 48 89 41 38 88 3 78 48 11 64 96 76 7 58 22 67 21 44 53 24 16 9 14 19 45 17 89 43 65 43 79 9 35 68
56 47 48 62 87 99 2 34 85 6 29 22 20 33 6 47 6 48 88 74 51 31 68 96 60 19 60 82 37 20 35 52 51 91 71 10 24 36 39 26 54 94 45 17 24 40 82 27 90 84 86 56 55 96 52 7 15 28 69 33 97 71 98 54 43 98 93 84 5 2 57 45 29 27 99
56 89 9 24 18 24 4 47 84 18 39 59 31 45 91 12 74 64 77 76 90 12 2 58 40 61 63 38 5 46 86 92 36 35 48 51 79 5 65 9 67 93 21 38 9 53 46 60 85 82 17 10 75 39 21 20 52 47 42 65 77 75 20 85 30 60 1 3 85 32 25 8 55 16 38
19 27 67 53 12 22 66 79 13 38 42 97 86 70 5 61 34 71 79 62 34 33 44 52 11 96 62 96 7 10 52 2 57 7 3 82 6 96 73 36 53 72 31 99 46 24 66 63 27 5 3 1 12 26 26 42 56 62 21 64 77 89 60 37 10 63 12 56 95 22 47 27 14 49 49
55 72 93 13 82 95 8 9 57 17 59 55 51 39 6 17 36 22 54 69 44 30 88 24 21 23 95 65 72 34 87 81 59 94 21 3 15 94 75 31 26 67 26 98 49 3 38 42 20 19 36 69 4 49 72 99 56 10 48 96 74 12 96 69 82 72 89 2 67 66 11 42 58 87 69
12 18 52 96 89 23 70 5 8 24 37 13 44 75 57 9 21 99 39 23 32 87 76 13 99 76 69 89 5 95 79 14 26 96 4 89 93 54 68 21 17 93 29 39 22 5 43 65 54 40 50 78 97 20 53 37 14 64 39 75 48 64 47 83 53 44 97 57 4 54 2 93 81 12 15
97 66 36 94 87 73 73 97 98 38 43 61 22 51 32 88 71 73 16 16 97 69 28 54 17 39 6 67 64 97 82 14 84 91 22 37 12 56 38 65 38 32 82 38 89 17 85 97 5 25 22 3 54 83 26 66 56 26 12 23 7 48 40 67 72 89 13 47 38 13 71 8 90 52 4
96 64 95 77 66 48 59 80 89 89 25 38 82 72 17 52 25 34 12 35 8 14 84 56 77 84 32 84 19 86 73 54 70 98 41 23 63 11 85 26 9 89 26 33 56 15 47 71 46 75 77 73 64 24 50 49 67 91 42 18 22 12 64 39 78 77 67 13 29 20 16 20 23 85 44
65 42 88 52 13 33 46 87 75 42 87 36 2 49 29 78 43 31 22 67 26 60 89 98 13 77 25 34 72 34 86 70 5 46 72 71 99 9 57 70 39 14 61 58 30 87 54 16 97 86 22 85 23 71 86 30 61 24 18 1 74 34 86 86 95 3 76 74 80 97 55 63 60 52 69
70 88 86 39 32 28 84 82 22 96 63 41 83 57 93 25 30 14 51 72 24 52 26 18 18 73 41 77 53 27 15 96 53 68 45 77 12 91 2 26 30 41 65 38 50 94 21 84 90 82 79 25 93 83 37 32 40 21 92 42 32 86 68 20 90 97 36 44 66 57 30 59 65 63 51
66 91 15 10 12 44 51 78 96 20 64 17 92 45 25 2 28 31 79 76 67 79 74 1 41 3 39 71 34 64 15 85 42 79 95 47 87 85 80 5 81 60 61 94 34 72 13 21 33 63 70 74 91 56 62 2 38 33 59 22 87 96 27 85 19 33 56 21 33 9 4 69 78 76 16
58 45 66 10 61 10 27 30 20 64 42 80 77 47 62 99 63 79 38 42 66 20 9 97 66 13 8 79 46 44 7 64 13 66 73 87 82 12 60 16 98 57 81 97 75 18 2 91 43 30 93 5 86 82 39 59 19 68 84 84 73 2 16 13 57 48 55 97 54 50 32 69 9 30 25
38 19 18 32 22 73 49 96 43 14 75 8 17 42 11 83 45 75 65 40 52 59 4 41 38 33 97 31 42 72 56 52 23 22 57 60 21 21 68 55 92 41 23 86 88 87 62 2 99 30 72 94 5 35 59 39 81 44 37 4 72 60 20 94 48 75 93 76 79 84 38 52 21 36 65
78 72 78 28 65 32 75 77 3 83 36 41 93 68 49 40 30 43 47 39 43 45 27 21 40 51 43 5 48 28 86 71 88 86 4 63 16 4 6 74 44 63 75 70 17 51 42 35 45 77 80 4 97 74 37 20 45 65 27 30 70 46 30 80 32 84 38 90 64 84 27 63 13 14 90
17 87 29 17 72 41 6 76 73 93 6 95 56 45 38 31 22 9 62 8 65 97 80 14 6 51 19 11 73 18 1 13 70 59 65 6 74 92 86 10 93 20 7 48 65 71 91 96 38 86 61 74 16 14 35 77 72 38 37 79 41 12 93 24 27 55 84 8 62 81 59 19 47 31 57
49 21 71 46 39 41 55 92 65 85 66 22 98 96 12 54 96 75 15 5 93 79 13 73 38 78 34 9 98 62 17 48 23 51 15 90 71 59 82 68 96 86 99 80 91 63 36 85 34 87 25 72 94 39 70 43 14 94 91 35 32 5 58 49 50 34 58 52 55 53 18 2 74 29 5
36 98 41 26 29 49 51 89 75 54 94 42 73 22 33 7 36 80 62 22 4 44 16 39 61 99 8 77 63 70 76 3 70 53 71 69 35 32 37 22 21 93 70 7 79 94 16 12 63 33 97 86 58 77 11 19 7 93 20 27 43 11 79 95 21 29 99 21 4 99 78 85 39 15 2
77 1 7 53 27 9 69 17 76 98 9 68 10 69 47 43 65 86 3 97 93 68 34 85 25 86 12 77 23 1 9 72 79 33 59 54 27 30 90 79 54 55 1 81 96 66 59 98 88 59 57 76 56 77 42 7 38 40 39 47 57 24 32 28 41 93 66 74 54 36 81 92 96 60 30
94 32 58 17 79 19 81 12 35 65 70 42 68 98 97 87 78 41 71 39 78 52 2 56 75 98 75 15 87 16 12 90 53 23 85 49 23 6 32 77 92 90 86 18 53 35 81 47 93 76 71 96 2 26 41 70 93 52 82 83 81 90 95 50 47 60 56 90 93 23 4 14 28 31 54
68 93 43 57 97 91 36 19 34 61 89 70 74 8 28 96 38 16 17 32 93 30 15 3 99 24 94 33 31 48 34 6 65 43 80 31 79 18 63 32 54 58 5 14 2 40 45 4 12 65 95 46 29 42 59 14 38 92 14 54 37 62 3 48 64 15 29 54 67 22 50 55 68 52 9
60 34 20 7 23 88 40 73 92 30 18 41 31 73 2 62 27 37 61 69 86 22 14 81 13 9 4 16 48 13 59 79 34 61 1 65 51 38 80 61 57 7 34 33 19 17 35 91 82 90 45 25 54 64 49 92 8 6 94 86 68 8 27 25 55 42 32 46 87 28 43 44 83 14 24
64 44 47 23 51 90 95 27 68 64 83 82 15 17 9 65 39 66 73 50 45 52 80 35 91 20 24 86 71 19 91 30 7 38 64 72 31 70 37 37 50 92 41 7 81 99 52 10 53 33 80 56 62 32 58 43 80 22 4 10 19 57 54 12 91 6 19 15 73 95 96 86 91 88 99
86 40 88 73 39 84 14 46 2 79 74 79 98 60 12 72 61 65 55 70 6 21 39 4 1 67 19 62 21 7 11 20 14 92 21 22 54 24 20 55 26 63 9 84 78 46 1 40 52 60 88 46 71 93 19 4 45 66 3 72 79 11 93 90 86 93 99 62 75 96 91 3 37 31 62
86 20 72 25 48 14 93 53 12 17 3 42 76 99 81 47 98 10 50 53 31 53 57 41 86 91 7 45 2 26 81 56 68 84 78 82 86 42 62 35 48 91 71 48 72 27 68 22 63 8 40 6 66 17 69 64 93 40 11 7 86 78 46 17 4 17 6 86 86 34 17 77 64 90 95
94 71 7 5 25 41 76 89 35 7 19 98 10 98 39 12 61 29 99 46 17 56 6 2 67 82 38 5 60 98 84 50 87 63 13 91 72 26 56 50 87 92 27 60 86 51 4 79 93 68 48 28 30 96 47 29 21 45 20 50 97 81 51 45 54 65 41 96 94 9 37 91 92 10 33
70 73 16 53 2 86 15 77 28 6 11 81 6 60 54 89 48 18 87 38 56 1 41 85 4 88 18 3 27 32 70 54 6 12 27 12 28 54 18 42 30 36 42 15 76 89 53 75 4 45 95 12 72 58 80 25 29 90 52 50 72 20 16 69 58 6 72 78 52 36 70 47 10 61 96
94 31 4 37 42 54 4 23 95 56 27 52 81 12 30 79 86 22 85 1 8 8 24 2 86 9 78 56 11 26 93 67 94 90 96 22 39 17 44 31 81 84 95 10 65 52 93 48 25 63 16 54 31 94 26 2 46 58 68 5 83 48 8 72 73 88 70 11 73 98 43 55 61 41 52
52 71 58 31 48 36 12 55 40 59 61 51 51 97 90 19 74 25 12 70 72 97 63 12 68 99 80 15 36 77 46 37 24 19 69 50 86 99 74 41 77 65 39 82 9 16 51 83 84 30 88 85 17 20 44 50 78 79 90 77 7 77 44 18 19 58 9 98 89 8 36 13 66 40 46
18 61 3 64 19 14 12 17 3 93 51 72 75 36 52 18 65 72 50 51 67 84 28 39 70 38 33 31 36 29 41 60 25 85 62 53 96 32 74 19 87 88 87 88 23 70 4 25 83 66 21 77 43 59 22 95 59 9 35 2 35 55 30 85 23 38 22 95 90 61 42 87 71 28 5
36 80 74 77 88 49 19 15 31 59 13 37 18 46 15 7 3 89 46 52 34 35 45 26 76 90 61 87 92 98 81 30 4 12 19 2 24 40 93 23 4 70 35 73 11 22 5 76 39 13 95 10 94 29 75 16 94 10 68 17 21 18 58 9 12 9 88 36 54 18 28 63 39 69 50
99 61 49 88 90 96 95 21 35 83 63 45 73 53 87 48 74 49 22 88 9 12 99 62 54 98 31 7 28 53 69 39 66 71 98 49 72 35 58 53 71 16 61 73 88 48 84 71 83 90 13 67 42 46 62 13 22 19 29 81 38 75 40 92 83 98 7 18 34 89 53 29 94 48 74
73 51 13 46 41 18 86 6 51 68 68 54 25 8 93 62 65 29 36 66 19 12 45 52 5 74 50 19 5 63 31 60 18 52 86 11 10 56 67 1 20 3 98 94 75 71 50 84 40 76 35 82 85 57 40 16 90 60 1 53 26 90 74 50 60 45 86 51 78 48 33 91 18 94 73
11 23 84 13 50 16 34 94 85 77 19 22 64 60 27 93 71 86 10 81 87 22 65 68 7 22 95 73 93 17 25 41 73 25 21 79 94 95 36 3 82 30 69 33 19 4 20 36 83 24 57 94 42 49 50 32 79 82 67 65 95 30 46 47 37 94 66 39 51 38 80 72 93 81 20
12 13 11 98 89 68 52 87 84 73 62 48 4 6 62 82 61 88 6 65 31 66 2 45 3 52 91 92 27 13 39 20 9 6 74 92 4 30 20 35 16 61 30 47 36 33 52 63 83 78 12 40 28 14 80 71 15 95 98 15 12 24 7 87 75 45 19 45 80 46 71 30 44 92 27
39 85 7 67 85 69 7 46 29 91 49 92 9 97 63 94 79 34 96 97 9 72 61 29 73 87 56 86 44 33 47 34 46 45 1 86 13 65 95 44 65 83 26 88 82 51 53 13 10 46 56 91 83 68 72 77 96 38 64 79 2 59 16 27 8 85 86 56 87 39 97 11 48 18 85
49 24 59 34 47 34 43 55 76 75 78 51 22 43 3 15 20 50 14 81 8 10 10 52 51 9 13 25 75 53 18 70 13 24 85 22 1 96 58 23 22 67 89 37 19 67 28 15 26 31 52 45 72 51 80 13 79 67 1 79 43 38 14 7 40 71 27 35 55 54 42 82 28 49 78
50 71 59 94 24 11 83 7 69 20 19 30 80 89 71 34 99 60 56 40 58 56 18 86 12 70 90 34 88 25 72 34 6 42 86 91 61 89 36 79 71 58 21 55 68 40 99 72 56 6 12 34 2 26 23 53 7 62 1 27 20 64 23 26 74 23 9 94 86 97 17 16 48 9 60
51 90 99 46 39 65 86 67 78 38 51 47 2 53 3 85 81 11 69 37 4 80 20 77 81 17 19 45 75 14 95 8 34 55 34 54 76 8 68 17 61 46 13 55 8 82 39 57 89 13 35 52 77 48 43 86 65 19 87 15 95 5 35 77 23 91 10 12 36 35 63 10 15 1 84
85 51 92 41 80 61 96 19 53 18 5 59 18 15 2 13 36 78 90 74 41 14 42 22 59 5 38 10 84 98 68 48 34 24 34 87 9 87 96 56 65 63 32 31 12 18 47 64 18 37 32 43 34 10 52 15 45 75 50 34 1 61 54 29 74 70 59 8 44 11 80 45 79 11 88
50 57 30 71 33 57 18 33 35 15 53 56 25 18 76 50 13 13 55 26 97 78 76 35 86 77 68 34 2 68 98 9 83 87 6 15 26 48 1 35 99 2 56 58 90 47 87 99 1 92 32 27 65 65 77 18 33 41 56 66 70 76 28 32 82 78 59 35 80 34 97 2 69 86 34
66 5 70 73 41 1 78 13 88 67 53 42 77 56 22 12 14 97 34 51 83 20 52 50 48 50 64 67 99 19 23 64 93 75 37 52 81 95 41 54 59 78 45 21 82 80 24 15 12 91 30 34 10 42 34 16 14 37 60 55 25 34 91 2 54 50 97 95 98 83 36 71 85 52 61
36 93 89 31 73 91 33 98 37 53 20 2 23 95 89 98 79 86 60 12 64 56 93 3 1 69 12 37 31 91 17 27 70 62 71 86 22 38 56 2 7 13 17 45 19 41 5 24 1 3 39 45 53 54 40 98 58 17 11 84 18 27 99 43 50 72 16 18 58 37 66 82 64 60 52
95 77 86 55 36 33 85 79 5 18 13 18 94 32 54 10 19 3 2 41 47 68 51 70 97 20 55 40 96 66 60 12 26 67 70 25 27 80 65 81 20 89 66 68 54 41 92 10 32 64 14 42 91 74 59 70 10 50 32 59 82 95 42 85 39 63 85 40 44 25 89 54 59 78 93
69 27 40 14 83 29 61 9 25 75 71 6 71 68 17 1 71 81 63 1 14 76 27 30 59 8 16 57 80 84 14 16 64 4 40 84 75 25 66 92 89 68 70 74 80 39 69 76 58 94 22 73 77 43 44 86 71 61 47 75 31 57 29 11 90 33 91 58 38 18 68 42 17 22 62
6 42 72 50 89 4 28 94 38 98 80 38 81 42 32 28 10 82 6 96 56 98 95 6 36 58 69 84 43 84 3 66 99 5 75 64 20 47 43 69 14 87 86 98 61 47 62 73 25 41 72 70 36 40 68 60 7 32 34 13 59 36 52 17 4 27 25 16 98 9 15 32 19 24 79
32 82 58 39 99 91 85 65 42 18 64 53 9 22 35 23 43 32 22 81 6 39 80 20 37 58 81 38 73 48 18 93 60 90 15 62 52 40 2 24 1 35 95 71 42 53 37 51 85 82 30 42 58 37 38 2 83 45 71 39 3 17 10 93 28 1 77 72 12 28 43 85 26 81 37
26 54 44 27 28 66 47 51 67 93 92 93 79 7 87 19 68 30 60 39 61 40 67 16 38 79 58 18 37 23 85 33 35 5 52 39 29 81 55 66 92 17 26 6 57 26 33 98 69 95 82 58 18 50 48 78 80 40 22 61 50 13 25 9 94 99 31 21 70 4 84 35 50 28 98
51 16 41 34 35 36 42 84 52 64 47 54 3 25 2 56 90 28 29 59 50 67 5 23 44 72 64 11 86 60 37 63 29 36 41 67 2 6 14 99 13 83 68 34 61 46 6 18 23 28 8 65 39 75 3 76 18 64 45 45 13 47 76 42 77 95 84 62 12 3 19 48 89 15 39
46 46 65 71 6 82 37 32 75 52 44 62 45 76 93 86 64 40 23 34 56 53 86 66 5 20 21 50 58 74 3 35 46 5 37 39 61 75 91 32 32 31 12 32 8 53 12 27 72 42 78 83 77 53 61 43 31 9 99 2 74 77 86 21 51 81 14 19 38 73 31 65 16 70 72
69 43 44 68 91 43 87 97 62 46 97 30 5 71 47 50 57 39 88 57 8 55 79 91 30 66 52 12 80 13 69 41 17 47 80 98 53 94 98 93 70 41 83 62 7 39 28 71 76 41 23 98 26 2 30 87 26 80 35 5 88 51 19 20 84 5 93 34 37 96 29 60 93 52 76
16 14 49 16 29 14 78 99 57 99 50 72 63 8 87 39 25 25 65 35 71 87 53 83 96 96 90 54 10 75 81 28 8 99 81 39 76 11 12 46 46 34 91 83 14 42 88 14 20 75 2 84 93 72 84 36 45 78 97 57 51 58 84 76 79 11 48 93 22 35 24 58 35 41 50
95 41 20 20 38 50 76 58 67 27 60 5 97 42 22 47 74 32 99 54 82 25 20 7 88 41 43 77 5 40 9 92 21 48 42 43 4 69 9 95 95 17 15 5 25 44 76 8 93 74 38 91 13 70 42 12 97 51 3 11 43 41 1 67 5 83 92 29 66 64 13 11 40 70 28
92 58 93 45 24 24 28 16 35 32 41 59 21 91 10 29 31 42 77 36 2 82 36 10 35 44 27 29 5 11 20 44 69 30 18 10 24 12 19 59 4 84 51 81 26 8 30 83 20 77 36 41 82 91 93 51 17 75 52 41 90 2 8 20 14 31 65 90 75 2 14 70 93 46 73
48 52 58 85 65 54 84 54 66 72 22 64 44 28 4 90 52 52 61 54 81 88 47 54 76 89 86 59 42 24 47 36 39 6 49 13 9 60 66 23 97 27 5 48 93 34 71 79 88 52 61 96 77 45 22 22 11 87 58 80 9 10 71 93 9 86 90 96 94 93 26 30 88 32 76
35 39 12 72 14 44 66 67 4 89 18 78 30 31 51 23 28 27 42 24 81 37 39 33 34 15 24 51 10 16 16 54 16 61 1 91 69 8 50 34 91 92 22 43 86 12 27 64 5 58 84 47 93 25 86 40 23 44 14 1 97 56 5 94 43 42 84 61 77 62 11 20 48 61 27
92 53 24 95 32 34 75 98 5 57 65 88 19 78 96 47 71 92 86 16 46 44 99 61 51 18 44 6 72 5 7 23 67 20 37 12 85 59 46 50 63 14 12 86 57 9 28 46 63 42 47 33 33 69 28 89 55 43 22 61 13 84 33 83 99 73 16 21 90 59 62 27 13 66 59
58 35 99 63 46 1 32 34 36 47 78 22 34 58 16 54 8 87 31 54 98 78 4 29 96 18 64 30 11 86 50 95 59 17 11 6 81 27 77 30 47 15 91 14 97 33 61 10 80 37 3 27 35 18 34 54 90 41 14 73 26 34 46 61 33 85 84 59 10 75 15 7 84 53 48
42 9 83 81 76 19 82 20 30 30 26 71 93 67 91 20 21 6 98 21 42 45 37 29 15 62 73 92 35 77 2 81 71 10 30 36 69 85 13 14 17 26 96 75 10 75 24 4 23 10 1 85 58 80 39 75 18 35 27 63 50 67 49 76 5 34 58 65 39 5 74 81 10 88 81
3 72 12 29 71 83 20 65 21 35 30 85 43 33 19 38 66 84 49 6 76 59 90 54 31 86 34 31 31 11 70 11 84 29 99 76 34 98 54 71 37 83 13 76 3 87 35 3 83 62 21 84 62 66 83 32 71 19 99 1 7 24 26 38 67 88 92 89 28 39 93 76 13 36 80
29 47 77 92 41 58 1 77 31 70 52 21 39 76 92 30 12 20 33 62 88 46 70 89 44 86 80 95 53 72 68 44 68 34 81 43 36 18 55 45 81 67 66 10 67 88 22 30 99 12 99 8 40 8 53 47 34 56 44 45 61 81 68 83 96 75 73 1 56 29 32 41 21 75 88
19 71 20 31 75 27 55 98 96 89 22 91 99 92 1 50 19 4 50 73 37 51 25 26 96 77 88 51 98 58 91 18 21 64 28 67 80 75 24 26 77 2 9 76 11 47 50 87 48 83 77 40 62 52 26 69 39 50 38 18 70 72 75 50 36 34 89 95 97 92 89 58 41 15 8
35 28 67 63 62 30 97 61 5 58 20 88 62 56 53 48 30 60 37 69 54 17 69 39 88 59 73 68 30 41 67 75 51 9 87 61 23 96 78 15 28 66 5 49 17 54 3 31 65 2 29 3 92 34 72 62 58 12 13 87 27 17 83 62 63 30 27 55 59 85 38 17 47 22 12
49 5 5 74 50 19 28 1 35 74 49 98 77 68 21 46 32 22 33 95 38 48 45 55 48 93 62 46 57 6 76 98 84 35 75 30 4 26 72 92 81 54 44 72 70 35 4 26 19 78 8 32 88 69 95 48 80 52 39 26 17 2 16 34 2 62 91 88 59 90 74 47 77 12 15
10 99 32 31 68 42 69 24 74 62 42 91 88 67 4 73 90 21 58 8 14 77 17 17 93 64 63 98 50 16 43 17 82 59 52 11 99 70 4 97 27 78 25 80 61 30 18 37 33 89 47 17 91 33 57 95 26 9 57 68 53 57 57 62 96 98 65 62 79 22 43 13 94 74 70
7 41 30 30 51 12 10 70 7 95 95 6 48 39 98 33 72 9 96 6 70 57 62 58 82 64 16 68 58 15 27 63 84 38 34 61 79 98 10 33 22 48 42 69 86 81 66 58 24 12 37 46 93 78 46 57 71 54 88 1 7 16 69 67 17 26 47 34 62 82 88 69 57 98 86
35 75 76 38 34 11 9 59 46 47 12 50 28 19 87 13 18 67 66 95 66 60 73 33 12 31 80 43 33 47 66 75 64 27 47 99 67 89 42 30 26 43 9 69 20 74 87 61 74 81 95 99 97 89 21 59 27 98 69 19 58 2 69 76 14 24 13 42 11 35 31 43 46 67 58
23 79 8 52 51 43 87 59 3 13 45 76 57 3 31 10 42 94 40 62 32 86 58 36 71 98 3 73 27 98 80 52 10 41 43 49 37 61 13 43 6 84 64 79 79 86 74 24 22 20 16 99 34 6 85 67 17 81 76 8 66 41 69 52 48 14 86 67 72 37 24 46 10 71 47
11 6 31 5 90 3 36 78 16 87 68 96 32 92 75 52 37 23 50 31 87 10 2 80 95 78 5 45 80 67 38 34 66 13 63 78 59 83 64 45 83 29 47 85 15 81 59 35 37 97 58 60 59 17 12 74 50 89 26 60 45 2 44 60 77 64 3 53 20 3 72 59 19 24 22
76 17 67 51 45 87 66 52 90 89 61 30 7 47 65 53 57 64 73 87 81 39 42 23 23 37 69 59 97 81 98 68 19 12 7 18 74 87 65 5 20 77 55 50 74 48 28 52 38 20 5 45 97 63 57 46 63 88 97 97 63 12 15 73 19 28 23 78 56 4 75 22 34 30 20
89 28 53 63 65 91 72 41 80 68 59 13 23 80 18 25 75 99 44 31 28 32 79 22 3 64 14 20 37 85 24 96 85 91 96 87 54 39 28 43 31 20 47 28 89 66 44 44 99 52 97 96 22 92 95 44 18 36 87 51 59 58 87 31 72 72 47 68 72 80 82 38 43 60 38
78 56 45 91 15 63 47 39 90 23 99 68 37 79 90 16 47 93 61 42 82 40 79 20 76 73 61 61 29 35 39 16 3 7 19 49 79 86 5 9 95 70 24 68 4 27 74 73 47 10 14 40 10 11 4 36 99 17 5 60 86 70 81 98 76 46 18 17 25 60 58 32 32 32 99
48 88 46 50 90 5 5 30 98 44 52 43 50 60 7 83 68 89 3 74 74 19 81 25 82 43 94 23 32 5 48 51 43 84 33 35 43 49 64 45 57 52 68 83 87 24 88 92 62 26 10 67 79 47 65 99 57 64 10 12 12 50 19 85 22 79 42 2 27 64 8 84 70 2 91
42 9 85 60 35 64 32 61 32 91 54 34 31 97 34 4 82 81 41 80 79 44 29 62 21 74 40 23 41 17 28 3 81 10 44 16 44 70 56 85 57 18 4 21 94 1 65 58 84 63 9 61 58 24 9 84 83 20 82 69 30 7 54 71 88 76 53 1 31 72 56 17 38 12 99
90 39 16 46 75 26 37 71 83 22 51 60 97 16 84 6 90 84 40 7 26 68 21 2 18 37 56 19 11 65 78 50 72 88 8 97 96 36 6 36 56 27 6 52 47 91 48 89 92 93 54 91 34 8 63 10 46 69 50 91 7 75 71 68 5 31 79 97 1 93 56 74 70 24 91
97 81 92 40 56 97 80 4 27 20 61 85 40 74 90 48 98 50 57 15 21 40 48 57 72 53 4 47 60 93 73 8 26 85 53 83 25 51 19 53 46 75 20 81 66 95 43 49 44 44 52 2 11 13 5 52 63 94 37 73 16 36 15 27 30 83 4 86 82 11 89 46 44 75 34
49 37 99 80 73 75 72 65 96 54 37 5 12 9 2 58 41 9 12 97 31 34 31 93 83 17 95 73 20 85 34 23 33 87 16 25 71 54 43 52 36 88 72 64 84 14 51 31 88 80 83 68 42 47 63 90 60 25 52 14 1 83 64 44 7 84 15 43 11 50 63 97 17 66 22
87 22 87 15 86 26 89 7 8 46 50 15 43 35 90 85 58 32 51 98 89 80 16 30 50 9 54 51 54 8 25 17 12 77 65 27 1 77 97 53 37 39 43 62 35 19 37 44 7 40 82 49 27 45 97 9 15 39 84 78 65 69 36 63 22 39 50 45 52 52 56 9 2 79 65
78 15 25 50 2 11 13 72 11 95 92 99 63 41 7 11 75 9 42 92 48 20 57 87 11 27 86 70 90 97 39 29 11 11 17 65 25 90 82 53 92 13 34 9 39 94 23 7 59 29 66 21 52 44 97 35 68 55 25 73 71 82 81 25 77 40 52 38 97 51 18 93 9 42 92
64 52 99 56 55 69 60 97 16 91 27 52 73 29 15 86 12 39 14 11 85 19 77 53 95 79 99 49 63 93 28 63 20 36 49 61 32 58 93 51 89 75 18 72 64 40 43 78 56 38 10 97 4 45 47 30 23 58 46 37 68 29 67 64 6 33 50 18 20 42 72 84 4 13 9
72 57 87 69 78 19 83 21 17 88 74 32 83 51 41 50 73 10 7 81 12 40 12 26 44 5 8 6 45 12 90 20 6 69 66 54 57 45 22 18 24 94 71 90 61 97 36 15 62 93 77 47 49 24 90 61 70 94 76 45 80 8 2 3 35 21 73 30 80 99 51 17 33 57 14
7 65 81 66 72 22 31 49 98 94 48 53 91 86 81 30 76 46 86 37 83 79 18 5 83 64 73 12 10 24 31 37 6 95 96 68 20 62 87 96 78 68 50 47 44 30 46 69 45 55 43 20 68 49 37 18 83 48 33 76 62 38 44 41 15 88 78 37 26 14 11 19 43 62 58
52 33 44 32 69 53 80 14 62 17 71 85 73 66 20 73 35 67 69 4 40 67 26 38 29 74 55 20 43 36 6 72 28 47 67 69 96 46 89 74 33 41 95 46 11 59 79 76 89 73 42 75 53 48 2 49 98 49 51 46 2 4 96 63 18 49 5 36 13 55 76 98 19 33 49
53 5 5 96 50 41 48 51 26 51 97 21 51 27 85 13 93 83 43 58 74 55 51 64 87 27 51 88 97 54 99 43 57 19 83 66 50 12 35 89 84 97 89 80 13 10 11 87 15 9 52 47 22 23 23 51 21 70 51 16 18 88 57 31 94 42 89 81 56 36 83 12 55 95 83
10 52 37 45 6 58 39 5 84 95 97 28 77 28 4 90 80 63 50 82 33 9 92 45 88 40 89 88 20 27 81 52 3 90 3 62 19 93 86 4 92 6 39 98 79 4 17 48 57 3 12 10 40 98 87 60 23 75 85 19 67 26 31 89 35 1 20 54 33 34 73 67 31 31 9
19 83 94 46 69 60 59 97 73 28 12 68 19 13 30 66 81 59 79 68 93 37 98 96 27 63 48 68 18 90 60 89 79 12 22 17 31 99 48 74 82 67 61 64 65 5 53 8 99 37 64 59 15 26 66 93 79 96 72 53 36 50 90 35 87 23 7 13 5 7 23 5 52 57 38
54 19 39 73 27 29 65 2 94 17 6 24 62 76 25 3 82 76 61 54 82 24 22 36 28 28 96 59 57 47 95 66 26 52 36 88 35 29 51 40 88 56 49 19 70 49 18 58 52 67 97 7 55 69 27 47 9 86 39 71 80 84 97 69 47 31 99 55 35 42 26 87 49 95 77
3 28 42 70 90 45 55 54 55 20 84 27 89 50 40 30 5 44 39 84 95 13 70 23 19 29 95 49 23 72 38 67 72 69 70 82 6 80 52 3 7 2 69 17 40 94 27 52 70 42 33 98 55 84 43 26 39 21 50 30 62 25 18 77 61 54 68 3 28 68 32 56 95 76 35
9 2 61 94 56 97 30 82 57 69 83 20 25 17 91 22 91 16 44 88 5 70 75 84 99 52 60 13 75 97 56 97 31 97 76 90 72 39 32 74 57 33 87 91 31 49 58 12 91 61 91 69 90 89 64 78 74 35 28 67 83 22 66 22 28 28 36 1 36 90 41 77 20 15 35
92 75 80 78 57 75 85 75 29 75 47 39 83 6 58 73 24 6 22 61 48 87 53 48 31 72 70 16 8 24 13 69 7 8 41 50 24 63 27 5 64 96 1 65 70 16 61 63 16 78 93 31 55 6 66 73 82 75 37 19 3 4 33 44 33 59 9 47 70 60 14 80 53 59 59
82 61 36 50 95 7 5 88 34 61 20 11 79 61 6 89 42 5 54 31 13 96 22 12 26 2 86 41 81 84 9 66 10 92 4 51 28 4 31 54 83 3 74 59 62 7 35 81 98 62 11 95 19 28 15 42 42 30 96 88 64 12 76 18 37 35 68 44 69 8 85 35 5 49 83
24 67 32 43 73 92 45 97 16 92 37 82 45 90 36 48 33 70 13 4 52 48 28 29 94 72 56 93 83 56 8 91 41 71 34 74 83 34 60 23 39 60 40 89 44 21 47 78 27 8 18 69 84 94 47 32 19 52 7 72 40 36 52 39 21 38 57 60 92 17 60 30 71 84 48
69 59 26 42 79 66 6 81 15 89 1 83 74 44 59 66 15 12 64 50 19 63 91 63 74 64 11 35 86 49 48 5 11 95 62 18 77 17 69 23 57 2 65 27 55 91 34 35 15 9 32 90 8 83 6 70 30 26 98 68 72 21 65 16 6 23 29 21 82 98 47 24 96 93 6
34 87 47 37 84 29 28 63 47 87 43 27 2 20 63 11 22 78 14 43 46 62 58 12 53 51 37 79 94 57 56 83 59 92 54 19 46 60 46 76 69 58 20 53 40 19 93 76 51 8 81 50 95 99 42 91 56 55 25 51 73 9 23 30 46 43 15 67 39 64 79 78 55 50 2
63 26 64 41 11 20 29 38 66 51 53 81 30 23 10 93 76 18 40 8 39 96 67 31 22 3 45 37 58 74 2 54 30 72 71 21 78 81 58 77 46 3 13 74 10 27 55 40 35 68 7 13 66 74 15 42 97 8 28 3 44 11 56 28 83 98 87 30 90 91 68 53 63 80 72
65 37 59 4 75 49 20 13 3 55 4 19 14 76 61 80 22 29 60 49 99 13 11 19 53 39 75 27 65 45 29 43 65 14 41 75 61 55 11 66 1 9 67 1 72 62 32 9 29 9 52 58 73 1 15 36 53 73 83 14 17 38 64 86 13 50 63 69 50 32 94 35 14 56 87
67 18 56 11 17 86 94 52 3 90 50 56 27 62 83 22 93 3 1 80 16 58 2 58 65 67 50 6 45 21 72 79 71 86 25 83 39 61 78 28 64 39 45 91 5 23 21 35 44 52 23 97 95 63 3 7 74 47 68 40 57 62 55 89 42 94 6 8 74 2 15 76 92 38 26
96 96 47 6 10 86 98 75 15 29 70 29 7 15 95 77 24 76 7 14 38 91 97 76 78 78 70 40 64 93 53 47 9 84 48 57 99 20 90 31 24 14 84 62 36 93 73 13 5 19 76 10 6 78 30 96 27 22 45 76 28 9 36 53 74 70 99 70 30 85 63 29 80 67 97
79 16 25 76 61 76 44 73 56 65 18 80 7 12 43 4 71 95 49 10 92 10 75 89 74 13 4 52 17 20 41 85 69 93 12 70 35 73 67 25 84 43 10 7 97 51 56 72 80 2 78 20 7 26 80 73 97 97 2 53 67 75 36 21 87 33 52 5 63 57 25 1 62 91 40
69 19 35 11 26 3 63 61 28 31 61 42 66 93 3 29 85 60 98 74 30 5 86 74 5 57 26 85 2 27 70 1 42 93 18 32 26 53 43 43 89 51 65 32 40 91 80 54 35 31 21 19 70 66 62 55 55 55 5 37 1 42 15 18 72 69 98 47 78 17 7 79 86 30 29
65 67 26 83 23 67 15 71 41 36 95 97 36 50 61 40 18 30 70 74 9 51 61 91 15 82 25 24 87 19 5 44 39 71 61 10 72 68 92 36 11 20 56 34 59 41 28 32 24 3 21 15 23 17 11 33 28 82 34 97 62 38 13 81 69 50 65 89 88 1 43 34 58 40 5
52 8 2 91 40 5 87 58 66 78 77 73 27 19 26 16 3 85 15 60 49 3 66 61 39 83 47 13 17 3 64 51 1 4 7 80 49 23 3 37 71 37 9 1 13 49 64 60 69 63 42 38 88 2 73 6 60 33 35 46 52 4 6 40 72 21 87 36 71 42 25 98 26 58 5
13 15 64 68 30 67 74 69 49 93 9 60 74 83 31 65 78 77 53 26 44 24 9 58 70 95 19 85 40 73 29 10 43 8 81 75 88 56 20 12 60 88 12 6 18 20 97 74 23 91 27 49 63 11 30 77 6 38 51 18 46 39 73 65 83 30 75 91 30 12 31 79 19 33 91
87 43 85 45 86 32 34 3 72 41 61 90 20 51 56 9 64 26 84 25 9 70 15 45 97 64 44 89 90 87 78 49 90 99 78 77 51 72 95 59 80 10 51 61 4 68 85 1 38 53 52 28 31 84 74 59 91 40 16 76 43 20 9 6 64 4 77 45 61 83 61 2 81 97 77
82 1 28 60 44 48 2 85 66 87 86 87 77 17 47 74 18 71 97 96 33 8 4 82 79 97 94 58 13 75 71 42 68 69 19 24 72 13 90 3 73 76 33 32 65 49 4 46 39 3 76 61 1 20 2 44 29 81 9 25 4 33 9 13 89 22 60 25 33 50 55 61 31 92 12
31 5 53 5 79 18 83 66 5 16 16 48 52 95 54 87 53 98 14 59 36 53 57 84 41 58 86 24 24 92 54 28 20 74 11 90 30 38 69 74 77 71 30 16 52 98 20 72 77 21 41 76 57 36 92 67 93 89 72 34 52 8 36 33 9 66 33 62 24 87 69 32 10 72 74
53 65 7 27 63 37 46 27 59 87 87 57 96 82 61 90 70 96 39 45 94 25 61 55 14 61 43 76 89 96 65 79 43 5 74 4 37 33 28 24 27 15 84 57 85 96 77 79 89 7 33 14 93 64 35 98 99 36 77 57 39 90 19 38 61 33 51 25 37 90 19 91 53 19 34
65 23 22 74 1 86 3 18 91 87 4 81 66 53 76 76 82 41 24 7 54 87 29 40 30 1 18 26 21 62 9 78 6 44 6 55 82 13 79 61 11 56 50 61 29 32 31 28 95 25 40 47 4 6 47 3 31 30 34 64 50 12 71 44 41 9 77 12 53 73 56 84 55 15 50
76 61 34 85 79 63 61 32 96 78 20 92 32 7 9 3 95 78 75 55 94 70 68 11 65 54 79 76 14 99 48 26 94 16 83 96 47 47 72 11 81 52 19 86 46 84 61 46 66 61 16 46 28 5 75 83 75 50 99 68 60 38 19 69 62 15 96 68 65 55 97 60 14 81 95
98 7 15 43 48 14 58 24 15 63 59 48 12 52 21 39 65 23 85 15 39 96 20 98 35 80 12 90 74 91 58 53 32 30 85 47 70 89 45 52 17 36 77 89 45 51 92 40 79 5 43 73 24 93 96 59 35 14 22 43 21 70 48 23 93 60 57 70 39 45 16 19 43 19 29
55 52 46 3 82 72 29 61 2 97 66 13 47 52 57 92 39 14 89 47 59 37 63 32 52 47 15 38 90 72 95 24 13 69 55 63 69 68 68 53 37 94 36 52 95 57 86 61 39 9 21 19 15 73 37 73 29 90 9 9 19 12 12 54 85 77 54 69 44 44 93 16 28 70 96
61 17 9 42 67 28 29 59 4 56 77 1 29 57 41 66 56 52 47 57 89 62 44 49 5 68 37 32 33 82 76 33 1 5 23 94 33 95 16 71 36 36 66 93 81 21 92 70 90 78 28 21 66 19 58 75 66 73 75 15 26 41 80 23 97 95 31 48 14 90 82 70 92 56 20
93 89 74 14 97 53 19 13 64 54 72 50 18 50 4 59 43 87 72 89 86 53 28 72 27 68 6 90 42 37 34 94 12 50 54 8 81 30 62 96 53 71 64 54 18 93 67 55 10 17 5 61 20 48 87 89 32 83 34 91 90 46 8 12 24 9 6 23 34 2 25 40 22 74 44
30 14 93 93 21 34 8 58 96 25 80 82 71 93 94 25 49 98 26 24 80 31 88 31 23 79 3 87 17 64 64 44 70 22 39 31 48 83 22 31 51 74 51 91 8 74 97 17 31 34 83 28 70 73 28 30 54 15 21 41 1 10 39 27 99 82 57 71 92 96 76 64 14 40 5
16 64 35 60 78 16 91 34 43 86 67 3 59 75 24 63 39 52 75 56 51 40 11 48 48 39 21 2 22 45 79 82 45 62 7 29 29 15 32 40 23 88 81 3 79 60 82 6 93 19 10 75 10 57 20 50 64 65 70 68 14 52 25 33 53 92 28 92 86 18 24 55 97 87 56
40 8 75 21 5 40 52 64 69 75 16 81 57 97 10 93 30 45 29 23 19 13 95 16 14 56 58 9 7 10 51 2 70 26 16 8 71 44 95 19 75 59 43 48 95 55 76 80 4 96 29 52 86 37 18 17 82 74 64 9 56 46 24 87 46 70 11 66 41 91 76 10 80 35 34
58 88 59 31 60 45 43 33 78 76 26 29 30 49 22 35 70 71 69 94 27 33 71 85 70 9 99 95 61 96 13 13 73 67 20 60 79 18 52 72 13 71 50 25 24 2 9 82 68 1 40 41 95 91 75 95 48 94 27 59 11 66 93 16 35 1 59 5 14 17 67 72 74 36 61
52 8 94 39 75 9 61 89 95 70 76 7 9 82 53 80 59 85 76 14 99 62 30 10 91 89 60 41 37 84 27 41 97 95 2 45 82 46 75 86 6 49 75 81 23 59 91 20 65 6 54 99 93 61 99 56 66 20 90 85 91 61 5 38 69 73 79 78 86 65 31 16 92 74 11
23 89 33 92 67 78 62 82 79 54 14 38 3 77 48 68 1 56 36 84 73 12 56 13 77 93 62 25 47 96 90 99 86 89 60 2 16 81 33 41 96 58 29 47 88 48 21 65 14 22 97 31 80 87 87 42 13 77 10 66 66 75 98 65 56 13 90 45 42 93 46 93 38 43 71
47 60 96 75 74 66 95 4 60 35 72 10 7 75 3 74 31 23 12 63 5 95 40 84 88 27 54 74 42 6 2 89 68 88 17 84 52 16 59 37 11 29 58 71 34 90 76 84 5 54 59 11 27 81 94 29 10 81 7 97 81 12 99 79 37 46 17 66 33 64 89 82 61 48 27
45 91 80 95 86 69 12 65 86 63 97 30 24 58 60 92 83 83 75 31 4 8 44 24 13 73 57 55 62 89 34 11 66 81 16 35 66 77 4 24 85 65 49 35 57 78 54 56 3 61 81 23 28 84 8 43 2 92 32 35 58 77 50 99 66 72 95 56 90 23 96 90 41 64 13
16 46 78 69 70 23 24 8 49 80 50 63 57 52 56 32 59 38 32 9 85 21 39 70 64 8 28 84 83 21 79 23 24 93 26 88 84 87 1 33 84 4 81 80 79 48 15 11 39 28 11 7 16 59 61 1 46 2 50 66 52 78 28 2 56 69 23 47 76 68 39 90 70 52 29
57 19 27 40 13 51 90 21 6 36 35 33 73 67 75 95 96 26 31 77 33 39 58 49 13 6 44 27 3 40 24 26 80 78 78 11 99 59 61 53 8 44 75 89 22 6 73 90 78 62 68 98 15 56 74 67 80 71 27 86 50 76 38 25 98 93 52 83 82 62 89 98 61 51 8
16 54 35 32 49 67 97 56 51 81 11 68 3 42 2 11 13 67 50 75 88 76 25 8 23 67 88 54 86 85 69 90 3 84 84 60 43 19 39 89 60 36 55 52 35 24 49 49 8 46 88 29 61 58 81 36 36 44 5 23 83 48 58 55 91 16 4 6 40 89 28 61 76 61 79
71 21 40 15 97 65 45 15 89 29 99 65 7 3 58 70 80 58 88 2 68 56 90 72 82 23 10 72 36 5 77 40 91 57 94 95 21 47 98 65 19 49 49 80 95 32 90 39 60 54 78 39 2 79 80 2 78 57 28 94 66 65 91 4 62 53 2 10 21 82 57 74 11 56 22
5 7 47 75 86 8 96 59 11 27 72 89 55 18 37 27 79 71 7 77 83 83 35 90 65 57 24 13 20 31 39 35 3 41 50 90 82 83 21 81 93 57 4 27 97 49 20 98 43 21 14 14 31 46 99 89 3 58 93 91 48 66 24 40 17 35 10 31 89 45 95 44 23 74 16
52 97 23 44 45 4 42 75 67 49 85 50 57 52 77 85 76 87 5 15 70 35 42 43 62 33 54 14 97 32 35 21 66 70 5 81 55 75 81 55 43 72 63 1 83 92 18 46 70 54 3 76 80 63 55 25 42 78 60 67 36 96 93 55 45 54 52 46 35 95 81 16 50 87 48
79 80 2 1 76 58 80 47 38 62 21 84 20 46 64 31 22 7 68 75 98 73 13 53 8 38 10 34 92 72 75 18 46 55 43 88 79 44 68 77 72 24 82 95 61 95 43 1 82 40 93 95 43 30 67 74 87 45 67 88 67 95 63 48 59 57 18 45 34 70 75 30 26 93 14
13 32 34 20 56 85 62 69 31 27 81 48 96 4 62 16 7 95 18 28 32 5 41 26 79 26 35 8 35 33 62 60 81 68 72 81 84 37 99 7 4 73 95 1 53 38 68 9 41 85 17 94 31 66 32 54 55 4 6 83 32 87 44 70 39 54 31 55 74 90 55 23 97 62 18
92 70 85 31 57 68 74 59 85 87 36 10 73 47 74 48 74 87 64 79 6 95 62 15 36 65 26 61 74 84 54 77 76 35 90 85 57 13 72 57 18 27 37 89 28 50 53 29 81 50 94 33 79 56 39 32 23 15 55 70 52 13 81 82 70 18 4 54 68 30 94 33 44 31 38
71 86 10 76 2 34 3 45 56 90 71 4 42 53 69 78 44 56 32 39 54 40 71 35 78 88 38 77 23 47 2 95 78 78 98 79 13 74 87 23 52 68 76 71 24 79 80 31 66 63 43 31 87 71 58 82 96 38 82 60 63 19 45 56 80 18 81 31 15 59 40 39 52 17 26
45 53 33 46 55 28 77 63 39 11 34 59 3 3 68 39 19 97 18 25 98 68 93 93 46 40 44 30 64 9 17 96 83 63 39 68 80 46 27 66 83 43 60 54 83 3 24 16 43 29 86 46 80 5 89 28 88 83 60 4 5 72 56 38 98 47 76 51 35 36 81 48 36 5 26
51 35 36 92 75 38 81 8 64 54 97 25 14 68 86 63 21 1 24 10 53 54 44 62 15 97 19 39 57 96 90 97 81 73 32 32 85 99 13 79 57 89 71 35 12 35 37 87 44 28 43 60 40 63 86 48 91 1 43 35 14 52 66 36 58 39 57 71 11 74 91 88 36 79 64
8 67 86 31 21 90 74 75 88 20 14 45 16 56 5 39 94 67 41 54 38 63 85 88 45 98 34 80 24 75 53 89 67 16 91 97 49 91 10 48 59 90 78 72 48 56 15 96 39 67 7 95 67 50 50 72 72 9 14 1 34 7 75 5 15 19 60 44 15 79 65 68 7 61 99
79 27 92 49 27 53 92 7 1 38 70 61 99 68 28 14 60 9 62 16 76 99 53 90 79 63 67 8 5 28 59 47 87 74 39 85 66 5 97 55 55 34 68 7 56 56 64 1 25 75 25 94 40 66 67 5 71 15 5 33 96 42 67 64 58 62 23 5 7 25 60 35 74 87 69
4 65 33 57 96 36 96 24 86 85 93 26 7 78 35 76 7 70 62 6 78 38 62 64 9 38 75 55 45 91 17 6 35 49 63 87 2 13 15 66 12 75 98 75 18 64 9 82 1 72 41 34 16 75 96 37 35 31 98 25 84 86 46 93 13 35 92 93 55 54 91 66 43 82 89
96 84 29 56 20 2 1 80 29 88 76 49 32 70 43 19 19 55 93 61 30 38 56 86 47 40 53 28 49 25 8 92 49 95 77 90 28 47 50 1 15 54 15 99 32 46 93 67 20 78 14 31 99 15 51 23 1 32 55 84 99 66 42 96 79 48 18 21 61 1 91 32 32 55 79
82 58 10 72 93 26 7 55 56 56 94 51 47 87 73 40 8 5 25 69 4 49 90 50 82 86 86 40 42 67 51 21 89 34 41 56 28 9 67 18 42 9 60 24 31 58 83 59 79 64 83 98 51 37 85 67 63 68 48 4 45 3 51 57 59 60 74 99 54 77 71 92 81 1 95
55 11 31 69 62 25 35 31 76 60 6 72 63 65 98 4 24 42 88 46 20 25 67 28 82 68 58 89 59 79 55 90 55 12 72 42 75 15 48 25 95 4 36 80 48 68 91 62 28 72 33 56 82 57 46 87 23 15 52 74 72 35 12 83 41 6 72 79 67 28 33 89 60 39 6
97 56 29 32 10 50 60 25 16 86 93 45 14 46 82 90 47 24 95 13 80 4 73 45 52 66 16 14 15 6 79 82 50 32 2 65 28 43 37 85 87 76 48 59 48 65 99 55 57 47 33 45 38 96 71 99 21 36 67 30 47 96 14 20 85 38 46 85 6 53 91 26 21 57 93
77 38 31 8 97 34 5 33 14 93 58 89 31 7 73 73 64 90 45 14 14 17 35 88 4 77 28 31 79 80 35 37 13 21 68 57 16 65 29 86 9 44 29 65 77 18 68 48 11 8 53 9 97 16 65 13 80 14 48 50 27 11 89 33 58 35 32 68 45 37 87 56 14 82 44
49 79 86 65 23 74 36 65 31 3 83 12 29 92 46 61 24 71 14 9 76 37 46 73 70 90 48 26 6 2 92 87 70 99 46 11 63 54 8 62 14 43 51 93 3 91 73 41 17 76 72 51 96 27 38 72 72 55 88 75 86 14 74 41 82 55 75 50 97 79 44 29 1 28 6
21 73 66 85 48 90 10 72 86 61 31 58 38 87 32 76 46 58 88 16 6 13 48 73 93 54 39 55 72 85 72 34 86 82 88 56 80 66 54 64 38 70 68 67 67 25 2 51 58 43 19 73 89 44 64 21 73 26 10 24 76 21 69 73 98 45 38 70 53 87 97 27 10 39 88
2 75 51 31 52 42 49 80 19 93 91 67 14 13 77 92 50 14 7 17 7 25 80 96 40 74 95 98 49 9 2 46 92 14 77 98 90 48 35 97 15 21 79 36 8 15 43 3 10 63 67 35 85 95 42 97 54 65 23 91 43 70 99 1 52 61 20 8 82 82 4 28 39 76 8
23 87 36 20 94 92 20 25 81 48 24 35 92 83 52 95 12 87 91 99 6 91 62 11 12 67 71 32 50 49 37 32 74 7 97 14 13 4 69 75 61 98 82 2 39 1 86 3 48 61 20 66 38 88 99 40 66 57 74 12 99 36 1 19 35 30 52 36 48 65 10 95 98 97 99
14 37 14 34 45 7 29 68 37 28 8 25 48 27 8 89 20 20 61 12 51 3 15 34 83 90 22 37 83 63 78 52 20 41 22 27 99 1 73 97 30 20 52 43 48 95 62 55 62 49 95 75 95 21 44 63 67 30 71 22 82 18 5 78 95 1 79 89 16 37 85 33 70 29 32
85 55 79 5 83 77 39 40 68 90 9 46 98 46 43 51 55 74 85 92 35 70 99 99 4 73 51 52 47 3 43 8 84 11 43 7 68 48 92 71 94 6 89 75 23 90 65 59 98 85 79 11 93 63 54 66 3 65 96 78 96 27 4 76 24 50 67 34 80 9 53 57 15 66 59
88 77 69 99 58 76 28 88 31 33 97 48 15 54 58 11 69 91 18 76 55 88 72 79 75 5 48 77 41 57 77 38 42 80 88 19 93 31 67 83 8 15 37 56 59 15 42 98 62 52 3 58 67 83 33 87 96 75 47 28 36 21 26 81 43 74 67 57 48 71 69 56 16 15 24
73 81 27 72 12 76 23 82 24 26 78 18 48 3 20 59 46 25 77 5 79 65 58 80 36 85 91 69 92 76 87 1 52 37 8 20 87 49 92 86 63 13 3 28 41 85 91 33 57 49 63 83 46 93 46 23 52 42 38 74 69 23 61 68 22 34 40 83 79 72 13 54 97 90 66
90 54 39 59 94 38 81 25 31 11 23 11 51 74 34 85 90 39 62 84 77 7 71 43 33 88 62 43 77 40 93 27 32 32 20 92 27 90 46 60 89 41 91 96 22 82 6 78 54 77 89 90 71 51 67 52 39 89 57 93 8 51 52 79 74 37 63 45 23 69 14 40 17 62 44
18 33 97 8 87 18 78 83 88 91 75 93 86 33 81 61 8 20 97 91 51 73 35 2 34 8 56 83 44 67 89 49 4 55 50 5 7 98 46 1 99 4 65 7 48 43 82 87 35 1 5 42 43 88 10 5 89 7 88 11 47 93 70 73 60 13 76 56 46 32 84 79 82 90 67
9 80 20 38 46 88 43 51 54 71 23 32 33 72 61 27 20 2 69 16 63 61 98 85 93 37 64 1 70 26 90 19 9 11 31 62 50 99 54 17 40 11 59 86 2 92 71 16 64 13 58 59 3 83 68 60 57 71 41 37 87 28 32 71 50 48 33 51 29 50 85 91 72 70 46
48 34 63 10 29 12 22 46 40 25 38 72 27 5 2 47 28 2 36 77 26 89 93 52 90 7 30 88 74 34 81 30 73 35 95 56 49 20 57 48 32 99 7 25 96 17 31 66 62 80 4 19 46 92 15 19 39 5 31 55 34 80 74 27 32 13 61 12 2 41 87 82 42 9 23
12 63 29 4 50 60 61 5 73 8 80 8 60 97 74 75 62 10 72 24 8 46 99 50 25 26 63 30 34 73 20 12 8 63 28 64 15 5 99 34 82 15 86 76 84 82 92 88 13 22 99 27 33 24 1 21 96 75 47 58 59 39 75 35 16 49 93 27 12 98 5 76 68 93 57
30 64 51 35 53 64 39 30 59 65 37 59 47 33 10 19 23 91 12 19 45 92 25 93 18 18 84 86 86 51 22 85 80 28 31 64 82 37 61 85 31 19 53 84 58 70 11 7 20 78 97 40 51 88 98 34 36 64 53 22 95 56 59 36 61 81 68 45 78 92 99 7 93 98 11
70 55 6 13 14 47 79 4 76 87 94 95 96 2 57 57 87 48 89 4 1 86 60 33 34 39 10 52 46 44 69 81 92 13 80 9 79 3 87 11 45 86 46 6 23 56 89 47 48 19 22 11 34 24 93 12 74 29 50 17 63 93 46 59 29 68 14 47 35 66 88 2 64 81 45
71 49 46 25 82 54 84 17 12 89 74 26 60 37 52 91 14 48 55 82 38 11 66 34 34 74 24 50 90 70 51 40 21 3 95 83 83 11 96 93 56 43 50 49 27 47 22 44 20 32 84 57 74 5 58 36 18 59 9 92 30 22 97 45 17 65 45 78 22 97 53 61 24 90 61
1 63 34 18 66 94 97 34 10 39 3 45 34 22 76 7 83 21 17 15 9 21 46 98 13 81 10 1 13 26 18 57 49 96 29 22 14 99 41 90 57 26 49 46 20 12 78 73 81 19 40 80 3 69 77 98 19 67 92 62 1 74 40 61 39 28 15 53 98 25 89 66 5 41 97
19 66 31 18 96 21 89 92 27 15 98 11 58 92 63 70 83 82 3 82 16 91 38 17 31 34 4 9 16 91 40 79 18 16 36 6 89 61 63 35 2 93 32 2 51 61 27 64 18 91 63 79 9 70 95 21 27 53 3 77 79 10 81 95 20 79 24 44 49 83 77 77 7 14 74
3 86 95 76 31 15 1 34 73 5 76 55 91 14 24 98 59 94 92 71 64 76 88 99 99 23 76 55 67 3 60 71 79 99 71 9 95 88 57 56 34 36 45 27 35 38 51 20 25 48 7 55 55 82 62 86 27 22 7 85 39 20 32 14 43 27 83 47 97 32 86 2 33 97 37
21 85 8 97 64 70 21 33 20 59 89 4 65 27 62 44 64 73 14 79 84 68 29 6 79 20 95 84 2 48 96 86 51 60 55 60 9 2 70 51 81 7 70 32 78 3 78 63 9 36 53 37 57 34 8 75 96 47 37 19 93 60 87 60 91 51 77 7 11 59 5 17 24 71 64
29 55 48 9 20 76 99 9 43 63 31 83 46 8 6 62 94 74 98 85 20 32 1 98 28 15 54 29 16 42 70 33 47 71 83 71 46 59 86 26 59 89 38 37 96 65 28 90 2 89 79 45 74 13 31 93 15 64 11 50 44 93 44 74 7 34 92 94 48 41 27 1 71 8 78
14 42 25 1 35 56 87 44 84 75 43 81 46 41 61 34 42 97 24 97 85 37 87 90 80 50 46 79 96 53 4 62 68 45 63 55 17 86 91 72 36 72 86 80 37 14 63 45 77 23 86 8 89 86 72 35 62 10 78 72 81 28 81 6 2 18 88 94 3 79 95 15 24 46 84

Demandas:
0 0 0 0 0 0 1
0 0 0 1 0 0 0
0 0 1 0 0 0 0
0 0 0 1 0 0 0
0 1 0 0 0 0 0
0 0 0 0 0 1 0
0 0 0 0 0 0 1
0 0 0 0 0 0 1
0 1 0 0 0 0 0
1 0 0 0 0 0 0
1 0 0 0 0 0 0
0 0 0 0 0 0 1
0 0 1 0 0 0 0
0 0 0 0 1 0 0
0 1 0 0 0 0 0
0 1 0 0 0 0 0
0 0 0 0 0 1 0
0 0 0 1 0 0 0
0 0 0 1 0 0 0
0 1 0 0 0 0 0
0 0 0 0 0 0 1
0 0 0 1 0 0 0
0 0 0 1 0 0 0
1 0 0 0 0 0 0
0 0 0 0 1 0 0
0 0 0 0 0 1 0
0 0 1 0 0 0 0
0 0 1 0 0 0 0
0 0 0 0 1 0 0
0 0 1 0 0 0 0
0 0 0 1 0 0 0
0 0 0 0 0 1 0
0 0 0 0 0 0 1
1 0 0 0 0 0 0
0 0 0 0 0 1 0
1 0 0 0 0 0 0
1 0 0 0 0 0 0
0 0 0 0 0 1 0
0 0 1 0 0 0 0
1 0 0 0 0 0 0
0 0 0 0 0 1 0
0 1 0 0 0 0 0
0 0 0 0 0 0 1
0 0 0 0 0 0 1
1 0 0 0 0 0 0
0 0 0 0 1 0 0
0 0 1 0 0 0 0
0 0 0 0 1 0 0
0 0 0 0 0 0 1
0 0 0 0 0 1 0
1 0 0 0 0 0 0
1 0 0 0 0 0 0
0 0 0 0 0 1 0
0 1 0 0 0 0 0
0 0 0 0 0 0 1
0 0 0 0 1 0 0
0 0 0 0 0 0 1
1 0 0 0 0 0 0
0 0 0 0 0 1 0
0 0 1 0 0 0 0
0 0 0 0 0 0 1
0 0 0 0 0 0 1
0 0 0 0 0 1 0
0 0 0 0 0 0 1
0 1 0 0 0 0 0
0 0 0 1 0 0 0
0 0 0 0 1 0 0
0 0 1 0 0 0 0
1 0 0 0 0 0 0
0 0 1 0 0 0 0
0 0 0 0 0 0 1
0 0 1 0 0 0 0
0 0 0 0 0 0 1
0 0 0 0 1 0 0
0 0 0 0 0 1 0
0 1 0 0 0 0 0
0 0 1 0 0 0 0
1 0 0 0 0 0 0
0 0 0 0 0 1 0
0 0 0 1 0 0 0
1 0 0 0 0 0 0
0 0 0 0 0 1 0
1 0 0 0 0 0 0
0 0 1 0 0 0 0
0 0 0 0 1 0 0
0 0 0 0 0 0 1
0 0 0 0 0 0 1
0 0 0 0 1 0 0
0 1 0 0 0 0 0
0 1 0 0 0 0 0
0 0 0 0 0 0 1
0 1 0 0 0 0 0
0 0 0 1 0 0 0
0 0 0 1 0 0 0
0 0 0 0 0 1 0
0 0 0 1 0 0 0
0 0 0 0 1 0 0
0 0 0 0 0 1 0
0 0 0 0 0 0 1
0 1 0 0 0 0 0
0 0 1 0 0 0 0
0 0 1 0 0 0 0
0 1 0 0 0 0 0
0 0 0 0 1 0 0
0 0 0 0 0 1 0
0 0 1 0 0 0 0
0 0 0 1 0 0 0
0 1 0 0 0 0 0
0 0 0 0 0 0 1
0 0 0 1 0 0 0
0 0 0 0 0 1 0
0 1 0 0 0 0 0
0 0 0 0 0 1 0
0 0 0 0 1 0 0
0 0 1 0 0 0 0
0 0 0 1 0 0 0
0 0 0 1 0 0 0
0 0 0 0 1 0 0
0 0 0 0 0 1 0
0 0 0 0 0 1 0
0 0 1 0 0 0 0
0 0 0 0 0 0 1
1 0 0 0 0 0 0
0 1 0 0 0 0 0
0 0 0 0 0 0 1
0 0 1 0 0 0 0
0 0 0 0 0 0 1
0 0 0 0 0 0 1
0 0 0 0 0 1 0
0 0 1 0 0 0 0
0 0 0 0 0 0 1
0 0 0 1 0 0 0
0 0 0 0 0 0 1
0 0 0 0 1 0 0
0 0 0 0 1 0 0
0 0 0 1 0 0 0
0 0 0 1 0 0 0
1 0 0 0 0 0 0
0 1 0 0 0 0 0
0 0 0 1 0 0 0
0 0 0 0 1 0 0
0 0 0 1 0 0 0
0 0 0 1 0 0 0
1 0 0 0 0 0 0
0 1 0 0 0 0 0
1 0 0 0 0 0 0
0 0 0 0 0 0 1
0 0 0 0 0 0 1
0 0 0 0 1 0 0
0 0 0 1 0 0 0
0 1 0 0 0 0 0
1 0 0 0 0 0 0
0 1 0 0 0 0 0
0 0 1 0 0 0 0
0 0 0 0 0 0 1
1 0 0 0 0 0 0
1 0 0 0 0 0 0
0 0 0 0 1 0 0
1 0 0 0 0 0 0
0 1 0 0 0 0 0
0 1 0 0 0 0 0
0 0 0 0 1 0 0
0 0 1 0 0 0 0
0 0 0 0 1 0 0
1 0 0 0 0 0 0
1 0 0 0 0 0 0
0 1 0 0 0 0 0
0 0 0 0 1 0 0
0 0 0 0 0 1 0
0 0 0 0 1 0 0
0 1 0 0 0 0 0
0 1 0 0 0 0 0
0 0 1 0 0 0 0
0 0 1 0 0 0 0
0 0 0 0 1 0 0
0 0 0 1 0 0 0
0 1 0 0 0 0 0
0 1 0 0 0 0 0
0 0 0 0 0 0 1
1 0 0 0 0 0 0
0 0 0 1 0 0 0
1 0 0 0 0 0 0
0 0 0 0 0 0 1
0 0 1 0 0 0 0
0 0 0 0 0 0 1
0 0 0 1 0 0 0
0 0 0 0 0 0 1
0 1 0 0 0 0 0
1 0 0 0 0 0 0
0 0 0 0 1 0 0
0 0 0 1 0 0 0
1 0 0 0 0 0 0
0 0 0 0 0 0 1
0 1 0 0 0 0 0
1 0 0 0 0 0 0
0 0 0 0 0 0 1
0 0 0 1 0 0 0
0 1 0 0 0 0 0
1 0 0 0 0 0 0
0 0 0 0 0 0 1
0 1 0 0 0 0 0
0 0 0 0 0 1 0
0 0 0 0 0 1 0
0 0 1 0 0 0 0
0 0 0 0 1 0 0
0 1 0 0 0 0 0
0 0 0 1 0 0 0
0 0 0 1 0 0 0
0 0 0 0 0 1 0
0 0 0 0 0 0 1
0 0 0 1 0 0 0
0 0 0 1 0 0 0
0 0 1 0 0 0 0
1 0 0 0 0 0 0
0 0 0 0 1 0 0
0 0 0 0 0 0 1
0 0 0 0 1 0 0
0 0 1 0 0 0 0
0 0 1 0 0 0 0
0 0 0 1 0 0 0
0 0 1 0 0 0 0
0 0 0 0 0 1 0
0 0 0 0 1 0 0
0 0 0 0 0 1 0
0 0 0 0 1 0 0
1 0 0 0 0 0 0
0 0 0 1 0 0 0
0 1 0 0 0 0 0
0 0 0 0 0 1 0
0 0 0 0 1 0 0
1 0 0 0 0 0 0
0 0 0 1 0 0 0
0 0 0 1 0 0 0
0 0 0 1 0 0 0
0 0 0 1 0 0 0
0 0 0 0 1 0 0
0 0 0 0 0 1 0
0 0 1 0 0 0 0
0 0 0 0 0 0 1
0 0 0 0 1 0 0
0 0 0 0 1 0 0
0 0 0 0 1 0 0
1 0 0 0 0 0 0
0 0 0 0 0 1 0
1 0 0 0 0 0 0
0 0 0 0 0 0 1
0 0 0 0 0 1 0
0 0 1 0 0 0 0
0 0 1 0 0 0 0
0 0 0 0 0 1 0

Capacidades:
4 4 4 0 2 0 4
1 1 2 0 4 1 0
2 3 3 3 1 1 2
4 2 3 0 4 3 0
2 3 4 4 0 3 3
2 0 3 4 3 0 3
1 2 1 0 4 3 4
3 1 1 4 1 4 4
2 4 4 2 0 1 4
0 2 1 3 2 2 2
3 0 3 3 0 1 0
4 3 4 0 3 2 4
1 2 3 4 1 1 3
2 3 2 1 0 4 0
1 0 3 4 0 0 3
1 1 1 1 0 3 1
0 3 1 0 4 3 1
3 3 2 0 0 1 4
0 4 2 4 0 1 4
1 2 3 3 2 1 2
2 0 4 2 4 2 4
2 0 4 2 1 1 0
4 0 2 2 2 4 0
2 2 2 2 2 0 1
3 1 3 1 0 4 3
0 1 3 3 0 0 1
0 1 3 0 0 0 1
2 1 2 1 1 1 3
3 1 0 3 1 4 3
2 3 1 4 3 1 4
1 1 4 2 3 4 1
1 3 1 2 3 3 1
2 2 4 1 4 4 0
1 4 4 3 1 1 4
4 1 4 1 3 3 3
0 3 2 4 3 3 0
4 1 4 3 1 3 3
3 2 1 1 0 3 2
4 2 2 3 2 0 2
2 0 0 0 0 1 0
3 1 3 0 3 3 2
2 1 3 0 3 3 0
2 3 2 1 2 2 3
1 1 2 4 3 0 3
0 3 2 0 1 2 2
4 3 1 2 2 4 0
3 4 1 4 2 1 1
1 0 4 2 0 1 1
2 0 0 0 3 2 0
3 3 0 1 4 3 2
1 4 1 2 3 2 0
4 1 4 2 1 1 3
1 0 0 3 4 2 3
1 0 0 4 4 0 1
4 2 1 3 4 2 1
4 4 4 0 3 0 4
0 1 2 2 2 3 3
0 2 2 1 0 0 0
0 0 1 3 3 4 4
2 2 3 3 3 4 3
0 2 0 3 4 2 3
2 4 0 0 4 4 2
4 0 3 3 2 2 1
4 1 3 3 0 1 3
3 4 4 0 0 1 4
2 3 2 1 0 0 0
0 4 1 0 1 4 3
1 2 1 1 4 3 2
1 1 2 3 4 3 1
0 3 3 4 3 2 2
2 4 2 1 0 1 2
2 2 2 0 2 1 0
1 4 0 2 4 4 4
4 3 0 3 3 4 1
1 0 0 3 1 3 0
