m: 250
n: 75
k: 7

Distancias:
36 44 9 19 17 78 81 55 31 81 14 66 91 30 15 96 91 60 26 39 92 89 47 33 69 40 84 84 16 76 78 23 71 60 30 22 48 43 32 91 73 54 84 10 11 13 6 50 96 37 46 1 42 40 11 17 56 9 29 79 78 33 64 5 24 73 61 3 74 81 4 87 50 83 36
31 64 97 50 37 78 89 68 19 31 62 44 76 85 61 65 37 92 2 57 21 86 91 37 20 61 7 36 7 51 13 25 65 26 74 19 90 27 79 51 43 21 96 72 63 52 96 27 60 9 22 8 49 96 2 86 54 79 98 31 78 12 63 43 79 2 94 98 15 24 15 33 8 2 39
80 6 72 35 60 35 22 48 2 1 76 43 28 76 67 33 4 38 81 64 95 12 40 23 16 21 93 1 15 56 54 32 65 35 39 96 70 94 79 94 39 18 43 77 66 52 89 56 13 88 13 50 73 92 41 5 57 73 68 99 6 80 31 69 61 9 89 13 96 49 14 97 28 16 38
56 87 90 69 39 75 20 36 39 4 73 43 35 3 36 57 47 47 19 55 9 65 83 38 71 33 94 51 42 21 24 36 20 58 53 54 99 62 80 86 76 85 13 47 58 15 8 91 6 61 2 9 83 13 81 71 53 41 66 3 87 89 91 9 26 90 71 41 72 80 57 75 6 74 86
99 87 57 18 99 80 10 59 46 54 38 77 57 69 43 83 35 49 98 16 39 46 91 32 62 19 31 86 29 82 94 24 84 16 74 39 66 74 77 13 25 30 39 40 43 77 49 23 92 45 60 18 88 46 26 87 26 27 23 90 97 97 8 15 49 66 64 6 65 53 71 28 51 12 46
35 88 91 18 24 53 97 57 46 47 14 82 27 40 86 29 11 26 68 24 27 95 97 79 93 61 29 5 33 70 60 12 72 19 94 6 30 6 78 43 59 81 90 37 87 6 39 59 51 66 25 30 53 60 92 64 97 58 45 83 7 35 57 9 6 5 15 26 99 4 54 71 15 72 21
96 94 79 58 80 45 63 42 37 64 46 95 27 84 36 13 35 75 44 42 73 26 8 70 85 68 86 25 29 79 11 35 24 62 57 79 19 31 42 74 43 30 8 85 8 61 96 25 86 1 32 74 80 35 28 12 27 67 71 70 4 27 65 43 60 25 92 18 67 13 82 75 34 34 31
89 53 14 9 38 14 57 71 71 16 46 27 81 72 64 26 30 29 9 17 91 27 48 52 56 19 34 46 21 8 89 60 46 7 7 57 55 73 4 42 37 60 61 93 7 28 30 74 23 89 44 30 44 58 97 55 85 7 51 49 71 38 39 63 83 62 86 89 53 77 14 93 31 35 83
41 51 22 93 88 81 35 49 60 69 85 52 59 13 54 7 4 24 11 16 4 7 57 17 51 74 39 57 37 88 76 50 33 24 23 57 17 35 66 25 69 76 90 54 36 23 59 41 20 44 59 57 74 32 22 2 71 34 39 22 51 63 44 11 91 63 87 61 61 62 99 99 58 9 12
13 64 79 93 26 21 21 45 66 85 57 16 50 37 48 74 66 56 39 40 73 39 95 71 97 23 37 66 53 63 85 75 9 35 99 94 83 82 73 55 28 44 13 2 13 35 4 12 34 28 15 79 65 34 37 76 55 50 23 67 78 29 36 31 21 53 45 79 4 70 32 46 61 78 18
39 19 48 73 7 6 29 12 7 83 5 12 40 29 8 35 51 57 10 1 58 5 24 58 8 53 61 42 57 94 26 91 39 9 54 76 14 96 33 11 2 58 49 40 63 94 56 66 48 13 93 72 11 47 29 50 1 40 27 60 56 85 75 45 94 67 56 94 27 11 12 93 91 87 48
97 3 18 22 21 16 97 85 85 26 14 9 93 16 9 8 92 69 42 97 55 34 40 53 67 27 89 59 53 59 92 98 67 1 4 90 98 20 20 39 94 16 39 8 62 71 82 24 48 95 4 8 38 60 95 54 85 99 89 47 14 82 34 55 13 20 23 14 76 44 25 72 68 50 15
95 73 16 12 38 75 32 5 91 29 47 69 78 75 10 51 86 22 59 40 46 13 80 80 66 58 77 94 30 59 92 52 22 46 12 10 47 70 82 6 33 85 35 14 45 59 32 44 59 13 89 19 32 49 43 56 95 48 88 40 47 2 92 82 42 48 49 89 61 44 91 86 19 61 5
89 92 48 72 71 19 33 7 66 66 59 48 91 18 90 78 63 71 24 59 39 1 49 21 65 81 97 98 4 1 30 48 96 32 64 81 9 59 43 90 62 90 53 37 36 23 88 59 86 3 49 68 70 70 88 54 83 38 64 59 63 97 14 30 68 87 27 78 62 61 68 21 75 76 11
62 27 78 57 86 54 9 92 65 66 63 84 41 87 65 23 99 55 10 7 79 96 88 69 22 43 1 93 17 45 68 6 86 43 61 46 18 99 34 87 37 3 21 8 99 26 24 12 59 66 30 88 15 95 13 35 54 28 57 60 44 63 28 93 60 65 79 56 17 27 22 48 25 35 87
58 24 2 18 26 89 68 52 11 35 42 41 56 87 84 88 18 47 90 49 2 8 61 32 93 11 1 96 11 68 52 29 22 3 45 2 15 78 21 5 10 88 92 60 70 71 60 68 90 38 56 33 99 90 59 18 17 65 7 70 30 19 30 16 67 36 83 32 27 85 44 80 86 45 52
20 39 60 1 84 7 85 36 94 16 63 73 74 14 59 87 70 87 66 91 13 72 91 27 52 31 16 61 28 93 45 65 23 36 43 38 34 50 84 96 27 2 57 28 9 80 54 5 67 2 30 6 28 58 8 48 52 76 20 80 1 80 91 83 65 83 59 24 63 23 41 39 28 49 86
44 49 36 6 71 99 55 71 33 61 96 23 92 51 43 83 39 66 80 39 65 13 83 5 56 77 28 34 18 61 19 71 39 9 55 20 67 18 40 67 38 10 27 78 92 37 18 81 95 4 50 36 27 39 4 44 33 2 89 12 52 76 57 2 48 98 65 70 44 33 70 95 88 44 64
81 8 20 33 45 5 11 32 26 19 83 21 76 47 73 78 36 32 15 46 73 17 92 62 96 69 64 24 15 78 15 64 19 81 35 24 54 68 83 95 24 94 92 53 81 60 69 72 32 68 99 84 88 16 3 11 11 81 42 65 98 84 13 81 82 89 25 53 64 87 58 6 6 8 93
8 65 72 67 48 82 1 82 75 16 6 99 12 47 82 29 90 94 62 39 4 15 36 51 86 31 48 28 72 75 64 65 6 1 68 28 6 48 1 97 68 98 3 19 80 16 90 52 78 15 25 61 91 53 58 16 37 8 97 2 1 62 24 5 22 26 15 69 35 12 67 4 32 48 51
46 90 80 27 74 7 14 74 20 25 11 21 33 60 44 31 51 38 4 99 5 60 38 92 26 62 48 10 45 60 78 92 20 26 12 40 52 47 29 28 72 25 50 19 78 31 18 65 34 92 59 53 97 92 52 51 46 97 54 46 41 98 80 21 19 98 53 24 61 51 84 80 57 58 98
12 29 16 56 72 39 88 37 98 45 23 78 22 38 68 44 93 75 69 24 27 30 17 22 55 95 58 34 50 68 29 14 51 24 96 4 23 75 37 29 57 86 21 41 24 76 79 89 71 8 4 84 46 84 90 41 16 44 9 4 62 20 61 72 66 79 78 17 13 87 1 15 2 21 80
28 27 56 86 70 48 46 86 16 60 39 46 2 41 51 39 9 31 85 45 9 2 29 95 86 39 74 54 57 48 36 70 24 38 15 32 19 9 88 19 14 9 30 27 30 77 17 74 36 14 8 98 77 20 36 81 65 90 47 54 94 32 25 72 8 71 54 8 27 41 81 71 87 94 44
97 62 43 51 49 3 10 76 60 61 13 96 12 72 3 12 18 91 94 13 90 74 24 52 57 70 12 15 48 84 22 63 79 24 38 39 12 44 45 21 81 96 46 71 63 32 26 80 53 91 55 36 64 13 21 33 34 24 87 67 50 66 33 68 35 47 55 4 8 73 52 92 14 99 55
65 87 77 77 45 44 17 76 49 68 57 29 72 19 16 60 84 29 29 92 69 37 58 90 79 2 32 64 37 70 97 18 12 42 97 22 97 19 67 92 7 82 80 22 47 11 44 22 54 53 83 34 13 38 59 64 95 77 11 74 84 46 37 49 93 46 99 73 57 56 39 77 14 25 2
78 34 81 73 27 2 12 17 35 1 35 18 52 34 18 13 60 50 87 6 85 63 31 12 28 82 26 25 12 33 9 90 42 84 65 3 68 13 9 43 86 37 92 63 11 37 98 10 92 80 8 84 1 37 99 4 46 22 62 45 85 64 63 79 15 46 62 16 38 34 41 55 16 12 41
37 33 1 14 4 8 42 21 79 38 21 2 91 54 80 7 15 5 93 40 5 4 89 58 36 40 52 45 32 33 9 14 40 57 98 80 36 27 10 14 67 54 14 97 46 50 84 27 61 93 86 59 20 42 63 50 65 53 82 93 7 12 89 92 69 9 52 13 30 6 27 18 17 14 23
18 75 41 87 91 87 50 52 96 60 58 21 54 81 51 62 6 83 83 91 65 84 25 7 96 3 35 41 60 71 20 41 66 5 41 87 88 91 10 4 71 26 45 25 13 9 8 98 37 51 61 67 92 11 6 28 2 21 19 12 66 6 96 73 85 57 14 32 5 56 63 23 95 70 31
93 48 63 13 48 55 71 44 52 92 62 32 69 12 27 29 22 41 47 19 77 37 32 87 7 65 47 19 39 1 77 96 77 28 63 95 39 68 95 45 21 38 68 14 56 17 62 96 74 66 98 23 74 53 14 65 64 22 34 14 23 25 60 33 60 73 14 99 13 30 71 47 84 97 13
59 75 18 34 61 54 51 95 66 14 66 78 61 43 86 72 59 66 30 86 23 71 66 59 55 3 63 66 69 68 21 89 16 58 32 93 37 6 19 8 16 32 98 17 51 69 64 10 84 52 22 73 76 93 88 41 39 41 56 51 8 78 46 76 6 86 71 32 97 17 34 71 17 72 72
1 34 18 33 12 5 53 29 62 22 13 73 93 86 93 41 60 16 55 17 47 60 61 66 29 5 34 79 59 56 24 75 51 68 67 68 99 54 28 52 30 8 43 10 81 81 30 4 61 32 68 60 27 10 29 87 72 31 96 60 99 24 12 7 8 20 78 13 58 63 84 29 5 69 47
61 73 79 81 6 9 42 87 49 89 15 73 69 61 23 52 40 91 45 23 75 21 44 21 97 70 55 72 76 7 25 97 11 4 16 81 4 7 63 44 84 91 34 84 48 93 62 58 90 39 10 35 13 60 78 91 38 34 23 45 41 20 88 38 63 3 50 89 56 55 89 10 20 8 3
89 68 51 70 60 97 45 65 21 44 23 20 40 21 46 77 56 72 10 78 89 87 5 15 97 41 27 61 25 48 3 27 20 80 38 87 94 49 83 16 54 20 45 32 56 16 49 34 30 3 86 57 17 71 78 4 76 60 85 71 75 70 85 24 42 42 22 52 14 85 4 80 9 6 35
67 43 18 50 66 24 45 56 68 67 35 18 94 50 63 99 58 99 8 57 12 40 17 59 91 57 66 6 31 19 96 60 20 52 32 1 45 8 81 50 59 50 23 28 21 98 47 95 30 10 16 31 51 34 52 33 1 84 12 17 36 68 35 68 26 93 2 96 65 84 43 65 81 55 33
10 86 91 87 60 82 42 11 3 61 94 40 56 80 1 23 13 17 22 95 85 84 85 44 31 97 96 12 74 85 13 1 63 35 69 22 11 74 37 11 13 25 19 58 82 31 6 9 31 13 4 87 23 62 63 59 72 44 51 9 7 56 90 53 37 38 67 99 14 93 43 32 24 82 60
30 5 24 70 37 80 78 11 93 38 96 23 31 46 7 16 39 8 13 84 63 49 51 44 73 87 43 8 65 29 96 38 41 76 98 3 15 63 32 41 74 93 61 41 88 56 47 10 83 55 39 92 9 97 65 93 10 71 73 52 61 53 8 40 53 62 75 62 81 86 7 47 20 95 3
65 52 55 54 86 90 65 97 72 94 84 33 12 27 21 6 12 14 1 80 85 4 82 83 56 21 1 38 23 22 28 85 51 7 46 53 56 26 35 1 36 66 24 21 98 89 40 47 41 24 27 3 80 72 18 46 36 40 36 8 18 74 35 39 23 53 54 82 68 58 31 80 48 85 20
48 16 23 41 99 1 19 63 27 24 19 44 49 55 13 13 82 94 97 48 12 17 54 55 47 53 23 40 37 67 73 43 26 31 24 6 6 4 73 71 22 73 44 23 8 49 65 7 22 73 75 36 16 13 32 23 54 82 85 77 79 56 23 66 36 43 94 94 89 12 51 37 26 92 62
83 92 59 21 34 87 86 85 20 69 58 95 10 35 56 20 27 33 97 43 68 61 24 20 7 27 85 28 18 51 22 76 58 3 50 12 27 61 84 41 70 63 73 68 70 88 50 34 23 17 62 44 3 52 59 44 70 86 87 73 12 55 34 20 14 93 23 38 59 57 73 43 39 66 9
1 80 49 75 12 8 82 96 16 19 2 28 20 22 62 98 49 79 56 49 76 36 19 5 44 66 66 64 28 68 74 43 13 62 41 1 42 43 25 96 2 97 2 40 1 86 74 42 46 95 34 18 64 66 85 43 81 4 83 61 35 48 13 36 91 1 92 21 11 34 2 46 51 59 23
73 80 56 33 11 95 14 43 96 73 18 71 9 47 11 38 4 43 4 77 9 81 26 84 17 28 79 1 92 27 14 98 10 62 3 72 5 60 15 26 14 64 4 18 91 26 2 42 8 80 53 11 88 36 96 69 76 67 59 4 40 62 35 87 12 79 46 16 33 22 53 96 85 99 68
87 6 24 33 49 98 27 58 35 30 15 11 60 90 79 4 38 27 15 35 66 37 30 52 28 81 36 46 37 44 38 90 80 86 71 1 4 34 61 81 37 33 7 29 87 44 63 16 80 80 29 32 85 21 65 8 76 51 48 79 85 41 14 44 73 72 84 40 91 86 24 35 92 1 20
36 14 32 3 30 91 92 5 23 35 24 8 61 77 26 58 9 3 18 23 30 61 40 59 56 48 21 62 58 1 8 66 67 91 41 99 85 93 57 20 23 1 27 26 2 82 90 45 43 72 12 56 90 60 53 74 56 98 84 14 91 61 97 90 83 56 20 21 28 97 26 93 99 4 23
9 61 45 48 1 8 81 74 35 91 88 87 34 87 71 63 23 80 79 77 20 66 52 3 27 49 97 48 45 43 27 53 63 61 27 48 2 95 2 57 72 55 51 80 9 10 14 59 44 5 91 31 83 48 27 97 3 27 57 6 12 8 46 2 59 87 87 95 31 67 96 19 83 47 34
82 14 52 56 41 45 34 50 48 75 58 35 52 13 28 99 74 6 11 29 86 60 51 99 62 87 31 64 8 14 80 54 73 89 58 36 74 98 85 45 96 30 67 76 29 99 62 67 77 68 72 43 51 92 4 90 6 66 65 16 48 8 75 8 98 15 92 93 89 5 62 26 89 92 30
11 66 30 44 75 19 20 26 98 27 10 98 57 52 95 46 18 62 54 91 43 30 52 77 42 14 10 92 11 49 87 78 74 58 32 23 99 56 43 8 2 56 25 5 99 73 75 42 79 40 70 68 93 93 83 63 5 95 78 34 5 11 88 32 63 20 64 84 53 51 18 71 62 5 59
13 7 16 89 43 87 8 21 80 55 68 10 17 79 85 51 1 8 42 47 72 50 33 40 4 92 61 38 94 15 9 89 94 77 96 81 47 87 65 71 52 78 7 74 95 11 70 99 69 47 19 67 41 21 70 56 24 94 92 25 77 45 38 51 58 62 80 81 70 43 69 26 3 5 9
51 35 5 2 45 20 3 9 82 68 62 36 50 26 33 76 59 16 70 39 31 52 13 58 83 77 25 25 13 70 3 74 78 94 78 89 91 57 92 75 58 41 2 24 50 95 42 36 86 35 35 9 32 82 11 81 33 82 79 21 53 2 21 11 64 42 82 79 13 56 31 6 12 63 54
24 32 43 45 15 6 78 72 37 39 68 28 31 16 78 48 55 67 59 36 69 78 41 86 87 6 91 63 48 94 88 90 84 56 32 75 55 59 95 93 31 90 96 19 49 24 77 97 80 71 81 49 84 76 13 59 78 25 69 15 2 7 24 61 15 45 5 72 20 84 12 84 97 87 11
71 6 50 20 94 79 8 39 2 55 13 99 42 97 30 67 76 56 58 48 70 79 31 70 6 64 14 61 14 7 45 67 90 3 87 74 75 92 8 99 35 59 93 31 53 65 87 96 25 85 87 47 7 67 47 67 15 85 44 95 30 16 53 72 77 40 74 44 75 11 91 74 43 82 7
30 75 6 63 20 74 28 34 83 29 90 61 19 85 75 28 58 96 24 90 97 92 42 57 19 69 74 47 44 1 57 86 4 77 41 57 41 6 62 22 41 67 52 61 94 24 87 39 21 71 55 88 66 49 90 38 45 24 10 98 41 9 61 55 8 21 65 40 71 25 41 70 92 67 16
52 28 78 74 95 10 76 46 99 33 51 6 48 65 49 13 81 99 56 2 67 1 32 17 18 80 54 46 77 28 93 86 43 54 12 64 25 12 63 25 3 31 14 39 30 69 88 22 92 67 94 15 35 67 65 88 77 8 1 96 52 9 38 37 73 63 26 26 15 92 87 62 30 89 32
14 86 30 92 28 17 69 9 53 54 8 29 3 27 79 31 95 77 84 84 62 93 43 91 97 58 66 35 6 74 55 92 65 36 74 51 47 13 5 63 8 59 83 39 6 91 63 58 46 11 18 49 54 55 44 8 99 33 52 26 14 43 44 50 49 65 81 66 85 41 91 17 7 15 87
58 47 30 44 46 34 53 27 24 86 85 67 30 71 45 52 47 34 95 32 97 36 95 13 50 37 2 78 3 24 28 74 5 89 69 34 40 24 87 28 21 20 18 95 58 65 13 90 80 61 69 23 38 5 64 60 67 47 40 78 39 3 57 22 68 42 23 4 82 69 1 88 26 80 14
65 70 33 52 27 92 10 77 80 89 55 83 94 32 48 47 57 10 64 81 93 12 6 17 36 96 33 25 76 47 59 2 14 41 63 36 79 22 71 74 58 78 36 57 26 49 90 68 29 75 26 38 20 55 76 56 66 81 82 52 27 34 1 21 9 69 19 99 22 87 84 43 4 53 28
55 80 15 65 34 82 93 10 6 12 75 58 70 55 48 14 63 14 80 7 3 8 21 17 64 18 1 65 63 59 42 11 20 78 24 58 95 13 36 9 46 5 50 74 7 4 85 23 84 53 93 27 92 55 75 14 70 92 35 13 23 28 83 45 98 63 51 68 53 31 77 75 42 58 41
82 82 78 41 2 99 40 16 39 24 91 94 4 75 34 35 64 2 34 64 77 68 46 55 64 14 62 42 54 27 84 68 97 30 93 99 69 91 57 19 66 84 65 18 35 84 77 74 32 63 38 10 49 93 77 22 28 9 64 44 51 25 22 54 90 25 55 12 52 40 88 54 70 65 53
79 12 96 97 80 93 30 55 22 12 92 83 37 94 12 40 27 54 66 90 70 78 45 63 58 10 73 16 97 24 27 4 88 52 96 67 55 76 22 95 96 57 12 15 3 23 46 7 34 34 91 64 98 79 84 72 17 1 88 73 60 17 74 28 26 90 78 62 85 75 56 60 59 85 61
81 84 25 5 69 97 37 37 33 77 73 81 13 31 35 54 34 40 19 66 77 11 68 9 73 63 80 43 38 89 25 83 34 71 93 74 13 94 62 38 24 97 13 86 33 33 94 24 44 83 79 11 15 42 33 44 93 42 80 67 53 80 25 67 69 12 7 39 79 55 18 38 13 2 37
84 46 14 79 91 16 14 11 89 98 33 54 86 29 35 88 76 42 77 43 31 10 61 31 58 60 50 79 74 35 25 73 61 26 23 13 1 75 3 35 30 84 12 10 73 92 82 24 33 40 16 9 19 22 90 32 61 91 25 74 71 75 10 12 16 72 43 28 17 61 25 71 26 84 68
18 95 8 6 43 27 74 87 87 42 84 33 95 8 35 55 25 99 82 41 4 89 53 81 15 30 65 28 31 66 53 60 38 62 96 14 73 12 11 69 12 96 53 1 91 31 64 16 56 97 14 72 57 57 56 31 92 8 20 89 32 84 85 69 99 37 92 2 15 92 21 31 53 35 3
79 33 78 74 54 14 15 39 97 51 8 69 7 28 52 31 33 25 65 19 57 43 77 88 39 1 55 32 4 33 16 3 12 79 69 39 56 26 46 77 51 76 48 50 86 26 13 14 21 40 65 27 95 42 13 46 10 39 62 34 90 77 4 42 56 37 30 39 65 42 53 64 4 56 71
52 28 78 98 58 71 61 76 58 29 76 63 63 16 64 24 85 12 99 64 2 38 24 26 66 1 3 20 16 2 33 78 25 88 58 92 99 75 86 50 94 59 20 29 26 86 52 51 91 77 84 21 2 98 51 6 85 50 48 93 38 23 22 44 26 73 87 85 80 6 5 30 40 60 33
1 24 77 81 65 56 12 26 60 8 12 6 53 46 63 84 47 3 4 25 88 19 62 62 57 54 57 57 29 54 87 13 61 76 77 2 67 74 60 34 20 70 80 38 7 8 10 98 77 26 75 71 11 21 46 41 84 53 54 74 60 45 35 79 29 57 71 61 80 34 33 6 31 50 87
51 50 13 82 38 32 39 84 46 22 53 1 86 32 39 15 17 8 16 31 77 85 64 35 4 81 29 71 63 57 64 47 87 67 59 35 89 77 30 5 86 20 26 78 68 96 62 26 68 86 34 65 2 47 53 50 18 16 43 3 58 29 5 15 68 50 3 44 38 58 13 7 21 18 51
78 17 5 36 93 27 19 57 99 78 62 17 2 67 92 66 60 49 66 2 96 35 91 27 1 64 52 74 72 85 75 8 7 99 45 41 35 9 13 23 87 2 65 7 37 95 68 1 8 77 77 94 95 8 65 12 50 29 44 58 26 69 96 88 48 88 3 79 96 25 35 50 18 62 10
2 82 8 32 1 84 15 98 16 77 12 82 34 98 83 67 76 82 76 88 46 94 39 88 40 32 66 22 84 86 17 83 46 43 20 42 60 67 70 98 89 53 51 70 51 59 57 98 46 94 96 10 20 66 79 24 70 59 98 45 25 88 32 20 60 91 2 14 4 75 6 5 76 91 27
53 76 12 88 70 37 82 36 71 69 39 77 50 57 78 2 18 4 99 66 92 3 73 13 9 60 8 40 85 95 27 42 61 96 58 90 50 80 49 50 91 68 8 61 64 73 77 91 77 47 63 15 75 24 24 7 67 57 20 51 26 67 96 71 44 33 18 66 33 13 95 75 79 3 82
73 68 84 79 58 56 76 12 35 86 19 94 63 96 20 7 91 7 94 6 2 50 16 60 79 18 10 11 28 49 15 25 80 77 2 49 78 5 54 94 27 55 32 90 72 65 83 17 14 85 39 56 43 50 67 10 68 19 37 73 78 22 36 94 76 32 70 53 67 64 43 60 62 41 57
62 76 92 53 87 59 76 28 92 11 70 44 67 47 48 40 75 54 96 57 36 9 22 86 7 19 81 22 12 31 82 89 79 80 90 33 82 52 17 56 60 6 67 31 75 10 3 73 35 83 41 76 55 39 28 80 93 91 79 85 46 95 62 12 44 94 98 41 98 92 65 72 63 17 69
55 46 12 15 97 56 41 64 93 5 69 63 79 77 95 18 15 24 77 91 71 37 42 42 65 94 40 98 7 53 80 62 23 82 11 12 84 20 94 66 67 59 37 26 93 71 68 13 1 70 26 82 98 80 12 42 11 5 54 45 31 52 84 63 63 50 41 94 70 63 57 15 43 39 67
49 93 6 51 60 87 36 47 41 39 83 85 76 43 28 44 31 82 42 70 9 38 65 3 65 79 5 83 97 42 1 76 36 69 44 85 95 63 69 50 45 61 96 47 59 44 12 73 62 13 21 32 6 61 12 47 9 43 93 92 25 73 36 51 3 95 56 8 66 28 16 66 58 21 36
9 57 52 19 79 11 52 20 15 80 71 35 74 72 43 63 3 57 4 80 75 78 44 13 50 21 53 5 38 96 74 18 64 35 68 48 64 10 74 14 50 15 75 27 42 10 14 67 67 49 26 44 44 62 32 13 88 61 79 73 41 58 35 38 15 13 17 10 76 71 20 63 73 72 57
20 52 74 7 39 93 54 57 42 55 7 8 28 81 35 88 97 92 87 52 97 24 85 69 93 89 40 34 26 34 37 88 29 83 24 4 38 13 11 99 74 17 81 17 99 83 57 24 1 1 44 40 92 34 1 98 30 31 63 24 71 96 20 50 38 28 53 16 2 52 26 98 11 39 88
8 47 76 31 2 47 34 66 77 46 23 84 80 19 43 9 98 95 56 80 5 88 50 14 7 57 82 7 93 60 10 84 67 78 76 46 26 5 91 62 78 31 58 65 55 60 3 19 92 12 17 86 79 62 3 75 60 88 71 26 79 25 71 20 83 39 3 20 65 81 63 4 70 3 39
94 97 41 41 79 69 2 62 60 42 80 98 63 39 50 23 39 51 19 71 57 91 2 83 72 63 32 55 16 43 55 71 45 22 72 88 91 88 60 39 19 6 57 54 94 68 64 24 67 95 37 11 10 21 26 96 51 99 82 66 67 92 1 13 78 7 83 59 33 81 94 19 34 9 68
96 51 96 76 2 26 50 9 21 53 60 87 90 51 97 71 30 11 30 61 51 65 52 32 48 15 9 78 12 14 34 70 29 88 69 43 46 32 45 59 54 16 96 25 63 50 6 56 12 69 38 45 93 38 35 31 48 41 1 4 10 40 97 36 65 69 77 12 78 78 83 36 8 1 13
27 55 37 18 68 35 35 3 99 22 52 26 92 83 10 93 58 7 60 84 93 78 33 13 22 63 80 20 26 50 18 71 77 24 94 33 75 65 47 46 59 29 79 35 55 75 92 92 41 97 51 70 28 50 16 87 58 46 69 87 39 61 6 15 31 52 6 83 81 87 24 49 77 52 77
9 56 58 55 18 45 88 47 97 82 42 32 36 24 4 65 46 24 69 66 16 35 20 90 78 90 33 99 93 85 28 57 65 32 4 7 83 88 50 64 73 69 59 67 1 72 43 48 53 12 96 45 46 84 22 90 13 7 58 26 26 66 26 99 10 99 78 95 51 45 32 3 24 98 52
64 56 30 48 53 27 50 43 43 36 24 53 1 41 93 60 43 37 24 25 71 59 57 19 7 43 15 35 88 14 31 91 36 65 87 80 90 14 83 37 15 81 70 47 85 88 29 33 84 16 75 80 77 95 69 19 61 62 99 88 55 11 81 62 23 9 72 43 76 64 65 90 36 60 49
71 97 62 63 36 19 15 87 21 95 28 88 99 82 14 85 13 80 75 3 23 1 11 24 58 32 75 27 99 24 33 9 64 12 58 35 56 58 93 74 67 21 62 63 20 38 60 95 2 81 92 6 16 32 78 73 47 1 28 52 91 47 23 18 34 73 56 70 88 58 32 74 48 32 79
99 2 37 44 15 20 62 33 49 38 74 83 82 42 21 33 70 41 7 37 73 14 68 29 11 65 81 28 12 18 40 67 82 19 83 12 26 73 83 6 27 20 24 23 27 40 1 58 71 45 71 55 76 75 65 29 65 68 83 54 95 30 42 4 83 73 82 30 80 30 90 98 37 54 12
69 44 56 39 30 47 10 99 16 40 16 43 98 53 91 37 62 60 38 21 32 11 48 88 39 30 97 92 31 2 52 38 2 23 2 85 57 24 97 34 19 87 82 99 23 91 92 48 73 40 96 61 44 76 12 93 11 31 11 91 73 33 13 48 88 64 47 39 72 70 31 1 83 59 31
89 79 69 62 40 51 48 84 88 30 61 59 27 13 81 40 31 66 44 53 90 19 70 37 44 83 3 68 13 76 96 43 17 56 97 56 81 65 72 46 97 92 51 53 34 38 66 19 90 49 47 85 42 53 39 21 9 17 42 9 76 93 29 23 41 4 52 3 37 91 75 79 71 1 80
17 42 46 64 63 41 44 81 67 47 57 74 36 96 30 49 59 20 78 78 45 29 18 47 2 95 11 17 59 20 62 51 6 69 44 82 12 41 8 39 17 39 58 4 50 2 41 77 28 8 31 54 44 13 66 89 22 36 21 85 71 66 44 24 14 51 19 96 4 86 62 95 45 70 35
24 92 10 37 72 20 10 5 21 41 86 58 71 88 68 70 21 60 10 63 33 86 75 39 25 79 82 10 78 22 95 28 82 69 59 1 3 22 20 21 79 47 66 72 16 32 78 10 22 51 90 20 66 22 16 90 49 23 30 5 28 79 92 3 14 51 32 15 23 97 56 65 46 88 24
20 63 82 40 56 24 99 80 9 77 97 76 13 46 89 98 83 10 44 97 57 89 54 47 85 69 77 4 26 94 43 74 42 15 46 39 14 33 23 83 45 18 53 11 3 85 83 92 3 93 71 24 14 1 32 21 31 30 9 57 36 50 65 32 18 1 74 97 6 80 89 95 20 32 6
35 47 39 45 15 96 77 1 68 5 24 9 57 30 29 72 96 50 19 17 91 69 39 90 8 9 60 16 9 83 34 33 22 8 89 7 18 69 31 37 60 68 47 77 70 85 23 40 19 57 29 52 4 23 95 50 93 31 44 18 31 96 55 1 39 68 76 49 66 76 53 20 31 26 31
21 9 25 71 12 58 12 17 8 64 36 55 72 33 37 14 41 57 28 94 43 86 76 80 1 94 62 29 20 23 64 29 35 4 84 61 6 4 69 7 20 46 46 71 90 33 79 68 82 98 54 52 48 61 69 32 32 69 55 85 49 29 4 60 21 56 85 50 3 15 9 9 34 26 36
71 27 81 65 39 69 69 97 92 62 62 11 10 80 15 89 94 38 94 56 11 84 96 12 43 25 46 27 42 11 38 27 19 11 81 99 11 16 26 77 78 35 55 37 57 97 65 76 11 47 95 57 42 80 92 57 71 93 65 66 58 47 80 20 66 44 72 39 24 39 24 91 37 55 37
91 24 13 59 80 41 76 59 39 78 37 19 22 85 79 62 11 13 52 80 96 6 35 64 30 89 33 50 16 58 13 76 63 98 54 64 2 43 27 67 59 74 99 90 98 76 78 1 83 98 6 15 79 41 40 69 13 84 99 68 34 55 37 72 78 73 32 44 49 49 95 62 40 84 2
7 44 14 76 71 48 55 25 91 78 16 80 85 56 39 59 56 48 28 76 51 44 45 22 67 8 94 37 22 4 59 45 98 12 5 95 60 68 71 40 61 99 49 19 14 26 75 30 17 92 67 41 24 57 38 28 82 42 38 77 65 27 85 66 95 46 38 65 21 79 15 61 68 65 97
55 72 51 64 65 18 5 51 26 27 20 60 3 96 92 97 83 91 60 61 90 87 28 73 63 6 86 52 77 92 14 43 47 39 43 74 65 79 32 11 57 50 43 63 83 45 33 89 28 46 4 74 88 42 76 14 51 21 89 27 87 49 28 13 19 78 42 29 21 67 59 50 11 16 47
30 12 80 36 66 21 10 5 11 74 32 42 98 31 57 61 53 6 98 85 25 39 36 92 12 55 59 31 56 39 26 26 14 40 43 53 24 81 59 63 69 85 67 92 27 74 94 59 94 35 21 91 50 39 25 92 17 24 24 78 35 71 55 67 9 28 62 73 50 19 12 17 80 65 27
28 20 58 79 85 62 95 96 14 53 38 14 59 69 86 61 78 86 1 50 25 79 56 94 55 58 16 69 85 24 66 1 42 64 8 93 54 56 55 35 7 29 96 77 87 96 78 72 44 26 15 24 68 76 60 28 86 75 2 49 54 41 92 84 81 20 65 62 33 44 69 47 93 57 38
91 16 40 50 38 79 99 92 54 40 82 38 72 87 8 27 58 77 30 27 61 95 80 12 35 44 65 89 53 77 86 5 92 61 36 37 27 3 47 72 69 79 26 91 27 11 34 23 60 18 92 92 87 44 81 70 51 89 50 23 7 83 92 87 73 74 66 52 84 84 79 24 42 62 64
60 16 35 94 54 25 49 86 5 88 34 91 93 25 21 5 59 83 17 83 67 55 14 50 5 15 31 24 34 16 93 26 5 68 35 21 29 87 69 74 27 70 94 70 88 4 72 76 49 28 34 37 79 50 63 39 80 61 1 53 63 25 65 1 62 16 2 37 62 99 61 85 39 48 61
49 90 63 26 74 90 35 58 69 20 28 34 60 40 70 86 25 45 46 70 39 12 16 87 73 22 96 78 73 35 55 21 37 58 62 48 48 82 70 69 23 2 70 25 1 35 21 99 88 85 14 39 12 54 39 93 50 91 43 9 15 77 27 21 76 92 69 13 82 97 86 26 61 11 12
96 10 83 85 71 1 49 61 80 32 12 2 58 52 84 27 68 42 65 96 93 5 43 98 66 4 1 96 5 59 63 77 14 77 59 88 85 28 3 15 55 36 67 94 1 53 10 85 54 3 98 59 67 52 54 26 35 44 52 62 92 91 58 19 97 11 94 54 98 80 26 69 54 70 52
76 27 66 87 54 55 99 91 59 51 79 81 79 7 69 82 19 48 30 34 71 54 22 51 91 18 92 75 92 56 78 43 26 59 99 9 17 68 75 88 71 25 40 91 41 27 16 39 80 22 35 1 87 35 96 38 96 30 7 60 44 65 84 22 23 34 62 67 82 74 23 78 39 44 93
10 18 58 43 72 77 89 96 41 56 61 63 59 71 14 58 69 46 54 98 88 94 17 56 49 70 54 7 75 20 86 21 1 50 85 96 12 85 5 17 17 52 71 62 8 22 57 81 26 75 45 97 1 18 33 55 45 70 52 32 70 91 58 58 66 41 41 51 3 54 76 81 86 91 7
65 92 65 99 75 45 86 1 5 10 73 93 73 23 17 34 59 11 45 14 48 86 19 59 74 61 71 25 66 29 52 53 75 78 54 26 8 5 33 7 35 85 61 44 40 4 99 24 73 89 94 39 37 80 72 93 94 99 84 82 75 20 57 81 28 15 36 73 37 34 93 14 41 81 86
99 58 19 68 10 40 6 83 49 26 99 76 24 26 67 39 62 46 80 50 1 99 5 69 82 49 12 86 41 57 85 84 52 75 95 65 68 76 5 83 27 58 76 92 45 94 57 46 83 89 51 8 66 66 50 5 9 64 54 72 56 82 12 87 36 62 50 23 84 26 60 59 17 71 94
90 64 21 94 38 15 97 93 59 98 78 44 80 7 10 91 39 58 79 12 3 31 64 24 16 15 29 62 44 17 37 72 30 36 50 9 23 78 84 15 14 39 10 74 83 15 29 12 94 45 8 19 23 48 79 11 31 53 54 8 1 76 30 98 43 26 26 6 16 6 60 58 9 39 22
13 30 47 9 57 78 96 82 59 37 47 44 77 79 58 40 84 83 76 37 66 85 74 2 50 22 5 6 57 4 76 42 33 94 95 87 69 9 57 43 20 71 80 97 31 26 81 56 52 18 56 49 44 6 12 74 87 20 62 45 50 91 60 60 19 41 60 51 65 2 21 22 41 48 30
87 4 15 64 83 66 84 12 98 39 4 10 24 7 80 18 57 45 27 51 70 74 94 88 38 67 16 68 73 94 11 66 39 13 65 40 29 40 37 47 62 54 81 42 43 43 33 45 26 65 10 77 24 3 86 27 48 11 46 72 41 9 49 20 73 63 14 32 94 89 66 77 37 6 82
87 44 51 94 36 57 20 61 32 35 91 46 57 71 7 40 4 40 33 8 67 40 91 50 59 92 26 71 53 48 31 73 98 31 69 88 55 71 16 33 61 58 81 2 42 24 12 22 8 31 80 44 92 64 1 71 93 98 4 55 74 60 6 71 51 73 96 90 89 19 56 52 61 46 28
15 5 41 50 13 69 97 38 70 75 45 57 79 54 56 23 51 13 46 43 30 12 44 16 66 13 27 54 16 14 26 73 52 98 5 27 17 60 1 11 45 90 84 83 19 41 5 17 40 90 56 37 91 8 63 92 57 57 6 22 90 8 61 46 54 12 34 54 42 84 6 21 74 57 10
89 29 57 50 12 59 83 84 54 95 29 98 54 20 72 4 79 16 46 58 70 27 45 17 9 28 99 69 36 62 97 19 48 86 14 94 58 22 59 27 98 32 90 18 28 23 65 25 53 23 13 28 61 63 36 6 91 39 97 85 74 70 69 51 90 71 53 95 56 7 72 54 50 78 60
93 16 98 73 23 73 1 34 83 74 60 62 62 84 90 27 5 61 47 95 76 7 48 16 92 69 64 30 81 21 57 16 23 24 48 10 10 91 38 30 23 97 49 65 68 21 44 36 74 36 45 27 97 4 77 28 70 10 1 64 70 80 78 8 81 48 19 97 47 39 14 7 32 90 57
5 90 87 48 14 16 96 90 78 92 36 54 14 24 42 13 94 45 29 59 58 53 77 37 25 6 73 24 62 21 85 14 52 71 65 13 44 56 77 95 53 88 34 37 12 42 96 44 26 39 92 4 44 97 35 80 86 77 89 81 81 34 94 23 86 74 1 80 94 66 77 33 77 22 93
61 76 28 4 17 90 30 50 17 6 71 36 80 62 12 60 27 17 5 36 37 89 85 98 91 8 15 62 50 79 33 92 50 83 74 97 19 63 82 11 8 13 27 88 28 58 33 46 4 13 99 66 86 7 82 56 6 83 23 92 24 30 90 97 68 56 34 89 68 32 42 50 51 95 88
92 70 11 55 68 60 74 40 15 19 39 62 12 73 84 38 70 71 21 26 63 79 42 28 85 59 8 26 47 39 90 68 79 26 27 62 2 63 57 73 20 41 53 38 55 45 74 3 44 67 29 42 83 50 7 3 43 1 28 95 61 96 83 38 23 85 34 72 25 69 32 64 88 29 55
33 20 29 93 79 91 66 59 62 27 79 74 33 4 94 21 34 96 78 67 36 83 9 39 52 86 13 16 40 10 26 41 77 19 56 79 85 38 42 54 38 4 23 6 74 59 43 10 57 60 76 97 57 39 23 47 80 3 93 31 75 27 1 25 38 92 78 1 98 22 91 52 77 51 72
78 22 90 62 72 20 67 39 81 66 93 81 86 27 62 1 98 81 33 79 28 84 97 72 82 94 92 53 42 77 26 55 78 50 14 22 90 33 59 67 94 91 61 58 28 2 54 32 54 37 81 12 83 33 96 8 21 77 57 35 32 34 17 35 16 90 20 15 26 13 4 30 56 38 56
79 47 30 77 2 62 46 5 75 99 7 58 47 57 73 56 35 36 13 53 39 30 90 68 2 52 47 7 3 66 1 89 52 26 77 49 80 87 70 42 85 44 52 41 75 26 94 3 51 78 18 47 88 15 73 47 87 82 13 98 77 89 11 28 71 82 63 35 80 16 57 35 61 28 9
93 80 52 1 51 45 80 87 31 51 98 14 34 98 85 28 71 86 12 47 5 21 21 68 58 36 43 86 91 91 4 93 59 82 34 91 57 73 13 11 43 42 16 11 73 43 94 36 93 47 63 65 8 55 98 59 92 4 99 96 60 1 23 54 28 15 6 59 69 29 43 53 82 50 34
35 38 21 83 21 90 64 36 81 24 46 11 79 56 87 79 48 2 73 10 36 99 36 14 66 66 30 86 63 64 52 91 25 92 79 54 42 26 52 9 36 32 3 56 66 98 5 93 41 89 92 61 26 25 77 73 34 85 98 82 97 25 93 39 3 3 48 16 92 86 26 61 87 27 3
15 47 31 90 84 9 71 10 65 26 32 66 28 5 58 52 89 48 5 10 31 57 79 20 26 67 87 16 66 33 91 71 66 77 11 76 42 85 69 64 47 24 14 54 47 78 11 1 36 18 65 18 21 71 92 97 88 48 5 31 69 77 55 19 15 98 14 6 14 3 86 17 94 22 55
79 31 14 37 71 86 35 24 39 54 43 22 11 97 40 60 42 78 59 60 13 70 30 12 47 78 5 28 13 10 57 98 13 80 3 34 73 81 96 32 98 65 89 85 79 49 53 93 55 5 62 91 55 5 19 94 28 3 10 18 66 22 37 26 78 27 78 95 24 99 98 85 99 99 39
44 77 99 19 20 83 29 69 22 29 36 39 91 91 25 51 60 55 7 8 39 24 97 59 99 87 4 83 23 72 20 5 86 87 14 59 2 65 26 2 70 61 5 41 37 78 30 97 97 78 67 70 77 62 53 28 80 71 32 33 8 93 17 97 20 65 93 76 76 14 69 72 87 88 49
5 71 2 74 20 86 48 31 99 96 31 31 17 49 45 93 81 42 94 86 67 25 34 56 13 71 26 69 89 13 68 81 52 67 79 19 95 54 14 68 95 2 81 82 35 78 95 96 84 8 3 83 46 62 7 77 48 19 40 65 47 77 84 63 19 11 33 94 75 44 67 93 59 59 66
2 65 63 3 57 32 74 25 68 43 46 65 87 24 23 28 19 92 87 45 50 70 2 23 32 92 96 13 29 71 56 87 83 53 27 93 66 33 34 26 60 76 25 42 87 69 1 5 99 20 97 91 78 79 63 35 90 10 3 39 73 49 36 46 49 69 50 6 22 36 97 50 13 82 52
31 28 33 88 88 64 5 41 20 38 61 18 21 68 42 26 34 40 73 70 18 56 99 73 30 53 75 15 63 48 44 97 99 78 72 31 67 38 88 52 44 35 80 77 21 55 98 69 31 75 91 49 39 20 68 90 90 86 28 34 45 46 99 51 9 32 38 95 24 40 67 63 34 44 93
74 55 21 26 59 94 84 48 8 90 88 7 59 79 96 46 70 74 30 82 66 95 71 71 36 17 56 40 54 94 4 68 38 40 30 50 59 55 81 34 6 19 2 56 94 70 48 14 58 13 67 16 57 39 27 91 50 31 73 78 39 6 93 5 78 40 99 68 38 91 21 57 26 82 89
89 80 81 26 27 20 43 58 39 5 39 61 62 86 86 64 24 58 27 91 1 77 8 54 17 27 2 72 68 27 3 15 54 20 51 31 29 89 28 5 73 68 36 60 47 94 40 19 46 61 24 20 3 36 5 1 3 75 6 97 47 18 93 93 58 88 1 13 81 49 57 13 13 67 65
72 11 34 67 56 58 44 4 10 27 51 4 5 8 38 52 74 53 69 78 46 29 59 52 33 91 87 34 45 45 34 92 67 83 73 7 62 77 66 34 46 26 40 47 58 53 64 99 45 25 10 2 54 30 63 84 87 99 7 97 50 88 82 33 57 64 17 89 97 14 57 80 16 83 34
21 64 85 79 85 89 57 26 93 41 7 59 41 19 67 90 27 64 16 52 25 92 10 66 80 95 16 64 49 59 63 19 67 99 32 55 95 53 55 21 20 51 87 68 23 63 33 97 64 76 67 30 70 87 18 27 42 95 2 43 52 60 68 84 62 97 67 61 8 79 12 94 45 98 97
91 66 25 36 48 20 81 41 64 7 8 62 86 66 20 63 58 60 81 97 10 92 72 50 48 40 38 57 26 56 26 61 98 99 13 75 95 57 45 74 35 99 1 60 37 82 99 83 93 23 31 53 82 83 46 10 35 87 15 69 83 68 43 68 9 18 34 30 1 10 22 28 57 60 51
12 47 13 25 99 20 64 11 21 59 1 47 51 79 11 45 91 42 92 65 58 33 40 65 48 33 15 56 7 94 14 21 77 88 3 10 25 43 33 38 23 25 2 15 53 86 24 29 57 58 99 10 42 10 52 69 47 92 55 6 63 86 51 37 64 72 78 75 13 87 43 52 89 36 6
38 75 87 33 4 84 9 73 75 7 46 71 28 34 65 97 56 10 58 94 4 56 94 2 53 79 46 56 72 23 72 12 56 95 54 38 77 57 75 31 41 49 58 8 29 46 3 81 93 41 1 90 87 70 55 40 90 84 81 64 68 8 81 5 21 76 97 69 21 49 40 6 20 36 25
51 74 45 69 79 91 5 6 76 95 66 87 36 79 95 86 55 26 48 3 16 22 27 51 52 4 19 5 91 70 16 19 71 8 43 31 4 63 97 14 84 18 10 94 97 56 2 40 24 2 77 74 48 44 50 74 32 85 4 44 34 47 59 21 64 40 6 16 46 47 49 23 69 28 79
64 44 41 76 34 50 53 58 98 63 36 11 50 94 51 72 35 85 61 61 85 21 80 11 56 22 14 74 18 11 25 42 71 4 18 75 31 87 41 66 58 39 94 11 97 31 31 41 88 31 36 57 29 20 45 89 29 34 89 6 82 53 27 66 83 27 59 23 62 60 69 73 80 42 59
63 62 9 38 22 49 37 37 97 78 31 22 57 73 59 27 80 88 46 25 23 84 96 1 96 68 24 74 60 82 87 96 33 17 70 27 94 11 59 6 66 61 49 21 43 63 95 66 41 30 88 38 3 71 84 95 35 6 89 60 7 74 52 74 26 82 77 27 85 36 21 44 63 57 85
39 8 22 6 75 35 14 24 55 85 8 19 94 61 27 33 81 89 43 63 4 97 40 87 12 32 33 17 57 83 95 97 29 59 23 17 5 81 99 45 88 4 14 69 39 26 86 86 9 53 88 66 11 7 91 88 59 60 49 25 31 19 39 32 78 15 54 79 7 61 56 1 89 11 63
21 11 46 2 3 4 48 60 56 76 51 34 64 90 5 14 60 68 67 35 26 54 97 43 93 75 20 71 93 57 39 86 33 98 48 73 62 27 7 89 42 8 92 60 56 49 64 55 56 28 68 32 73 35 15 33 81 7 42 54 3 69 80 52 15 68 69 97 17 34 20 37 10 67 53
73 77 21 7 85 27 99 63 60 4 56 10 73 57 69 68 20 18 91 43 94 9 22 26 50 62 99 32 88 22 41 71 66 27 44 29 50 59 36 53 38 72 26 77 21 41 74 26 20 80 1 18 96 88 13 71 40 21 81 99 23 77 32 38 67 44 16 66 12 47 77 85 47 23 71
7 89 8 4 98 10 7 81 37 31 54 22 36 16 33 78 31 1 16 31 55 32 49 9 91 8 36 33 79 93 30 59 87 5 51 97 86 36 46 26 6 9 65 36 13 90 56 42 21 54 1 5 24 8 92 27 27 25 5 62 53 97 40 22 16 99 41 24 15 90 12 31 76 75 7
61 69 50 67 60 6 76 23 2 65 57 25 83 19 11 22 95 91 38 21 89 81 64 58 20 71 50 19 19 87 31 57 67 77 38 1 4 97 63 49 23 14 55 5 48 98 18 21 49 54 67 55 46 39 33 14 82 63 52 85 76 69 79 64 70 64 78 94 98 47 28 48 77 6 6
84 59 14 60 19 23 77 88 63 89 97 24 9 95 14 64 17 58 88 85 25 84 81 88 68 1 54 19 89 4 20 17 58 77 90 27 20 26 25 17 28 91 15 9 1 44 48 13 88 50 29 9 10 69 92 6 59 2 70 62 82 67 89 6 80 19 99 58 81 88 83 32 42 50 85
54 36 51 9 88 74 73 33 23 96 44 34 24 66 88 4 12 57 59 20 87 59 5 30 65 18 57 56 94 72 61 72 88 19 64 8 55 55 46 24 97 86 56 86 73 51 47 57 93 63 87 29 15 8 46 72 59 34 70 23 30 72 89 27 73 36 4 5 81 81 4 33 90 75 58
46 82 71 33 59 50 99 51 45 14 43 67 54 61 92 75 3 37 8 32 60 63 27 69 55 94 64 18 78 70 32 21 20 59 29 2 58 91 32 8 20 91 89 66 54 45 91 15 95 34 39 32 26 13 13 53 69 50 79 71 18 86 1 59 6 55 33 95 55 59 4 37 40 83 62
1 96 75 85 20 86 40 74 34 74 28 86 16 41 23 40 19 82 80 27 32 83 15 31 31 1 33 38 80 92 53 84 91 2 16 74 61 96 87 72 91 9 18 13 5 31 86 38 25 47 18 30 80 51 84 22 78 30 41 29 11 54 87 84 28 97 41 14 53 81 86 83 64 19 30
43 55 64 99 50 40 49 24 82 37 75 49 68 59 56 22 65 10 13 30 10 43 72 23 34 57 73 9 32 69 85 24 74 39 50 92 18 18 39 74 16 21 2 75 14 66 31 97 44 9 97 73 73 70 91 20 80 9 34 37 51 44 79 83 81 58 38 56 31 40 1 9 15 70 69
72 19 54 19 41 85 54 41 84 39 74 47 69 57 82 59 14 49 90 48 83 74 9 42 67 96 63 1 52 77 77 3 59 61 5 26 74 86 18 40 94 48 25 52 75 54 32 16 36 90 99 53 42 90 45 84 74 33 42 82 50 70 32 23 67 44 74 20 5 38 23 55 7 5 30
85 92 6 85 72 40 65 5 71 96 93 92 74 3 52 51 29 42 51 18 10 63 30 45 20 42 85 94 73 37 83 21 93 97 22 66 71 77 28 17 12 1 80 6 96 50 25 18 36 26 65 2 72 19 76 44 59 43 10 95 96 5 10 66 54 7 5 39 76 61 90 41 42 83 21
7 11 55 88 82 2 11 94 29 94 88 48 10 94 24 71 25 32 54 39 7 66 78 47 93 33 13 52 75 69 53 13 88 21 27 61 28 39 25 45 61 86 87 21 65 9 53 95 60 58 34 77 49 27 91 38 10 63 56 3 96 45 46 37 55 63 80 54 70 59 77 53 35 81 87
68 42 78 68 42 95 77 6 40 61 53 24 29 53 6 57 62 71 67 77 60 86 53 40 18 66 34 55 50 99 56 70 49 80 45 69 96 10 7 24 72 2 45 18 21 97 45 42 20 31 45 76 42 44 81 49 68 42 44 7 79 59 51 60 73 15 20 68 82 59 93 89 79 11 18
20 60 97 54 24 36 83 14 4 56 58 78 56 44 68 71 39 32 89 99 27 92 52 9 94 82 62 85 93 6 91 70 54 21 62 30 83 34 1 42 65 70 4 29 15 96 51 83 28 19 75 56 25 62 12 48 46 10 57 5 6 24 74 44 95 37 52 78 16 79 3 6 71 66 3
68 77 37 13 86 14 52 91 13 18 78 65 99 95 97 92 51 74 68 53 27 65 42 96 94 14 44 49 38 14 69 53 44 19 21 27 80 99 25 56 88 39 41 33 7 75 77 81 45 56 64 21 90 56 24 97 4 20 9 99 11 32 6 41 46 61 99 8 78 61 31 56 40 51 84
80 11 63 90 65 69 93 40 33 29 99 24 75 98 16 6 87 83 31 54 71 52 17 75 46 60 53 84 16 75 60 29 94 20 29 9 77 94 97 63 62 64 26 17 43 98 18 72 51 2 55 47 59 21 29 78 77 98 40 75 91 86 42 10 17 4 49 15 37 69 21 85 88 63 68
22 81 81 83 8 66 95 10 69 34 91 78 55 70 28 71 12 69 95 95 65 47 18 86 80 78 27 99 11 86 75 94 60 96 2 24 97 94 36 26 66 36 45 16 15 92 30 25 21 73 58 97 6 97 57 80 48 40 93 74 59 37 46 17 44 64 34 38 55 64 8 63 3 58 89
59 10 91 24 2 15 40 73 93 89 27 37 87 83 23 65 46 86 33 82 83 53 46 30 18 12 19 87 84 15 55 99 52 72 34 25 56 99 32 81 89 81 15 49 73 60 33 87 17 34 56 79 45 98 15 20 93 58 25 7 6 24 67 67 57 76 16 85 56 38 54 86 52 12 22
69 81 43 95 80 49 44 48 57 33 61 50 34 59 32 73 52 70 12 55 38 59 1 5 46 86 87 74 28 75 74 28 43 24 30 68 88 45 21 76 78 23 72 81 31 68 82 84 78 72 76 77 78 70 99 53 92 3 97 91 86 30 94 91 54 47 77 28 71 43 60 36 36 84 71
72 93 23 58 31 78 97 29 29 35 76 67 30 63 46 62 76 79 80 5 91 81 69 61 78 62 61 16 8 62 71 71 43 27 66 67 10 31 85 68 90 16 28 16 10 98 42 18 86 85 66 68 83 35 72 37 14 1 25 31 48 16 97 78 65 67 4 31 69 10 68 43 21 13 27
19 79 4 83 18 1 93 12 57 80 87 70 78 35 21 27 25 97 58 92 66 16 88 9 52 60 29 87 54 20 24 98 34 8 50 19 5 81 33 92 12 70 9 64 55 36 81 78 88 55 40 62 3 42 88 65 85 18 19 75 46 36 12 14 67 53 75 38 17 97 86 4 30 95 64
25 42 51 48 87 76 9 35 82 7 97 23 12 96 72 80 69 11 92 75 26 55 15 70 24 42 52 39 94 84 26 55 86 91 69 30 64 22 88 59 38 75 30 33 98 90 51 55 35 24 71 96 91 95 67 90 41 94 28 52 76 76 77 58 74 65 70 92 57 54 20 9 27 95 92
56 10 63 33 11 49 47 43 13 40 7 23 7 2 73 73 13 55 23 61 65 1 16 78 15 37 64 15 44 44 23 90 89 27 92 98 34 37 62 97 38 33 82 72 14 81 87 84 9 60 60 82 77 40 43 28 41 47 78 58 77 79 52 53 36 42 79 15 18 20 23 50 66 39 95
88 55 80 55 95 7 23 52 88 38 7 40 13 19 29 55 79 91 38 88 49 55 19 89 62 95 22 83 97 69 12 60 11 31 60 9 92 61 17 79 86 31 3 42 43 55 67 48 77 87 65 84 83 43 96 59 77 99 55 39 7 75 60 58 71 64 80 47 44 20 47 27 2 96 34
7 53 47 68 66 81 53 7 5 91 27 53 97 92 4 31 52 3 58 56 36 72 11 77 97 93 35 45 64 29 20 93 69 79 50 85 66 64 73 11 1 67 62 15 94 95 6 67 23 38 1 62 34 30 8 96 56 62 3 75 7 10 53 84 65 80 17 16 58 92 23 66 26 65 31
21 91 68 99 69 6 95 52 19 71 31 94 86 36 7 4 12 78 38 74 20 83 5 83 2 59 23 15 85 92 17 2 87 86 32 95 65 24 55 85 82 96 96 83 45 32 53 6 95 94 28 52 48 68 49 31 6 22 67 51 5 80 56 11 15 98 85 81 44 24 82 42 5 8 33
3 22 54 10 38 73 90 44 83 21 45 52 55 97 27 67 51 78 19 72 76 39 46 35 38 58 91 77 57 75 95 51 37 11 30 55 9 80 55 3 13 76 98 93 19 69 10 68 62 81 49 95 55 68 85 11 42 91 19 67 31 46 1 19 97 41 1 14 24 45 72 41 63 41 39
35 64 41 36 85 85 95 8 11 19 71 27 15 84 43 16 93 8 93 53 97 36 29 17 62 23 33 6 72 2 65 75 43 81 25 76 43 74 59 71 94 96 43 56 98 17 69 85 36 14 91 63 29 88 18 97 24 99 84 83 96 92 14 92 75 41 55 63 36 61 80 30 98 99 86
96 85 98 83 78 37 16 35 89 80 32 76 73 90 83 48 46 50 32 52 21 18 72 6 36 28 22 63 64 74 27 44 85 81 71 71 95 36 17 81 43 61 60 41 64 46 81 73 46 62 19 94 26 43 56 26 60 40 86 95 84 37 89 11 41 58 30 38 14 61 9 47 70 68 43
52 18 20 18 39 89 34 88 27 77 8 87 52 6 7 34 89 15 63 16 84 38 77 54 29 6 51 17 35 14 67 54 75 8 29 14 47 71 65 92 79 11 27 67 64 85 83 17 28 75 24 61 18 33 30 40 41 27 2 69 15 42 99 15 25 59 97 46 69 27 22 78 28 8 94
80 49 42 41 2 74 81 19 69 53 37 47 81 84 26 17 76 79 54 8 67 70 5 8 16 61 2 52 80 16 91 82 47 19 40 95 8 56 37 7 83 35 24 75 88 58 97 4 12 81 77 92 26 62 99 46 79 49 88 70 62 82 28 59 25 81 22 34 12 98 15 66 53 6 88
21 43 29 12 44 72 82 30 74 96 32 65 10 49 24 15 21 22 17 92 77 91 45 91 4 16 51 22 93 40 14 63 19 92 14 57 77 64 95 64 5 27 58 16 78 10 96 16 74 27 32 77 40 88 27 89 43 53 65 25 31 59 29 71 86 9 98 99 26 80 46 2 23 80 15
22 65 18 57 72 66 99 45 96 43 61 61 83 46 34 72 54 90 34 12 66 1 33 80 97 15 42 14 41 27 28 75 47 85 30 69 98 99 61 72 74 97 82 69 19 10 45 94 87 60 16 39 74 31 2 15 98 95 95 32 23 52 81 60 75 91 50 14 3 4 7 61 18 28 60
60 10 55 19 3 53 75 82 87 33 73 47 69 31 68 37 57 82 37 62 15 85 38 47 69 26 74 42 76 1 70 68 32 47 69 1 55 78 83 39 50 82 39 92 37 17 79 63 91 39 72 45 74 33 84 1 16 24 88 54 62 78 41 48 19 79 66 22 91 68 81 20 34 93 67
34 66 43 74 35 15 9 47 21 2 12 74 37 10 47 43 12 73 52 22 65 12 99 5 48 82 11 87 61 46 16 38 21 62 58 43 90 84 58 95 66 75 86 67 24 62 28 40 29 29 10 55 15 68 32 49 78 42 34 47 21 65 27 42 15 57 77 69 46 48 27 93 7 65 33
11 1 34 41 49 77 37 22 34 4 31 27 80 45 79 10 97 65 80 68 93 53 11 31 76 14 54 37 5 98 28 27 36 71 72 39 59 66 91 23 49 20 64 26 20 43 85 81 89 40 71 13 21 38 56 97 79 5 16 23 51 17 46 3 45 13 58 28 89 24 81 24 9 90 49
79 67 14 13 57 94 19 71 29 56 21 97 77 77 46 95 97 19 75 37 73 83 62 70 34 17 56 87 52 99 70 91 45 65 57 91 15 39 53 24 17 38 4 75 72 62 18 81 71 13 79 76 13 73 24 24 73 32 12 18 82 33 96 30 61 74 89 79 66 75 64 28 28 96 33
73 46 72 19 22 88 24 2 78 81 14 70 38 8 94 96 57 80 57 64 48 18 41 42 77 37 73 19 43 73 20 60 70 72 37 47 91 55 65 94 78 91 44 3 27 89 75 13 14 56 29 52 50 51 75 79 32 58 27 1 52 99 76 51 12 10 70 56 7 55 36 8 57 13 1
79 76 52 10 77 47 10 43 66 58 14 23 81 32 33 50 3 92 17 61 19 90 15 54 80 46 27 67 20 40 29 36 69 35 29 74 32 70 1 88 30 1 27 1 79 91 32 54 78 30 89 80 14 27 39 41 97 8 47 14 78 73 4 26 59 96 62 81 45 12 91 21 96 47 18
95 67 89 53 2 62 40 7 92 18 97 70 21 51 78 13 14 48 26 42 37 67 29 13 12 37 69 34 1 67 51 77 79 2 98 16 60 80 69 96 16 93 38 99 25 42 89 28 96 32 19 19 9 35 89 3 48 39 77 87 95 8 12 84 76 32 54 98 28 10 59 93 34 15 9
94 90 54 57 88 96 4 54 22 50 58 53 55 34 84 36 14 29 62 9 75 42 90 78 67 72 63 15 55 82 42 90 62 83 40 85 80 46 19 54 66 16 35 64 39 34 8 49 80 3 24 80 78 65 35 70 33 24 35 24 61 52 39 34 48 89 80 16 75 20 5 65 47 55 43
84 96 95 78 61 26 40 17 4 53 59 6 54 67 18 89 2 96 85 31 4 60 97 76 91 73 78 20 89 71 95 17 27 86 95 78 80 59 34 42 25 17 72 53 35 66 27 8 77 45 70 46 4 35 84 83 24 35 79 83 8 5 3 60 69 47 43 66 50 99 58 22 43 54 3
59 91 28 22 78 27 72 35 54 63 56 18 71 79 21 92 36 39 53 74 77 82 94 8 68 3 97 75 91 33 3 90 68 52 55 86 40 76 25 46 46 9 74 53 23 60 21 9 70 93 3 43 21 12 94 18 27 6 15 21 64 67 41 57 45 57 9 6 27 6 5 94 60 42 25
84 11 10 82 25 62 58 24 98 39 93 90 21 21 97 83 3 10 15 3 85 7 23 18 9 67 6 45 31 78 58 16 46 99 28 21 99 19 66 48 23 24 21 55 16 19 14 94 79 81 5 14 76 41 63 16 26 16 95 71 13 94 47 5 87 81 90 53 82 53 1 22 42 18 75
36 85 5 88 72 30 8 77 33 45 96 10 99 90 84 75 70 17 68 78 61 45 96 27 2 56 43 82 94 43 54 69 31 10 9 52 98 64 27 69 94 72 62 6 21 60 42 25 38 20 39 64 83 3 44 55 34 9 68 56 73 71 50 39 78 39 16 20 5 2 98 9 55 48 99
45 50 79 98 51 67 7 80 83 51 88 75 97 63 81 28 8 40 14 32 66 17 42 62 50 12 32 53 80 84 57 99 73 23 9 34 18 53 84 90 21 5 60 99 71 81 89 45 84 72 14 58 96 60 29 98 62 90 93 68 85 52 62 51 17 14 29 43 34 31 22 78 16 66 15
3 56 97 20 66 14 93 33 60 38 40 21 99 51 16 10 40 46 17 25 10 75 83 60 90 87 45 7 46 65 4 46 52 33 73 22 98 37 15 33 9 44 21 65 96 58 36 76 88 42 71 6 22 26 66 23 28 96 91 70 50 95 22 44 46 73 4 79 61 41 20 97 76 69 88
73 98 21 60 90 78 28 18 39 3 25 6 72 43 92 15 94 46 26 40 67 72 15 99 4 92 74 37 60 95 48 73 12 3 49 75 65 91 47 72 40 78 24 99 93 78 33 33 7 87 17 34 94 97 50 43 64 65 36 51 40 46 6 76 67 90 41 81 51 73 26 28 96 84 64
23 98 27 88 43 20 15 62 56 54 43 74 42 66 65 29 23 80 56 52 48 42 22 11 95 87 73 44 81 39 25 33 98 48 1 23 58 66 9 14 12 75 87 58 37 91 52 12 88 71 12 78 69 28 20 38 50 30 58 61 78 79 26 7 75 62 71 2 94 52 70 5 90 15 45
72 64 41 76 90 26 58 43 37 50 24 14 37 31 56 10 16 33 32 4 72 95 83 41 3 55 62 63 76 79 6 70 95 99 40 7 59 17 27 27 92 12 68 59 84 29 82 43 55 27 9 27 19 81 13 99 4 6 11 99 94 58 1 35 39 32 64 96 50 52 81 37 22 58 79
12 34 9 45 93 49 22 86 47 94 84 22 97 51 54 89 42 96 21 60 51 13 66 24 97 68 53 14 1 9 77 68 32 10 83 17 58 17 17 12 29 82 75 76 34 20 37 57 69 61 12 16 20 74 20 98 87 89 28 79 23 85 66 13 93 60 74 70 35 11 48 93 18 12 39
68 53 17 70 53 73 27 24 89 33 26 5 12 1 78 18 72 44 39 78 98 41 16 73 81 37 41 73 6 86 58 79 25 29 73 68 33 29 14 31 95 76 44 14 54 46 42 60 35 50 77 45 52 71 45 5 15 40 84 35 52 11 11 61 79 73 99 93 75 9 14 41 18 37 13
92 10 88 91 56 51 38 80 11 85 13 50 97 12 87 33 2 52 13 32 38 99 23 47 33 74 29 31 96 82 32 51 78 32 64 54 14 60 59 68 39 38 7 11 97 7 85 12 74 16 51 15 46 11 47 20 53 45 67 27 10 20 47 62 97 82 16 88 8 75 30 40 62 88 61
8 77 68 45 37 47 70 21 86 88 43 81 37 21 73 44 79 49 4 41 17 18 11 54 7 11 70 49 1 14 5 52 47 29 33 1 23 6 66 3 39 22 2 3 67 18 34 75 22 81 19 85 2 27 89 66 20 94 72 81 68 32 34 16 85 89 36 71 10 74 11 13 2 25 37
79 96 80 28 82 39 5 58 61 94 5 7 44 43 2 72 45 86 68 61 87 45 3 84 6 43 83 22 6 2 59 66 77 21 75 32 29 8 63 99 81 21 1 87 57 82 71 69 1 88 65 73 42 75 16 55 62 15 11 87 50 74 75 20 50 46 40 79 22 34 6 64 65 26 79
55 70 65 24 7 22 41 44 64 84 72 99 74 77 34 75 1 38 25 97 8 73 12 88 27 62 55 30 94 39 11 69 9 34 77 64 20 89 8 75 14 53 90 21 77 39 9 93 15 80 40 35 76 13 6 25 52 53 39 11 18 75 86 25 61 7 88 98 35 94 91 19 41 86 96
18 29 35 12 9 4 26 97 47 71 69 36 59 52 3 13 12 97 55 60 44 57 38 23 81 2 87 26 36 36 34 33 5 80 4 4 64 8 16 23 77 5 6 87 44 74 73 23 25 85 47 88 7 15 85 78 77 47 10 54 38 80 76 32 36 52 37 42 9 97 68 92 19 2 4
39 38 27 2 28 39 67 86 68 37 47 19 47 47 41 46 43 1 1 36 8 68 59 72 28 39 98 97 48 9 92 53 96 17 34 84 65 5 71 2 22 12 61 96 65 76 84 90 4 44 50 72 63 33 27 90 81 89 33 25 43 75 42 96 2 80 38 89 9 19 64 20 7 54 41
79 98 44 19 8 92 32 55 64 32 34 78 30 32 23 9 13 75 70 38 53 29 35 74 95 27 89 71 85 61 70 49 7 75 5 98 70 44 80 83 80 88 4 29 79 34 64 53 83 85 41 10 94 85 27 49 16 38 5 17 44 85 93 67 48 60 5 9 60 45 96 72 76 27 72
85 81 32 6 88 62 51 75 8 89 40 37 22 42 12 97 25 43 24 63 30 81 35 9 66 85 30 29 38 79 29 99 55 94 51 98 37 82 82 30 21 88 44 39 35 21 32 67 13 29 11 31 4 56 11 26 46 73 94 86 41 21 10 33 55 11 38 57 85 54 98 93 24 36 51
92 24 21 9 96 88 73 13 9 24 81 31 94 28 53 52 90 27 85 19 15 35 6 85 94 90 23 52 13 21 24 45 4 56 29 39 53 61 96 82 4 54 8 40 86 15 58 92 37 18 74 24 99 62 85 18 61 33 94 54 54 51 75 39 2 25 78 29 77 80 66 27 64 53 53
32 15 75 25 42 90 40 82 4 91 37 70 56 35 73 97 84 20 39 87 63 85 26 21 2 91 95 89 10 12 79 23 84 23 28 46 38 85 28 8 92 11 47 7 85 2 5 71 60 18 95 12 89 68 9 88 74 26 96 91 45 33 17 8 76 60 72 62 79 56 8 65 78 68 28
11 13 14 74 69 64 5 30 11 80 18 35 10 4 56 41 18 62 59 73 3 8 17 63 42 19 46 45 5 66 99 4 86 4 67 95 20 56 29 91 71 56 88 99 44 7 20 19 61 65 28 32 67 30 62 81 13 20 97 53 33 3 61 12 68 77 80 79 32 81 78 89 9 64 40
62 96 36 23 55 39 93 24 13 10 4 5 82 22 74 25 91 83 46 37 56 79 23 20 79 9 81 1 86 78 51 28 96 42 4 48 31 27 38 3 33 21 53 43 61 77 21 6 86 86 54 85 52 66 71 18 66 3 29 65 51 64 87 29 71 32 36 86 51 80 28 51 60 7 80
84 30 1 82 22 57 20 5 87 98 44 47 58 1 71 45 60 77 4 76 76 95 23 94 39 79 35 20 50 94 33 24 19 27 47 68 50 38 33 88 38 39 95 27 25 24 23 88 28 35 65 22 45 93 53 69 90 70 96 88 53 98 63 2 44 37 20 65 79 53 54 35 4 32 54
38 87 60 69 97 71 50 78 16 22 49 52 10 95 22 70 27 77 12 73 53 57 34 58 20 37 11 2 78 21 15 81 13 79 6 4 54 65 69 54 81 40 35 22 27 20 58 55 16 8 20 98 83 76 86 38 60 94 62 5 37 1 96 70 58 77 99 46 4 27 41 41 77 82 50
11 37 62 12 45 60 31 11 48 40 12 91 8 11 15 86 88 45 33 8 40 92 54 74 97 73 59 71 17 17 3 48 79 2 7 73 27 82 77 96 60 41 29 40 89 28 26 84 80 28 30 15 92 35 61 12 22 96 65 67 1 38 3 13 25 87 20 81 50 50 49 12 33 51 48
92 75 8 6 17 56 97 67 30 92 84 20 6 12 96 34 87 64 46 10 11 68 21 4 38 36 70 37 94 13 60 90 69 93 96 77 32 57 5 31 39 66 80 79 85 55 53 35 49 58 35 78 11 13 51 23 20 23 11 33 98 61 1 94 8 40 45 25 27 12 76 40 38 69 97
27 58 86 93 17 34 23 9 97 30 42 9 3 57 58 46 13 80 10 17 56 81 7 7 7 15 59 69 16 16 38 15 44 9 61 14 43 15 6 42 45 59 25 68 89 24 55 94 58 97 91 29 24 45 91 5 41 80 82 52 81 25 22 29 18 48 58 92 85 65 63 36 17 55 15
77 88 67 86 24 93 43 68 21 93 34 59 49 36 73 14 66 18 98 58 2 57 24 15 60 44 25 3 10 82 53 49 19 82 81 66 58 60 26 90 71 70 62 65 78 25 77 32 13 47 49 16 71 90 72 8 19 25 82 60 17 28 98 73 96 44 23 80 22 69 8 54 80 78 20
75 73 93 99 65 44 44 7 69 64 99 80 27 72 54 80 30 57 25 37 24 72 75 75 75 30 18 60 26 60 21 83 20 95 87 29 29 3 2 60 34 2 89 95 40 53 27 44 41 27 94 35 99 69 20 28 13 54 9 73 50 27 79 94 52 32 30 10 59 30 72 18 1 16 48
55 49 7 72 92 90 22 31 36 91 42 29 64 4 84 43 49 53 12 45 61 42 73 18 55 29 59 39 17 46 89 28 60 27 72 34 21 76 41 21 30 94 34 65 9 79 42 71 35 96 97 12 94 79 24 56 16 84 30 43 92 69 48 93 21 15 23 33 49 54 56 2 9 14 30
47 58 81 14 22 18 65 87 56 44 1 61 50 68 29 75 81 8 60 43 76 44 92 51 8 56 4 66 30 20 94 68 22 55 69 65 58 71 23 64 26 91 64 10 46 86 10 20 24 71 4 67 17 65 35 90 51 72 30 74 73 39 62 2 43 88 68 38 66 27 51 61 57 90 63
68 16 4 56 10 3 15 24 87 77 49 91 42 78 65 71 8 95 91 52 95 63 86 76 46 13 94 64 33 56 92 87 71 90 9 53 46 72 12 83 1 41 96 14 17 62 57 28 9 7 20 85 58 58 60 80 20 45 17 12 64 95 88 44 88 10 5 87 99 30 72 18 32 35 57
83 91 83 14 47 1 41 97 15 26 63 44 84 28 43 6 52 82 28 41 63 11 45 32 80 82 13 15 93 33 53 57 58 42 62 44 18 13 65 56 53 54 54 28 38 51 83 36 2 63 75 75 1 76 25 37 23 46 51 9 3 87 16 24 1 41 49 36 61 39 81 19 49 68 94
68 14 30 50 57 90 31 14 21 57 85 82 44 40 15 94 78 91 35 75 98 93 41 6 91 21 72 69 17 51 92 87 12 33 84 75 64 29 21 70 92 8 25 47 2 9 56 90 91 36 79 65 73 44 27 69 69 5 15 37 18 98 30 22 93 66 44 69 16 31 7 14 58 89 98
76 1 81 71 41 41 60 30 6 24 18 17 37 35 45 33 56 62 99 78 38 88 92 20 74 13 28 64 34 81 8 17 52 61 66 98 82 59 92 82 30 59 24 24 23 1 22 4 84 66 92 54 18 21 6 55 41 23 55 88 24 39 51 1 18 72 75 36 78 37 2 25 22 7 76
18 95 50 52 78 46 5 8 96 63 89 42 50 53 64 43 65 16 62 77 75 59 30 66 36 92 2 4 89 61 85 22 85 21 51 69 29 69 92 69 49 79 68 91 20 2 32 32 4 82 85 52 32 30 31 90 16 7 59 52 43 51 26 51 98 17 74 54 45 64 11 84 12 6 63
3 84 63 45 28 71 72 25 27 75 53 70 41 62 41 82 93 20 30 48 84 33 5 77 49 92 51 75 37 25 21 21 75 30 80 58 33 58 1 85 64 32 66 40 37 52 49 24 61 40 35 31 88 99 15 3 75 46 91 80 32 73 48 47 80 93 56 56 81 96 15 10 67 80 57
68 97 77 30 51 65 18 95 79 1 92 1 63 93 15 5 16 56 11 91 63 86 24 90 74 60 56 33 69 52 38 26 64 26 81 19 8 25 48 74 31 28 20 50 5 50 54 45 96 86 61 42 29 31 70 89 7 54 29 15 93 2 85 40 39 34 3 65 39 72 40 19 17 25 42
86 27 12 68 53 17 42 70 34 31 95 46 45 52 17 27 70 87 89 91 8 79 66 54 39 61 62 43 79 76 9 66 85 79 21 1 7 49 49 6 91 53 3 85 61 43 3 80 47 61 61 54 15 2 22 79 9 86 13 13 64 91 10 48 88 15 85 47 62 71 31 57 42 48 66
23 46 92 3 47 87 59 14 65 50 45 3 56 72 64 84 60 53 37 3 40 73 46 75 82 38 46 7 93 38 44 71 64 89 20 18 9 46 77 46 27 3 48 32 25 68 17 4 55 28 49 33 44 31 14 71 97 58 85 47 99 6 81 48 12 88 33 84 97 99 70 45 81 67 74
51 53 49 98 17 45 47 62 76 5 47 67 60 49 46 30 29 70 47 2 67 8 85 31 82 85 45 13 14 36 30 7 58 90 97 65 56 8 4 16 3 41 18 87 37 21 88 26 77 85 26 30 27 46 42 25 68 9 77 7 21 83 89 60 2 21 23 19 98 97 61 23 74 60 31
58 57 10 99 72 61 13 34 85 17 69 85 29 66 87 10 97 5 10 66 54 62 7 23 91 20 70 91 16 92 60 44 10 69 52 41 51 19 30 58 33 24 12 5 73 38 37 99 16 92 17 85 78 43 42 12 92 99 22 32 33 24 14 87 81 64 54 68 80 50 43 60 30 2 9
75 93 65 58 72 81 87 56 65 94 92 52 11 36 63 93 71 53 47 21 25 21 15 90 69 33 76 3 51 94 16 51 75 33 85 12 82 61 63 3 57 22 81 70 40 86 8 54 55 57 96 52 62 25 61 73 25 82 84 12 52 60 63 47 82 65 29 68 66 1 13 77 43 64 67
39 46 54 69 43 13 86 93 36 38 51 14 20 29 31 76 62 44 33 35 60 78 70 36 67 74 60 67 48 64 48 21 58 57 49 2 31 95 68 48 78 64 48 98 73 35 87 83 64 89 29 91 12 49 72 99 41 53 47 11 8 36 39 67 33 95 18 68 9 32 92 48 40 99 38
10 33 41 55 60 74 95 40 85 96 50 51 11 7 17 95 3 28 44 52 88 26 53 48 86 63 19 6 44 74 48 25 68 5 35 47 40 5 3 36 98 45 39 25 31 18 73 36 18 29 16 49 76 38 28 13 1 36 16 79 89 52 84 89 65 70 69 83 32 56 67 57 95 95 9
52 54 25 64 3 5 49 17 49 58 87 52 89 84 24 84 71 51 89 27 18 37 57 30 96 21 15 18 19 65 4 72 87 50 48 58 43 2 15 98 4 31 10 37 5 86 60 39 16 32 14 93 40 67 46 24 20 69 91 88 61 21 91 41 42 23 81 16 81 53 66 80 25 94 74
58 65 70 99 38 20 82 67 18 49 23 37 89 74 69 22 36 61 46 12 98 25 29 50 44 85 73 44 50 47 40 53 95 45 60 56 98 84 19 45 75 83 57 63 29 57 25 52 27 1 91 4 49 62 42 18 76 55 96 60 72 37 69 96 40 98 92 45 2 28 8 55 77 70 84
81 47 60 98 18 36 28 41 94 88 34 48 85 81 45 92 69 10 69 43 76 83 66 47 87 51 36 32 80 57 54 44 31 86 10 22 15 24 99 44 70 28 26 33 79 17 56 28 68 22 43 68 4 83 81 50 26 83 20 71 26 15 59 84 13 27 59 67 40 67 87 4 49 92 91
40 2 20 23 50 38 72 62 57 92 96 47 68 2 73 74 67 8 58 3 75 31 33 98 98 56 69 23 44 36 40 84 78 48 58 8 68 58 29 76 35 40 22 16 20 28 9 2 97 43 8 98 90 10 51 89 26 28 47 25 7 90 22 2 9 49 64 57 90 59 46 50 29 96 24
29 50 19 39 68 65 66 2 18 20 3 69 85 8 10 48 1 50 80 33 28 50 68 11 44 50 20 57 59 14 29 53 7 84 29 20 84 81 37 39 86 74 98 27 5 17 69 19 31 53 10 96 79 75 82 43 59 38 61 70 55 98 41 35 48 78 39 34 67 31 9 20 63 45 61
81 87 91 99 92 44 47 54 83 89 55 30 78 56 62 97 36 56 97 53 27 87 9 17 67 46 22 28 60 84 34 25 85 40 56 89 77 38 40 94 49 42 77 19 76 97 73 92 8 55 87 90 97 93 87 7 20 53 95 1 64 32 13 26 15 42 25 85 31 92 83 40 71 10 79
28 57 32 6 91 45 94 44 40 67 52 18 76 31 76 71 91 2 60 61 22 81 83 60 15 44 32 97 14 47 66 59 76 73 13 50 21 85 87 36 24 32 35 41 53 49 6 22 38 46 85 98 30 71 91 58 77 15 12 15 9 75 47 24 4 25 49 62 62 10 50 5 28 48 25
70 98 31 78 96 92 9 6 41 6 23 89 18 76 6 61 77 82 80 25 94 33 24 20 57 63 72 74 9 90 31 7 56 64 35 29 29 17 66 14 81 60 39 62 27 58 90 71 43 64 12 67 16 78 87 8 57 69 59 78 78 51 24 36 19 49 25 75 23 26 28 9 13 71 17
18 65 58 79 45 54 21 12 3 45 9 47 36 63 15 42 15 18 64 97 6 73 76 74 57 60 84 3 92 70 86 33 12 66 30 13 84 70 55 60 70 51 7 12 6 79 2 7 74 97 3 38 52 94 77 94 55 41 8 21 14 87 99 99 5 21 62 79 68 57 70 49 83 36 1
2 99 73 37 29 99 31 49 63 27 32 56 31 99 51 98 70 72 60 99 30 19 52 24 98 52 19 91 88 73 42 90 78 20 19 22 81 80 98 93 81 47 4 20 99 58 6 58 89 32 28 4 83 83 95 77 88 24 70 93 82 70 24 41 91 79 22 63 31 18 92 77 39 25 17
80 70 94 8 20 75 23 27 29 22 49 72 26 52 6 40 17 70 47 75 14 24 34 9 53 60 47 85 1 19 14 24 76 38 37 14 21 3 21 76 81 29 19 31 56 32 23 50 75 87 94 52 51 85 2 99 99 49 86 36 36 28 32 59 1 94 91 42 82 44 11 37 56 5 97
31 56 16 95 52 63 23 83 10 88 29 12 78 84 41 89 32 65 39 19 3 34 81 50 30 37 74 18 61 54 79 81 97 21 91 54 24 95 46 8 48 73 21 93 58 45 26 97 54 61 99 48 44 6 47 74 97 39 45 67 38 17 32 5 22 27 22 16 13 81 26 8 27 69 33
75 38 37 15 90 25 17 53 13 45 75 91 68 24 43 75 7 59 32 43 58 68 54 27 11 77 23 31 79 32 10 97 23 6 15 63 6 72 9 97 72 28 84 31 27 84 89 24 48 47 29 77 6 91 39 7 12 64 71 23 6 84 70 10 81 80 82 39 38 86 55 1 93 1 83
34 29 19 45 17 43 84 73 3 81 9 38 70 4 31 6 78 36 88 43 55 64 46 58 14 33 83 38 26 20 9 91 64 49 6 88 72 19 43 50 60 45 39 20 79 48 34 67 29 32 55 6 41 12 93 82 50 25 70 94 59 52 85 81 36 70 47 22 36 95 64 56 27 92 25
98 77 93 4 80 29 3 18 99 18 60 67 23 63 12 12 64 23 94 39 18 16 25 16 20 36 57 38 31 65 99 23 51 69 41 58 33 48 67 38 42 50 20 89 26 83 82 88 89 15 29 19 32 41 19 10 55 51 42 19 1 46 86 67 17 48 44 16 40 10 35 66 61 17 2
65 4 65 24 80 72 45 96 39 53 48 18 7 55 41 65 52 60 90 97 41 12 89 58 35 49 12 20 33 18 83 5 73 88 84 16 54 34 87 74 79 27 76 11 15 27 1 51 18 86 27 26 83 32 14 7 88 84 83 18 50 14 6 51 35 26 82 35 80 38 30 69 91 59 95
57 69 41 30 74 62 45 21 92 47 87 71 87 76 83 34 48 30 97 8 50 9 52 18 45 11 82 83 97 24 39 22 50 56 41 46 35 42 67 81 11 17 28 54 2 71 55 89 72 18 92 73 4 72 56 60 95 32 6 52 24 69 85 16 53 45 30 6 33 32 98 25 66 65 95
15 69 2 80 36 89 13 14 85 41 1 98 58 37 46 54 52 12 97 69 92 58 64 65 87 79 69 93 31 95 16 18 57 25 50 74 28 65 92 50 21 46 46 15 99 40 66 23 95 89 25 84 43 6 51 77 88 16 69 2 25 87 80 57 26 67 18 66 84 40 22 74 70 22 80
52 88 15 31 20 40 9 97 83 84 23 4 27 63 53 91 32 70 3 37 47 72 97 63 5 21 16 29 18 35 24 66 56 36 13 32 28 17 23 27 14 61 7 92 24 37 50 50 14 91 81 72 62 18 88 56 52 49 46 98 76 5 33 23 48 16 65 53 16 41 74 9 57 74 48
45 96 15 95 77 72 85 60 70 96 61 52 29 61 31 36 67 43 5 21 32 80 38 16 79 81 51 28 37 2 50 99 92 10 5 26 26 69 70 35 29 56 67 46 92 59 26 95 24 30 43 10 55 47 74 57 77 18 63 76 27 13 95 76 38 6 19 34 46 50 65 60 43 26 8
32 20 88 42 38 83 23 94 63 41 16 23 3 28 77 30 4 53 39 19 7 7 2 74 66 97 90 99 3 62 10 75 9 80 38 16 11 89 12 63 53 11 81 82 20 46 26 29 6 14 90 86 73 90 39 1 36 31 59 52 10 42 73 95 77 91 16 72 50 69 33 20 8 15 31
20 82 51 1 78 49 82 28 83 97 78 76 81 73 80 86 17 16 15 31 31 18 50 87 48 47 45 7 18 71 84 17 89 46 93 59 60 59 43 52 70 57 10 22 22 54 66 73 81 36 99 40 68 40 98 99 12 56 75 1 27 45 63 72 28 84 49 29 41 71 81 60 25 32 6
96 43 3 74 30 51 81 25 85 56 56 86 45 83 39 79 86 3 64 85 57 65 84 90 43 53 94 19 91 95 45 67 48 86 41 13 30 72 53 86 45 15 99 73 28 11 32 8 36 97 88 87 83 89 6 33 52 76 17 93 51 49 92 61 26 62 88 96 78 7 55 96 2 72 94
83 90 58 29 91 8 29 23 94 73 78 68 67 8 76 71 94 50 11 9 80 12 76 95 67 53 16 51 14 25 49 43 28 40 49 26 84 77 15 25 27 34 29 32 8 76 3 24 72 69 25 98 46 62 42 67 9 85 54 1 5 76 35 98 99 11 82 68 14 91 65 25 35 24 2
1 99 77 34 36 36 29 99 8 47 99 86 61 70 20 1 79 1 95 17 28 64 77 12 98 58 2 25 96 94 69 55 54 49 29 65 37 23 74 63 56 46 58 26 20 62 26 26 27 82 26 54 60 31 23 88 19 81 33 18 93 55 54 48 98 5 99 95 61 84 63 61 24 43 88
11 48 98 56 67 53 17 36 86 69 35 75 43 24 36 67 18 59 60 94 99 41 93 52 6 27 76 95 27 16 89 51 32 85 51 62 42 27 33 98 35 68 72 28 99 52 51 47 60 52 4 95 7 72 37 11 2 51 15 49 20 29 6 13 17 29 59 52 81 52 72 92 54 73 74
82 9 88 81 10 36 78 89 3 50 52 86 8 31 97 60 73 6 50 89 25 96 42 6 9 43 39 77 61 83 11 90 36 74 17 18 85 67 80 84 53 59 97 97 22 95 90 67 20 43 37 23 63 63 15 59 13 58 22 56 83 81 93 53 30 68 20 69 75 68 54 62 53 5 95
77 72 42 48 16 73 40 66 94 95 73 86 7 72 92 91 36 28 82 84 99 52 46 56 20 21 29 34 78 86 35 91 22 31 1 3 31 65 66 87 74 98 31 68 72 80 15 59 93 66 16 28 17 99 65 9 56 41 4 40 66 36 53 58 46 78 29 39 49 42 39 97 50 92 8

Demandas:
0 0 0 0 0 0 1
0 0 0 0 0 1 0
0 0 0 0 0 1 0
0 0 0 1 0 0 0
0 0 1 0 0 0 0
0 0 0 0 1 0 0
0 0 0 1 0 0 0
0 0 0 0 0 1 0
0 0 0 0 0 1 0
0 1 0 0 0 0 0
0 0 0 0 1 0 0
0 1 0 0 0 0 0
0 0 0 0 0 1 0
0 0 0 1 0 0 0
0 0 0 0 0 1 0
0 0 0 0 1 0 0
0 0 1 0 0 0 0
0 1 0 0 0 0 0
0 0 1 0 0 0 0
1 0 0 0 0 0 0
0 0 0 1 0 0 0
0 1 0 0 0 0 0
1 0 0 0 0 0 0
0 0 1 0 0 0 0
0 0 0 0 0 1 0
1 0 0 0 0 0 0
0 0 0 0 0 1 0
0 0 1 0 0 0 0
0 0 0 0 0 0 1
0 0 0 0 1 0 0
1 0 0 0 0 0 0
0 0 0 1 0 0 0
0 0 0 0 1 0 0
0 0 1 0 0 0 0
1 0 0 0 0 0 0
0 0 0 1 0 0 0
0 0 1 0 0 0 0
1 0 0 0 0 0 0
0 0 0 0 0 0 1
0 0 0 0 0 1 0
0 0 0 0 0 1 0
1 0 0 0 0 0 0
0 0 0 0 0 1 0
0 0 0 1 0 0 0
0 0 1 0 0 0 0
0 1 0 0 0 0 0
0 1 0 0 0 0 0
1 0 0 0 0 0 0
0 1 0 0 0 0 0
1 0 0 0 0 0 0
0 0 0 0 0 1 0
0 0 0 0 1 0 0
0 0 0 0 1 0 0
0 0 0 1 0 0 0
0 0 0 0 0 0 1
0 0 0 1 0 0 0
0 0 1 0 0 0 0
1 0 0 0 0 0 0
0 0 0 0 1 0 0
0 0 0 0 1 0 0
0 0 0 0 0 1 0
0 0 0 1 0 0 0
0 0 0 0 0 1 0
0 1 0 0 0 0 0
0 1 0 0 0 0 0
0 1 0 0 0 0 0
0 0 0 1 0 0 0
0 0 0 0 1 0 0
1 0 0 0 0 0 0
1 0 0 0 0 0 0
0 0 0 0 0 0 1
0 0 0 0 0 0 1
0 0 0 1 0 0 0
0 0 0 1 0 0 0
1 0 0 0 0 0 0
0 0 0 0 0 0 1
0 0 0 0 0 0 1
0 0 0 0 1 0 0
0 0 0 0 0 0 1
0 0 1 0 0 0 0
0 0 0 0 0 1 0
0 0 1 0 0 0 0
0 0 1 0 0 0 0
0 1 0 0 0 0 0
0 0 0 0 0 0 1
0 1 0 0 0 0 0
0 0 0 0 1 0 0
0 0 0 1 0 0 0
0 0 0 0 0 0 1
0 0 1 0 0 0 0
0 0 0 1 0 0 0
1 0 0 0 0 0 0
0 0 0 0 0 0 1
0 1 0 0 0 0 0
0 1 0 0 0 0 0
0 1 0 0 0 0 0
0 1 0 0 0 0 0
0 0 0 0 1 0 0
0 0 0 0 0 0 1
0 0 0 0 1 0 0
0 1 0 0 0 0 0
0 0 0 0 0 1 0
0 0 0 0 1 0 0
0 0 0 0 0 1 0
0 1 0 0 0 0 0
0 0 1 0 0 0 0
0 0 0 0 0 1 0
0 0 0 0 0 0 1
0 0 0 0 0 0 1
0 0 0 0 0 0 1
0 0 0 0 0 0 1
0 0 1 0 0 0 0
0 0 0 0 1 0 0
0 0 0 0 0 0 1
0 0 0 0 0 1 0
0 1 0 0 0 0 0
1 0 0 0 0 0 0
0 0 1 0 0 0 0
0 1 0 0 0 0 0
0 0 0 0 0 1 0
0 1 0 0 0 0 0
0 1 0 0 0 0 0
0 0 0 0 1 0 0
0 0 0 0 0 1 0
0 0 0 0 0 0 1
0 0 0 1 0 0 0
0 0 1 0 0 0 0
0 0 0 0 0 0 1
0 0 0 0 0 0 1
1 0 0 0 0 0 0
0 0 0 0 1 0 0
0 0 0 0 0 1 0
0 0 0 0 0 1 0
0 0 0 0 0 0 1
0 0 0 0 0 1 0
0 0 0 0 1 0 0
1 0 0 0 0 0 0
0 0 1 0 0 0 0
0 0 0 1 0 0 0
0 0 0 0 0 0 1
0 0 0 0 1 0 0
0 0 0 0 0 1 0
0 0 0 0 0 0 1
0 0 1 0 0 0 0
0 0 0 0 0 0 1
0 0 0 0 0 0 1
1 0 0 0 0 0 0
1 0 0 0 0 0 0
0 0 0 0 0 0 1
0 0 0 0 0 1 0
0 0 0 1 0 0 0
0 0 0 0 0 0 1
0 0 0 0 0 1 0
1 0 0 0 0 0 0
0 1 0 0 0 0 0
0 0 0 1 0 0 0
0 0 1 0 0 0 0
1 0 0 0 0 0 0
0 0 1 0 0 0 0
0 0 0 0 0 0 1
0 0 0 0 0 1 0
0 0 1 0 0 0 0
0 0 1 0 0 0 0
0 0 1 0 0 0 0
0 1 0 0 0 0 0
1 0 0 0 0 0 0
0 0 0 0 0 1 0
0 0 0 0 1 0 0
0 0 0 1 0 0 0
0 0 0 0 0 1 0
0 0 0 0 0 1 0
0 0 0 0 0 0 1
1 0 0 0 0 0 0
0 0 0 1 0 0 0
0 0 1 0 0 0 0
0 0 0 0 0 1 0
0 0 1 0 0 0 0
0 0 0 0 0 1 0
0 0 0 0 0 1 0
0 0 0 0 0 0 1
1 0 0 0 0 0 0
0 0 0 0 0 0 1
0 0 1 0 0 0 0
0 1 0 0 0 0 0
0 0 0 1 0 0 0
0 0 0 0 0 1 0
0 0 1 0 0 0 0
0 0 0 0 0 0 1
0 1 0 0 0 0 0
0 0 0 1 0 0 0
1 0 0 0 0 0 0
0 0 0 0 0 0 1
0 1 0 0 0 0 0
0 1 0 0 0 0 0
0 0 0 1 0 0 0
0 1 0 0 0 0 0
0 0 1 0 0 0 0
0 0 0 0 0 0 1
0 0 0 0 1 0 0
0 1 0 0 0 0 0
0 0 0 0 0 1 0
0 0 0 0 0 0 1
0 0 0 0 0 1 0
0 0 0 0 1 0 0
1 0 0 0 0 0 0
1 0 0 0 0 0 0
1 0 0 0 0 0 0
0 0 0 0 0 1 0
0 0 0 0 0 0 1
0 0 0 1 0 0 0
0 0 0 0 0 0 1
0 0 0 0 0 0 1
0 1 0 0 0 0 0
0 0 0 1 0 0 0
0 0 0 0 0 0 1
0 0 0 1 0 0 0
0 0 0 0 1 0 0
1 0 0 0 0 0 0
0 1 0 0 0 0 0
0 0 0 0 1 0 0
0 0 0 0 0 0 1
0 0 0 1 0 0 0
0 0 0 0 0 1 0
0 1 0 0 0 0 0
0 0 0 0 1 0 0
1 0 0 0 0 0 0
0 0 0 0 0 0 1
0 0 1 0 0 0 0
0 1 0 0 0 0 0
0 0 0 0 0 1 0
0 0 0 0 1 0 0
0 0 0 1 0 0 0
0 0 0 0 0 1 0
0 1 0 0 0 0 0
0 0 0 0 0 1 0
1 0 0 0 0 0 0
1 0 0 0 0 0 0
0 1 0 0 0 0 0
0 0 1 0 0 0 0
0 0 1 0 0 0 0
0 1 0 0 0 0 0
0 0 0 1 0 0 0
1 0 0 0 0 0 0
0 0 0 0 1 0 0
0 0 1 0 0 0 0
0 0 1 0 0 0 0
0 0 1 0 0 0 0
0 0 0 0 0 1 0
0 1 0 0 0 0 0
0 0 0 1 0 0 0

Capacidades:
4 2 0 3 1 0 2
2 0 1 4 3 4 4
3 1 4 2 1 1 2
3 4 3 0 4 4 0
3 2 2 3 4 1 4
2 2 3 4 4 2 0
0 1 0 2 4 1 2
4 0 4 0 0 1 3
2 0 2 2 1 0 3
1 3 4 4 0 2 0
1 1 0 4 1 2 0
0 4 3 1 2 3 0
0 1 3 2 0 1 0
2 3 4 1 4 2 1
1 4 1 0 1 2 2
2 0 0 4 2 3 0
4 4 0 0 0 1 0
1 0 2 2 0 3 2
2 1 0 2 1 2 2
4 3 2 4 2 3 1
2 1 4 1 3 3 2
1 3 1 4 0 1 0
3 0 1 1 2 4 2
1 4 3 2 1 1 0
0 1 3 4 1 2 1
0 0 3 2 3 1 3
0 4 1 0 1 2 2
4 1 3 3 2 0 4
3 4 1 3 2 2 2
2 2 4 3 2 3 1
4 4 2 3 2 3 4
1 2 2 2 2 2 1
0 1 2 0 3 1 1
3 3 4 2 1 0 1
4 2 1 4 1 1 2
2 4 3 2 2 4 4
0 3 0 3 2 2 0
1 2 1 4 1 2 1
0 1 1 0 3 2 1
4 1 4 2 4 4 1
4 3 0 2 0 4 2
4 4 0 3 1 1 4
1 3 2 0 4 1 2
2 0 4 4 1 2 0
4 4 4 0 0 4 4
0 2 3 0 0 4 1
1 2 2 1 1 0 1
4 0 3 0 4 0 2
0 4 4 3 4 2 3
0 1 0 2 3 0 4
1 3 2 4 3 4 0
0 4 3 1 1 4 1
0 3 3 3 4 4 0
2 0 3 4 4 3 3
2 3 4 2 4 4 1
1 3 2 4 3 4 0
2 4 3 2 2 0 3
2 4 1 4 0 0 3
4 2 2 1 0 2 2
0 3 0 0 0 3 3
4 1 0 3 1 0 2
1 0 4 3 1 3 0
1 0 3 1 3 4 4
1 4 3 0 3 0 4
2 3 2 3 0 3 3
1 3 0 2 3 1 4
2 2 4 4 3 4 0
3 0 1 3 0 2 4
0 2 2 4 3 2 2
0 0 0 2 4 3 3
4 0 0 2 4 2 0
4 1 0 4 2 3 2
1 4 3 1 3 0 1
1 3 1 0 0 4 3
0 4 0 3 1 1 2
