m: 100
n: 20
k: 7

Distancias:
53 29 88 88 64 83 93 87 1 28 30 6 18 82 29 32 72 21 71 76
20 42 25 63 7 59 17 6 90 46 19 26 44 8 18 27 66 34 87 11
15 13 96 96 29 75 22 43 60 28 66 95 24 96 44 43 18 58 68 83
72 72 28 69 53 70 73 76 52 88 70 79 76 10 28 9 97 66 9 92
22 69 55 87 51 85 34 62 94 35 98 33 47 35 87 49 28 52 91 2
24 43 85 80 8 3 29 36 50 96 42 56 53 5 37 93 82 57 17 4
74 60 43 69 81 55 61 99 85 56 22 64 59 3 86 54 58 84 84 56
87 40 90 37 68 14 24 44 29 27 99 6 34 39 58 53 74 45 55 70
78 71 3 74 16 16 85 95 71 53 37 50 13 65 99 85 86 55 88 59
86 98 94 55 20 99 47 33 67 45 11 13 12 73 15 92 45 10 12 22
29 80 47 94 28 89 15 87 66 89 79 49 42 25 31 11 48 95 66 52
53 3 43 26 25 84 14 59 36 45 83 68 29 38 56 59 87 53 22 94
88 60 7 95 17 28 29 28 62 98 74 42 45 3 71 39 26 89 57 9
17 6 3 28 91 78 29 63 8 50 31 52 10 63 48 83 6 11 4 5
80 77 9 63 11 81 7 19 13 27 68 65 71 18 79 15 23 99 3 94
75 20 81 44 45 7 22 22 1 65 3 83 39 97 31 68 41 30 58 52
1 75 88 34 62 38 72 48 68 50 13 2 58 41 61 43 77 62 42 99
67 16 56 27 10 82 59 66 91 13 76 25 2 80 64 29 22 23 36 96
1 49 67 56 82 7 17 62 37 41 98 89 7 9 59 40 47 91 30 60
94 57 47 62 43 60 37 82 14 32 70 89 99 53 6 50 23 82 9 95
69 75 42 78 12 33 82 55 33 82 7 19 44 49 31 57 66 13 11 56
78 48 76 68 50 43 42 31 91 75 19 23 97 25 92 61 22 19 8 97
36 27 20 5 5 37 72 16 80 2 86 23 46 87 9 90 12 86 71 38
62 22 50 38 16 96 87 37 43 11 70 23 53 38 85 27 39 72 25 12
30 46 17 83 97 87 54 52 14 59 96 99 88 64 33 51 72 59 66 77
97 4 59 98 10 84 77 76 40 62 26 69 4 43 6 31 43 11 24 42
4 33 78 57 9 35 61 34 35 93 15 47 16 50 84 62 73 4 53 45
44 19 21 67 58 6 58 46 95 86 5 54 19 90 77 28 68 42 75 78
98 48 68 92 74 2 27 29 55 54 2 68 71 61 11 68 43 20 80 97
67 35 81 82 39 99 10 64 2 78 57 83 46 9 14 25 74 61 76 9
42 62 1 91 38 11 61 17 88 44 26 28 66 48 40 74 88 47 57 79
72 21 42 1 19 31 47 13 70 80 63 73 68 4 12 99 45 15 37 5
71 37 17 56 32 88 44 60 4 98 85 5 65 58 16 82 25 95 56 46
64 88 69 31 89 51 67 99 7 86 65 39 81 80 80 18 28 15 59 43
26 82 38 44 83 27 4 40 63 53 45 76 58 45 97 85 16 92 2 60
19 22 91 56 96 28 61 61 37 69 89 8 68 34 16 10 4 97 82 76
73 67 97 91 24 1 55 16 54 20 7 96 10 52 15 75 74 10 69 58
74 82 83 40 99 63 95 64 24 27 22 68 39 36 3 15 38 33 98 28
19 91 50 99 89 17 28 25 61 8 89 12 26 81 90 75 46 97 21 86
13 76 46 96 91 33 91 44 30 49 24 46 73 46 22 10 52 65 69 67
57 92 62 46 46 38 58 37 78 15 17 55 5 39 13 28 37 77 45 74
94 81 96 3 4 37 60 31 1 21 78 83 53 3 69 17 30 86 58 74
27 18 98 89 93 77 49 1 94 88 26 26 53 8 31 78 73 34 60 45
47 95 79 21 69 56 84 93 99 1 94 64 70 14 58 77 20 45 89 19
35 59 15 68 52 2 87 74 63 12 63 70 25 7 10 37 42 21 82 38
22 32 11 55 83 18 76 40 58 28 97 98 24 31 77 72 31 82 35 95
21 3 21 74 81 11 99 36 41 80 85 12 60 71 4 39 25 35 32 1
81 3 18 23 11 53 88 89 58 4 34 14 81 76 58 24 18 45 49 3
46 64 46 24 84 87 7 55 70 76 17 15 18 23 25 10 75 24 21 75
98 26 23 24 48 5 37 17 20 51 6 9 78 28 44 1 54 18 96 70
17 96 2 38 34 55 9 56 72 95 96 39 7 3 53 87 32 99 96 57
94 36 78 74 84 55 78 37 69 88 68 22 35 2 43 39 59 20 73 37
91 16 92 33 40 18 55 7 11 72 2 36 17 28 82 89 83 93 21 15
86 40 64 4 71 39 89 14 70 47 68 43 30 53 36 27 12 85 50 28
68 71 18 17 20 6 97 72 50 98 29 26 12 58 10 88 74 63 88 44
94 18 69 52 29 57 44 96 97 78 44 53 6 30 54 43 38 63 30 52
52 61 54 61 88 5 57 48 63 33 11 44 54 2 54 19 4 95 47 4
85 49 41 52 23 16 25 59 86 37 39 85 94 10 43 53 92 16 9 81
40 11 75 63 81 88 66 46 58 5 79 1 77 23 45 1 16 5 34 68
75 45 5 96 53 74 19 24 8 41 93 94 80 40 24 90 80 43 33 76
29 39 37 96 44 45 84 19 54 56 22 34 80 96 8 30 90 94 72 50
74 57 48 49 47 95 58 7 69 50 45 56 26 72 46 63 24 9 83 49
30 5 79 15 76 95 88 7 90 48 5 76 42 33 13 47 20 4 88 2
9 39 27 29 9 42 9 4 50 59 5 24 34 88 8 93 82 89 83 86
64 96 7 57 49 66 39 43 71 91 58 75 25 64 76 66 11 88 43 42
45 1 81 62 58 61 18 1 58 39 90 4 43 67 61 64 32 84 35 28
53 13 30 49 24 41 73 79 31 58 88 48 71 47 35 28 1 1 64 10
85 27 38 70 60 61 32 22 58 10 10 41 92 58 41 30 56 44 62 38
42 72 11 96 75 85 76 34 19 92 54 11 27 64 56 72 6 41 75 86
72 73 86 28 65 26 42 33 62 25 83 89 59 71 19 73 41 41 70 22
73 53 23 71 87 60 4 82 67 95 97 72 60 53 30 6 62 34 4 53
72 44 61 82 3 22 15 21 49 57 59 40 5 41 50 78 20 47 16 93
84 8 25 93 71 82 70 50 36 28 78 58 98 81 34 64 17 76 71 56
61 40 76 78 35 59 6 52 56 39 77 7 53 48 83 49 77 73 12 71
47 47 9 43 3 92 35 34 82 11 26 45 55 21 48 84 38 82 23 46
73 96 53 31 13 8 83 12 26 19 34 44 56 90 37 98 34 84 30 4
73 58 15 59 35 33 48 49 74 96 96 7 44 11 36 95 44 88 15 1
15 83 33 67 50 9 99 6 91 21 44 5 18 12 20 23 12 68 82 55
67 96 13 31 94 10 86 14 71 24 60 72 36 76 88 88 3 56 93 84
59 85 34 76 5 49 64 57 90 65 97 50 62 24 25 95 1 84 97 74
17 22 6 47 49 17 68 55 6 32 61 85 17 11 56 40 6 55 38 88
71 3 94 52 56 1 66 75 15 26 7 14 76 76 56 53 14 71 35 81
36 9 9 34 87 22 77 68 94 30 33 3 13 50 18 1 11 91 64 96
83 95 76 58 57 32 3 42 1 75 94 22 90 16 13 98 4 65 5 85
34 45 54 69 95 32 38 56 81 75 90 1 16 39 63 36 22 11 15 8
14 74 17 51 3 16 35 54 87 45 52 3 45 63 60 44 43 22 61 65
25 66 54 92 46 57 20 45 88 67 58 17 96 77 94 8 61 33 20 88
49 31 55 64 79 41 39 75 53 88 54 70 91 85 96 97 25 95 54 48
59 31 71 26 50 58 64 41 26 84 18 74 19 67 36 69 96 79 38 15
48 29 33 17 8 57 54 68 14 20 28 12 89 5 11 50 55 4 37 17
35 11 56 26 63 34 38 26 11 64 69 46 87 65 76 62 64 5 97 7
2 78 48 3 46 13 28 56 41 67 56 14 33 41 7 52 58 90 34 79
64 56 24 92 73 60 49 9 78 8 75 48 92 10 52 24 85 59 44 95
17 61 89 75 80 43 17 43 72 55 41 99 49 1 67 88 63 7 22 80
38 74 5 34 87 48 7 85 96 96 33 64 91 68 8 11 71 92 13 61
98 71 97 3 12 77 70 5 32 88 63 23 65 57 87 31 22 96 26 38
79 47 48 9 8 2 97 24 4 8 66 66 26 70 92 7 82 76 44 38
78 75 5 10 86 57 15 6 51 24 19 62 47 42 32 33 9 47 27 47
51 25 44 41 43 36 18 36 23 51 43 19 56 54 13 96 89 52 48 14
17 23 27 37 98 73 28 98 83 48 69 9 90 66 8 39 52 64 86 20

Demandas:
1 0 0 0 0 0 0
0 0 0 1 0 0 0
0 0 0 0 0 1 0
0 0 0 1 0 0 0
0 0 1 0 0 0 0
0 0 0 0 1 0 0
0 0 0 1 0 0 0
1 0 0 0 0 0 0
0 0 0 0 1 0 0
0 0 0 0 0 0 1
0 0 0 0 0 0 1
0 0 0 0 0 0 1
1 0 0 0 0 0 0
1 0 0 0 0 0 0
1 0 0 0 0 0 0
0 0 0 0 1 0 0
0 0 0 1 0 0 0
0 0 0 0 0 1 0
0 0 0 0 0 0 1
1 0 0 0 0 0 0
0 0 0 0 0 0 1
0 0 0 0 0 1 0
0 0 0 0 1 0 0
0 0 0 0 0 1 0
0 0 0 1 0 0 0
0 0 1 0 0 0 0
0 0 0 0 0 0 1
1 0 0 0 0 0 0
0 0 0 1 0 0 0
0 1 0 0 0 0 0
0 0 0 1 0 0 0
0 0 0 0 0 1 0
0 1 0 0 0 0 0
0 0 0 0 0 1 0
0 1 0 0 0 0 0
0 0 0 0 0 0 1
0 0 0 0 0 0 1
0 0 0 0 0 1 0
0 0 0 1 0 0 0
0 0 1 0 0 0 0
0 1 0 0 0 0 0
0 0 0 0 1 0 0
0 0 0 0 0 0 1
0 0 0 0 0 1 0
0 0 0 1 0 0 0
1 0 0 0 0 0 0
0 0 0 0 1 0 0
0 0 1 0 0 0 0
0 0 0 1 0 0 0
0 0 0 0 0 1 0
0 0 0 1 0 0 0
0 0 0 0 0 1 0
0 1 0 0 0 0 0
0 0 0 1 0 0 0
0 0 0 0 1 0 0
0 1 0 0 0 0 0
0 0 0 0 0 1 0
0 0 0 0 0 0 1
0 0 0 0 0 0 1
0 0 0 1 0 0 0
0 0 0 1 0 0 0
1 0 0 0 0 0 0
0 0 0 0 0 0 1
0 1 0 0 0 0 0
0 0 0 1 0 0 0
0 0 0 0 0 0 1
0 0 0 0 0 0 1
0 0 0 0 0 0 1
0 0 0 1 0 0 0
0 0 0 0 1 0 0
0 0 0 0 0 1 0
0 0 0 0 1 0 0
0 0 0 0 0 1 0
0 0 1 0 0 0 0
0 0 0 0 0 1 0
0 0 0 0 0 0 1
0 0 0 1 0 0 0
0 1 0 0 0 0 0
0 0 0 0 1 0 0
0 0 0 0 1 0 0
0 0 0 0 0 0 1
1 0 0 0 0 0 0
0 0 0 0 0 1 0
0 0 0 0 0 1 0
1 0 0 0 0 0 0
0 0 1 0 0 0 0
0 0 0 0 0 0 1
0 1 0 0 0 0 0
0 0 1 0 0 0 0
0 0 1 0 0 0 0
1 0 0 0 0 0 0
0 0 0 0 0 1 0
1 0 0 0 0 0 0
0 0 0 0 1 0 0
1 0 0 0 0 0 0
0 0 0 0 1 0 0
0 1 0 0 0 0 0
0 0 0 0 0 1 0
0 0 0 0 1 0 0
0 0 0 0 1 0 0

Capacidades:
2 1 3 4 0 3 4
1 4 1 4 4 3 3
2 2 2 0 0 1 3
2 3 4 1 2 3 2
4 3 2 4 4 4 2
4 2 0 2 0 0 0
2 4 1 0 1 3 0
3 0 1 2 1 2 3
1 4 4 4 3 0 1
1 2 4 0 3 1 2
2 0 4 1 0 3 1
2 2 3 3 2 2 4
2 2 3 4 0 3 2
4 4 1 1 4 2 2
1 1 2 0 1 2 2
3 3 4 1 3 1 3
3 0 1 0 3 4 3
2 3 0 0 2 0 3
4 3 0 4 4 3 2
4 1 4 0 0 1 1
