m: 100
n: 20
k: 8

Distancias:
52 81 56 19 29 78 3 5 7 40 19 40 38 69 39 92 26 39 54 64
15 69 73 65 72 14 82 13 94 23 12 51 9 13 89 2 36 6 13 38
39 41 68 37 1 99 8 31 94 71 32 7 67 4 59 32 30 40 5 16
33 33 66 25 6 62 92 85 16 18 33 70 98 7 65 66 73 97 58 73
45 17 11 9 87 13 76 90 89 16 32 36 62 79 81 30 15 91 92 21
92 14 22 23 63 12 63 16 16 34 67 49 65 57 97 39 17 62 63 30
23 24 81 13 30 51 37 91 9 78 15 56 95 54 87 6 63 58 50 24
82 99 47 51 32 84 20 83 86 27 46 9 39 30 23 26 4 46 84 64
58 16 94 32 38 59 69 57 78 71 1 56 91 44 77 53 28 95 2 46
54 68 48 46 3 86 53 78 27 93 89 63 86 14 94 24 47 52 96 93
98 99 28 28 75 80 36 48 23 55 37 19 55 44 70 70 32 33 96 95
26 36 37 87 31 5 36 77 56 22 17 58 35 12 72 2 1 12 31 60
9 65 61 16 46 91 99 91 85 24 60 74 90 2 16 19 40 50 36 85
53 81 20 89 62 41 1 39 8 95 37 26 66 64 91 87 90 29 83 75
35 96 69 54 35 97 46 94 57 61 52 54 26 57 50 78 2 65 16 54
82 64 2 97 12 9 52 97 54 20 25 23 82 79 90 99 99 91 12 55
5 80 36 7 28 46 19 35 86 55 18 51 19 75 11 91 42 13 12 73
89 39 95 47 98 93 2 2 62 37 95 90 41 78 36 50 54 2 6 65
85 52 61 98 82 58 16 52 62 38 29 5 37 36 6 17 26 92 34 98
88 57 88 68 21 23 88 29 35 51 90 55 30 68 12 99 9 53 43 5
11 2 84 50 85 28 25 24 93 35 50 85 13 17 22 49 9 24 19 77
64 66 55 50 56 61 1 48 71 67 5 78 22 85 70 74 26 26 39 87
2 65 43 1 92 92 59 50 66 23 68 7 56 42 91 38 11 73 22 38
3 21 59 8 22 70 62 48 95 19 24 98 70 10 19 82 80 93 8 39
74 15 18 27 55 57 59 57 65 43 32 64 70 77 6 42 89 70 58 90
8 96 83 90 9 29 9 58 36 15 11 9 71 4 98 32 8 28 6 30
24 65 35 71 10 31 74 80 17 73 46 84 65 18 48 52 17 44 96 50
67 53 2 20 37 12 2 96 70 85 85 92 43 20 43 85 33 26 6 87
46 97 14 82 7 30 8 50 48 73 83 27 61 76 80 94 34 75 13 58
44 85 62 38 62 95 75 4 18 55 37 56 79 27 89 93 10 94 99 8
89 84 85 97 58 99 27 45 32 23 38 85 24 36 72 15 4 9 91 86
64 67 9 50 56 39 89 83 22 59 62 60 43 95 63 7 88 7 23 52
45 89 76 52 9 69 18 22 34 72 48 62 59 80 5 59 66 81 6 90
81 36 88 51 78 6 4 91 56 99 65 54 2 83 84 7 58 50 17 88
81 26 30 47 51 86 11 93 8 58 27 73 39 23 19 87 30 74 70 41
80 27 51 1 19 99 34 47 40 23 72 34 84 12 78 53 57 5 57 22
60 9 95 61 94 17 5 54 17 47 64 20 5 79 46 25 48 67 34 82
46 63 55 80 73 91 71 32 85 88 17 16 79 84 68 29 44 33 66 72
24 6 99 10 3 64 5 16 78 63 48 18 73 36 96 36 44 29 96 29
69 1 87 93 37 28 51 37 67 13 16 46 6 86 61 26 89 76 15 2
26 11 79 67 97 16 86 73 49 82 81 49 26 97 27 35 91 32 45 90
37 85 80 2 68 61 24 51 83 98 61 46 75 2 73 22 2 52 81 4
20 80 93 33 6 60 61 68 66 96 64 73 59 18 15 57 61 84 69 66
36 71 98 50 58 99 63 39 96 62 23 51 58 91 90 37 44 8 46 90
50 86 87 77 35 79 7 59 57 73 10 86 79 89 14 79 81 97 5 66
31 73 15 54 90 8 7 33 66 16 83 17 37 41 83 2 64 86 86 80
26 34 87 52 25 53 6 9 21 42 43 64 82 32 55 51 63 66 39 61
43 36 26 39 61 35 6 65 11 32 79 61 26 17 48 73 52 50 16 64
56 13 66 97 62 49 75 30 27 25 9 68 68 79 22 96 54 76 75 75
2 24 78 10 37 97 94 6 23 29 88 67 64 45 78 63 74 74 81 97
55 79 35 94 34 29 45 18 92 16 63 10 64 31 56 58 43 3 19 4
31 12 20 87 6 61 39 79 48 99 18 70 48 12 99 69 19 32 4 81
82 1 88 86 61 83 24 44 66 14 77 52 93 21 43 59 61 34 52 57
43 61 30 50 24 32 14 81 58 27 21 31 19 99 34 19 25 88 29 1
2 73 5 27 48 96 99 99 70 61 17 76 56 76 41 89 64 70 91 58
85 73 80 56 47 28 11 34 51 22 50 18 8 95 61 44 23 94 3 43
87 9 72 77 44 68 78 71 70 90 80 75 14 81 94 36 2 44 71 16
36 10 84 27 3 93 25 8 64 91 32 54 12 29 65 57 51 74 84 70
23 71 50 17 58 33 39 74 82 27 68 92 78 77 98 9 12 76 17 81
83 46 40 13 77 49 29 39 60 20 22 3 41 69 2 9 67 22 43 90
57 65 81 81 27 81 25 31 53 87 10 83 33 52 25 20 91 15 98 8
79 70 35 11 88 12 9 76 66 79 70 20 98 54 63 16 88 60 22 12
54 21 12 4 26 95 51 14 39 64 41 57 34 64 95 58 47 23 45 33
38 52 4 94 87 76 88 23 27 24 85 56 47 12 62 40 30 17 52 87
32 6 28 2 12 61 2 32 3 20 71 75 98 69 19 45 17 45 3 98
63 99 89 10 33 50 2 87 19 70 84 15 2 15 56 12 53 5 66 74
49 92 67 34 26 96 57 66 68 3 95 26 67 3 76 31 56 58 16 52
81 27 39 29 63 40 9 36 7 76 7 77 87 70 82 5 91 60 70 78
54 56 44 77 17 46 19 53 52 47 51 4 83 16 12 24 78 1 86 84
71 18 51 70 80 17 40 46 5 59 61 86 49 41 48 89 40 74 69 77
70 64 50 64 36 10 87 53 26 43 7 45 11 32 84 22 7 38 89 13
20 90 71 94 60 6 72 31 85 98 96 33 49 49 43 81 12 40 71 44
76 21 86 86 68 44 56 57 89 59 59 48 15 1 3 98 84 7 36 36
64 26 64 73 48 15 17 29 81 70 66 73 55 45 10 67 44 84 81 83
51 2 64 74 97 30 64 63 8 35 92 12 69 32 99 72 88 24 15 63
64 23 57 91 38 33 90 73 90 6 43 21 74 15 19 12 77 15 72 39
94 84 42 22 22 76 6 91 46 56 69 38 88 30 90 60 65 98 46 7
69 67 72 61 21 28 30 35 43 59 85 27 4 91 7 62 48 63 28 44
75 26 36 63 66 55 53 28 96 9 74 25 85 68 56 3 57 61 7 62
48 95 3 9 94 51 58 68 52 27 17 55 90 92 58 29 49 70 86 6
64 88 42 52 85 28 54 62 26 59 53 52 62 43 61 79 18 25 83 24
33 7 40 29 69 35 30 59 90 97 15 48 61 54 76 60 30 58 71 32
37 31 76 98 50 42 65 13 62 98 14 25 90 13 12 27 54 59 12 64
18 67 73 25 30 46 58 41 14 23 11 75 2 29 53 55 8 27 25 52
12 83 40 86 2 32 38 95 98 28 71 83 16 67 99 45 70 57 5 64
64 86 29 68 73 91 73 4 87 88 69 48 45 89 52 10 27 3 71 65
26 34 72 6 25 79 95 50 65 11 38 66 28 27 51 90 54 10 40 7
81 52 14 28 7 48 13 68 77 55 91 47 64 7 91 76 66 85 67 7
88 98 94 53 18 68 27 6 15 42 71 28 46 48 30 4 66 75 73 60
21 47 22 46 49 89 52 57 85 28 62 63 53 83 54 10 13 16 78 8
60 73 93 98 93 30 32 61 1 93 64 89 73 84 55 26 9 98 33 68
56 42 44 90 37 31 73 98 97 59 21 37 79 55 72 11 49 20 57 96
93 31 39 38 74 77 89 61 53 9 75 62 47 45 96 39 2 16 59 31
66 38 41 86 44 47 62 43 97 34 8 73 12 20 13 22 24 83 29 1
40 89 95 70 80 66 63 15 2 17 53 84 45 33 51 3 22 4 64 47
68 96 37 37 43 48 14 80 81 87 47 9 83 30 7 15 29 58 45 36
25 12 15 53 88 13 98 86 31 33 77 91 9 53 32 82 80 42 95 94
95 65 16 31 47 46 3 43 26 49 74 91 83 6 86 15 66 81 76 35
79 77 18 71 57 90 99 33 90 10 30 17 82 69 70 65 54 69 62 98
55 6 14 64 38 68 32 71 86 44 87 27 32 38 52 1 45 15 11 86

Demandas:
0 0 0 0 0 0 0 1
0 0 1 0 0 0 0 0
0 1 0 0 0 0 0 0
0 0 0 0 0 0 0 1
0 0 0 0 0 0 1 0
0 0 0 0 0 1 0 0
1 0 0 0 0 0 0 0
0 1 0 0 0 0 0 0
0 0 0 0 1 0 0 0
0 0 0 0 0 1 0 0
0 0 0 0 0 1 0 0
0 0 0 0 0 0 1 0
0 0 0 0 1 0 0 0
0 0 0 1 0 0 0 0
0 0 0 0 0 1 0 0
0 0 1 0 0 0 0 0
1 0 0 0 0 0 0 0
0 0 0 0 0 0 1 0
0 0 0 0 0 0 1 0
0 0 0 0 0 1 0 0
1 0 0 0 0 0 0 0
0 0 1 0 0 0 0 0
0 0 0 0 0 1 0 0
0 0 0 0 0 0 0 1
0 0 0 0 0 0 1 0
0 0 1 0 0 0 0 0
1 0 0 0 0 0 0 0
1 0 0 0 0 0 0 0
0 0 0 1 0 0 0 0
0 0 0 0 0 0 1 0
0 0 0 0 0 0 1 0
0 0 0 0 0 0 1 0
0 0 1 0 0 0 0 0
0 0 0 0 1 0 0 0
0 0 0 0 0 1 0 0
0 0 0 0 0 1 0 0
0 0 0 0 1 0 0 0
0 0 1 0 0 0 0 0
0 0 0 0 0 0 1 0
0 0 0 0 0 0 0 1
0 0 1 0 0 0 0 0
1 0 0 0 0 0 0 0
0 0 1 0 0 0 0 0
0 0 0 0 0 0 1 0
0 0 1 0 0 0 0 0
0 0 0 0 0 1 0 0
0 0 0 0 0 0 1 0
1 0 0 0 0 0 0 0
0 0 0 0 0 0 0 1
0 1 0 0 0 0 0 0
1 0 0 0 0 0 0 0
1 0 0 0 0 0 0 0
0 0 0 0 0 0 1 0
0 0 0 1 0 0 0 0
0 1 0 0 0 0 0 0
0 0 0 0 1 0 0 0
0 0 0 0 1 0 0 0
0 0 1 0 0 0 0 0
0 0 0 0 0 0 0 1
0 0 0 0 0 0 1 0
1 0 0 0 0 0 0 0
1 0 0 0 0 0 0 0
0 0 0 1 0 0 0 0
0 0 0 0 1 0 0 0
0 0 0 0 0 1 0 0
0 0 0 1 0 0 0 0
0 0 0 0 0 0 1 0
1 0 0 0 0 0 0 0
0 0 1 0 0 0 0 0
0 0 0 0 0 0 1 0
0 1 0 0 0 0 0 0
1 0 0 0 0 0 0 0
0 1 0 0 0 0 0 0
0 0 0 0 1 0 0 0
0 0 0 0 0 0 0 1
0 0 0 0 0 0 0 1
0 1 0 0 0 0 0 0
1 0 0 0 0 0 0 0
0 1 0 0 0 0 0 0
0 0 0 0 0 1 0 0
1 0 0 0 0 0 0 0
0 0 0 0 0 0 0 1
0 0 0 0 0 0 1 0
1 0 0 0 0 0 0 0
0 0 0 0 0 1 0 0
0 0 0 0 0 0 0 1
0 0 0 0 0 1 0 0
0 0 0 1 0 0 0 0
0 0 0 0 0 0 0 1
1 0 0 0 0 0 0 0
0 0 1 0 0 0 0 0
1 0 0 0 0 0 0 0
0 1 0 0 0 0 0 0
0 0 1 0 0 0 0 0
0 0 0 0 0 1 0 0
0 0 0 0 1 0 0 0
0 0 0 0 0 0 1 0
1 0 0 0 0 0 0 0
0 0 0 0 0 0 1 0
0 1 0 0 0 0 0 0

Capacidades:
3 4 1 1 4 0 1 1
2 4 1 0 3 4 3 4
1 2 0 2 4 4 3 2
3 2 3 1 2 2 2 3
3 2 4 3 4 4 1 3
3 4 4 4 2 1 1 3
0 1 1 1 0 4 1 4
3 3 0 2 4 4 3 4
4 2 2 0 0 1 4 4
3 4 4 4 0 0 4 2
1 2 2 2 0 1 2 1
0 3 3 2 0 2 3 1
0 0 0 1 0 2 1 2
3 2 2 0 4 3 4 4
3 0 4 2 3 2 4 0
3 0 2 1 3 4 3 2
1 1 3 3 0 4 2 4
2 4 0 0 1 3 4 1
0 2 1 1 3 3 3 3
2 2 1 0 0 2 0 3
