m: 250
n: 75
k: 7

Distancias:
43 88 77 20 19 65 19 15 35 22 51 70 23 47 53 31 99 23 59 3 47 9 51 28 6 51 31 37 47 55 45 11 58 42 28 30 57 1 69 26 1 66 36 53 57 51 9 46 45 38 83 92 52 80 18 10 61 5 94 64 11 93 16 72 54 19 75 45 52 53 86 83 22 12 9
21 18 32 54 65 43 80 72 19 77 42 42 47 85 44 94 34 42 9 75 95 59 40 17 73 51 26 88 44 20 16 98 37 52 38 27 87 66 10 39 82 63 6 11 14 78 69 83 30 14 43 30 92 77 64 99 46 52 54 29 75 99 71 7 15 31 15 60 92 69 50 17 14 30 25
63 13 80 35 30 60 75 26 97 17 21 29 82 81 27 31 77 3 76 87 21 33 53 59 35 74 48 51 28 58 56 55 17 66 58 24 58 20 54 90 72 47 48 68 71 43 6 63 16 57 95 26 90 57 89 96 85 7 41 95 27 54 92 45 32 11 7 93 25 56 80 87 60 97 93
46 98 71 76 32 98 64 39 46 18 56 13 67 16 79 54 88 73 21 94 25 86 32 33 22 4 32 7 42 7 66 49 93 83 82 39 94 92 44 77 34 24 43 38 83 10 67 85 43 21 65 7 87 74 69 30 40 22 40 7 67 97 35 85 84 47 37 5 47 66 71 1 82 99 22
36 64 51 84 30 53 69 87 86 54 37 31 88 9 74 71 93 61 19 19 18 39 70 47 77 78 57 63 38 58 6 93 25 80 32 22 99 93 5 14 29 65 5 41 28 6 21 30 47 25 30 52 87 68 43 10 15 60 79 34 15 20 76 28 55 28 44 14 24 40 67 16 16 79 22
59 45 90 23 94 6 72 38 18 66 38 57 70 93 19 12 70 45 33 95 78 40 62 26 30 9 24 96 86 31 34 10 96 18 89 26 95 73 34 67 43 34 21 50 21 58 35 11 60 55 54 29 68 75 21 32 48 41 2 16 2 45 43 2 73 28 58 42 16 43 53 71 66 85 21
57 39 99 47 30 79 68 44 80 2 75 77 43 1 6 89 50 51 30 13 68 70 8 14 45 66 25 15 19 51 58 61 49 42 61 63 28 59 67 34 45 34 61 6 46 44 49 66 52 68 34 81 28 65 87 14 40 30 84 37 14 1 10 94 54 5 84 3 65 52 38 87 71 53 35
60 92 28 17 34 24 43 24 25 85 96 19 28 64 94 64 3 60 97 70 8 73 2 15 99 66 74 18 99 74 42 98 73 54 7 72 52 73 55 33 75 25 21 96 76 71 30 64 75 15 62 42 1 88 88 19 43 35 72 55 82 72 1 9 83 70 71 70 51 83 58 51 62 17 69
69 39 96 45 45 2 80 88 91 61 16 4 21 61 35 28 17 60 10 82 1 20 19 17 72 57 8 50 62 52 79 53 85 38 33 69 30 12 35 93 8 31 21 16 40 19 33 31 60 74 9 9 88 90 83 8 45 73 53 58 23 56 83 55 64 21 96 99 46 15 82 8 97 94 42
64 24 96 19 71 37 2 24 82 85 40 12 42 32 88 61 52 23 25 14 32 60 92 24 4 90 53 32 70 95 25 70 73 1 92 20 37 48 56 52 87 17 31 47 51 64 82 9 14 20 47 13 53 81 27 55 25 44 53 77 43 15 43 93 15 88 53 48 31 35 98 97 22 6 61
78 91 13 45 49 77 15 50 95 15 80 54 18 92 13 49 45 58 77 46 87 38 39 37 85 53 86 73 78 20 7 68 50 5 5 78 63 37 42 8 75 80 21 10 7 6 64 22 51 93 80 75 80 73 65 94 27 5 51 41 81 93 45 70 92 93 1 4 8 19 57 22 18 2 75
71 81 1 2 50 63 71 74 29 76 57 25 93 96 48 44 31 95 13 89 54 22 37 46 12 12 34 12 55 71 37 6 7 9 7 99 81 54 71 61 18 43 61 33 26 73 85 85 94 71 96 86 4 29 41 4 20 3 8 38 44 46 34 60 50 9 11 76 73 64 24 23 60 21 61
45 22 69 42 42 94 67 86 88 36 12 28 52 12 19 84 18 19 99 34 85 2 24 81 15 70 21 77 16 67 75 2 49 14 8 24 27 39 45 38 77 13 42 21 12 97 52 67 11 90 94 54 57 50 6 39 71 15 55 62 5 86 69 61 96 67 31 97 44 1 2 98 80 2 74
32 62 4 78 52 91 21 42 32 82 69 75 38 37 52 80 42 85 85 18 40 41 93 80 94 43 57 24 13 21 69 75 75 29 67 73 70 77 65 81 89 28 90 63 23 73 52 23 82 82 66 13 62 39 19 58 19 38 31 14 20 40 20 12 36 85 31 41 38 23 64 57 55 44 86
37 78 21 12 80 80 71 87 3 18 71 19 44 52 98 75 26 25 23 16 82 54 80 23 3 65 50 40 21 27 45 48 73 31 13 46 57 85 78 11 86 72 54 42 18 69 39 97 80 59 77 85 88 36 31 59 34 76 59 89 35 24 51 97 27 33 18 46 10 79 34 85 75 66 78
63 69 83 84 74 73 89 10 41 57 2 4 50 88 4 26 8 93 39 13 13 37 68 57 60 78 64 80 26 46 14 39 28 95 95 80 11 98 61 92 62 8 96 4 71 20 69 98 36 88 47 92 51 8 65 92 5 11 70 8 88 51 40 92 44 33 76 9 68 33 49 5 2 12 75
77 55 89 23 37 61 25 12 55 71 64 40 69 10 39 47 40 50 9 99 39 23 76 30 20 72 72 47 47 70 41 32 39 65 67 31 14 63 60 38 11 24 94 20 27 75 73 65 82 35 31 19 75 15 76 28 59 14 28 81 3 16 21 54 12 5 22 16 95 81 91 14 57 95 9
79 2 45 99 71 4 95 75 36 1 9 43 95 9 10 14 26 76 76 36 37 19 8 9 12 34 54 25 92 59 14 88 76 36 9 28 59 11 23 62 35 23 75 28 32 66 44 63 80 99 49 67 10 47 54 67 91 39 72 44 37 69 22 57 83 16 50 90 44 40 26 67 36 20 97
61 40 20 40 70 63 99 33 80 42 23 73 71 66 79 32 23 91 23 40 42 47 12 68 66 64 20 26 34 79 3 37 17 49 42 25 38 53 15 50 91 30 92 31 64 91 4 27 7 1 46 57 2 13 76 65 43 2 38 90 67 34 70 12 43 51 10 74 43 99 91 35 95 53 10
25 3 69 81 43 33 91 88 19 9 51 85 45 14 99 36 49 40 9 36 2 48 65 63 64 64 8 80 51 79 50 53 9 81 38 84 4 18 85 80 98 23 80 18 63 80 68 91 92 46 40 60 67 80 17 31 46 84 50 2 20 66 64 87 2 61 63 31 97 31 7 72 7 50 71
57 4 82 47 87 81 39 18 12 75 47 5 40 8 92 61 19 43 51 22 98 8 63 78 85 19 93 60 58 68 22 86 44 29 17 84 13 32 24 2 71 37 73 43 11 87 2 50 96 81 35 84 32 35 89 57 53 81 23 49 49 43 25 16 48 6 20 70 1 40 61 64 65 77 93
67 44 12 74 76 64 44 52 3 81 10 34 59 62 42 37 63 37 7 82 39 14 94 69 74 4 49 9 58 81 76 78 82 66 25 13 22 49 39 49 36 71 98 12 92 63 62 89 41 77 11 59 79 87 71 70 78 25 94 16 22 95 65 48 35 79 13 54 6 98 19 38 88 6 13
85 84 20 42 44 46 97 11 32 76 5 83 44 27 37 94 42 25 52 49 61 72 63 61 38 84 83 47 96 68 65 72 17 26 40 31 16 78 73 48 97 48 94 56 32 51 86 98 39 89 8 78 28 69 72 60 48 50 99 65 86 21 59 25 24 51 43 65 49 21 94 16 71 42 40
44 44 42 37 78 92 29 75 85 80 65 43 90 15 31 4 52 90 63 89 93 15 4 86 82 87 95 63 33 3 15 23 7 39 62 28 45 35 61 44 5 71 68 30 88 5 65 12 90 82 29 72 76 73 70 74 5 28 46 83 98 80 61 4 76 53 16 76 29 41 91 82 15 45 53
84 71 34 98 45 53 86 10 28 40 84 61 57 70 34 36 24 64 91 72 1 6 68 88 23 7 92 96 61 90 21 22 98 91 93 7 94 45 57 44 35 94 17 48 10 72 96 81 75 75 10 22 33 45 24 11 68 54 40 92 54 5 13 78 4 20 14 44 15 53 8 25 28 78 38
77 46 38 91 95 94 59 35 82 69 50 13 58 95 83 66 62 97 47 5 41 15 21 21 12 46 66 16 32 66 20 47 68 65 3 89 21 17 44 48 10 12 31 77 86 60 19 82 86 79 46 77 95 7 30 38 85 17 84 11 71 99 17 90 90 68 78 17 98 30 7 68 82 62 20
75 83 24 17 3 73 72 20 47 48 14 93 70 48 12 84 55 21 39 32 5 9 6 47 14 21 81 33 58 32 80 62 1 1 79 59 74 73 24 38 29 67 14 93 4 78 51 52 48 47 35 78 7 39 1 80 78 36 82 64 82 67 71 41 84 51 44 11 94 30 76 14 39 79 49
81 59 13 55 35 8 3 20 45 7 94 31 18 26 86 43 94 65 25 47 8 80 78 55 48 93 44 47 97 25 8 83 90 25 43 26 81 31 31 49 16 17 98 67 98 25 1 50 94 38 11 97 13 63 93 91 17 7 29 75 24 31 71 42 95 46 91 74 31 60 2 19 28 61 89
28 66 17 89 10 24 23 36 23 66 12 51 43 79 21 74 3 46 68 1 10 7 58 44 2 82 46 56 6 83 55 33 85 90 24 69 89 21 44 94 8 42 14 63 16 16 10 86 88 67 82 24 10 66 18 11 3 94 8 83 93 39 22 42 57 46 13 15 70 39 33 59 63 8 55
61 31 30 45 44 7 29 35 44 39 40 99 27 84 97 14 45 27 21 4 96 17 99 33 28 47 60 92 44 73 50 61 7 79 30 28 59 84 53 49 49 15 55 27 3 51 41 41 3 29 35 73 52 15 83 34 33 55 80 70 18 47 85 25 17 72 63 23 26 73 41 42 43 15 24
16 88 76 20 51 70 1 68 98 79 69 77 47 97 61 42 94 29 73 43 4 51 73 4 77 62 17 83 81 46 50 74 82 37 33 80 52 6 69 27 24 96 52 94 82 21 22 85 78 17 35 38 7 60 19 59 95 74 52 86 60 26 26 66 15 76 29 95 49 95 39 60 21 20 30
63 51 5 83 71 20 21 45 53 76 28 85 48 1 67 9 84 68 26 80 76 12 19 65 1 47 6 76 10 25 51 45 40 24 67 6 77 8 36 40 20 99 23 87 3 9 78 65 46 42 57 33 39 69 29 8 54 68 56 91 20 14 29 62 83 57 21 95 87 37 44 49 56 85 44
98 50 39 86 64 99 78 23 56 65 3 7 92 35 94 94 81 17 29 57 85 68 45 68 14 81 69 31 72 80 17 79 96 49 37 24 16 89 7 98 63 48 99 54 51 90 65 88 58 89 76 73 63 49 62 5 35 36 15 90 70 43 2 37 21 54 12 9 2 29 22 61 98 21 13
49 57 13 28 45 58 66 70 98 73 95 16 61 52 66 35 99 8 38 72 89 91 52 24 42 96 16 84 28 82 55 28 28 77 27 90 2 20 95 21 8 75 5 77 26 34 54 39 53 60 99 35 51 64 28 47 33 83 67 1 59 81 19 17 75 35 66 3 5 38 50 36 69 46 42
94 52 21 48 95 86 21 25 1 4 17 44 57 5 32 76 10 61 16 75 48 87 59 53 62 41 29 92 91 29 80 28 80 31 99 83 65 82 28 6 52 90 36 66 80 80 11 17 3 90 74 45 98 37 81 88 51 86 33 43 48 40 88 26 88 57 38 80 51 60 61 24 80 71 95
44 23 12 4 93 45 50 61 1 25 85 10 49 43 34 83 55 73 5 52 68 9 17 71 50 6 8 26 98 42 65 24 11 26 30 9 80 2 27 66 72 96 50 67 44 45 71 53 45 55 32 93 95 40 53 70 79 89 79 35 48 90 79 69 60 91 82 63 72 34 58 16 25 8 99
69 16 79 73 2 97 7 61 73 26 78 44 82 73 37 73 62 87 67 74 41 70 84 12 32 79 15 83 9 92 13 94 74 3 47 63 28 36 91 76 90 53 31 29 48 22 50 2 23 10 92 53 81 76 50 35 13 15 49 77 24 2 79 43 81 81 46 92 45 91 34 65 62 66 14
98 87 87 47 95 27 80 3 86 29 71 13 7 40 62 79 52 64 52 17 26 93 49 97 95 93 29 13 23 15 91 59 97 8 34 89 61 58 83 75 74 27 96 74 28 2 7 8 6 65 15 46 38 26 4 27 75 3 74 67 80 33 75 97 24 20 59 52 68 44 42 1 33 29 8
7 69 57 93 23 24 18 34 37 73 92 94 2 84 44 74 24 48 84 54 58 7 76 55 41 48 87 33 93 93 64 43 59 30 85 64 8 63 66 11 9 41 8 83 95 46 94 77 59 90 30 10 19 82 64 34 81 65 11 55 49 96 71 80 65 59 1 85 3 6 25 58 97 39 61
70 54 29 84 15 97 72 21 6 67 84 51 81 55 49 58 72 32 26 78 7 19 5 49 86 15 60 24 41 65 77 14 7 96 42 30 28 48 97 53 98 18 79 45 90 35 56 53 94 98 59 34 37 43 42 94 23 26 80 52 26 91 95 97 10 36 11 42 47 87 63 26 76 12 52
97 52 11 51 95 37 43 28 87 64 35 63 72 98 25 70 87 87 46 86 30 20 91 77 97 16 92 90 23 24 88 78 49 92 32 69 64 92 31 13 2 28 82 89 13 16 81 45 69 43 40 9 35 26 77 77 59 6 13 78 94 86 40 2 11 90 87 58 48 64 49 90 7 31 30
45 17 74 32 23 39 88 27 8 24 10 70 99 52 21 47 95 3 30 63 15 98 99 72 85 99 24 13 94 5 67 12 92 35 87 14 9 1 48 6 81 39 22 3 92 26 4 57 30 87 85 28 45 69 85 8 3 18 16 75 13 42 43 66 68 11 59 59 80 42 53 30 4 19 56
43 16 71 91 59 32 33 57 80 71 76 4 87 26 5 34 11 61 99 97 84 63 61 7 29 97 96 90 72 86 11 47 84 69 56 91 95 86 13 80 63 20 49 19 22 65 99 62 78 5 66 9 14 37 72 48 35 43 12 62 46 41 95 33 22 98 71 36 60 26 34 3 10 32 8
98 92 47 76 27 1 37 84 97 78 64 51 93 8 4 77 93 58 59 50 46 54 99 7 65 90 74 25 3 4 26 26 95 34 12 18 54 7 97 53 19 29 75 54 34 97 74 78 52 34 28 86 33 94 3 13 83 64 11 36 83 59 26 69 73 80 68 9 68 26 51 23 46 35 38
83 86 93 58 42 51 71 49 77 76 15 87 70 66 80 80 1 16 59 70 1 69 32 66 94 8 41 84 37 71 23 15 20 20 66 23 70 51 61 70 98 47 5 22 85 55 91 64 87 88 49 30 27 35 90 39 37 67 18 74 79 62 70 15 60 84 16 99 97 43 8 74 94 53 53
54 2 84 70 70 68 39 16 26 92 10 2 23 58 38 15 39 65 93 99 90 4 73 53 14 23 23 13 64 15 88 19 84 31 38 51 62 69 2 55 35 11 61 74 53 32 84 51 2 99 27 9 58 33 39 3 50 74 98 38 5 69 54 8 19 4 53 53 35 79 28 99 40 29 58
83 41 74 87 68 66 46 73 1 92 95 35 54 45 67 2 4 76 18 87 75 34 96 63 33 4 40 77 89 15 75 62 45 86 20 12 76 29 56 38 22 47 18 67 40 78 59 52 8 37 94 21 11 92 59 32 64 28 47 34 84 56 5 77 4 46 79 67 18 23 98 16 92 30 77
47 15 13 82 86 97 13 61 47 26 34 34 66 23 41 61 63 6 67 35 17 70 2 59 26 48 30 92 9 39 1 74 9 91 2 85 22 46 88 67 8 67 38 10 54 13 49 19 55 26 66 40 88 56 20 56 95 59 78 98 99 80 47 6 19 21 81 75 18 72 76 7 44 15 44
85 62 19 87 82 48 23 61 93 83 54 17 44 46 62 81 39 66 85 82 92 63 52 67 27 11 29 15 22 21 2 30 17 25 27 91 92 97 60 22 7 10 67 56 52 95 17 54 36 48 17 95 56 79 94 54 30 55 55 8 50 84 4 27 39 55 91 84 86 26 8 96 50 15 42
18 5 69 29 71 59 38 30 62 2 93 4 17 34 9 9 36 1 56 90 9 80 25 52 10 65 66 96 66 19 41 28 83 80 27 80 12 11 28 82 53 89 3 16 23 71 52 63 70 12 31 21 90 21 77 4 45 24 84 67 12 69 54 35 40 36 51 15 12 33 49 19 61 33 56
11 37 64 46 3 68 38 10 10 12 24 91 33 44 99 96 13 55 98 7 35 42 51 82 47 59 64 13 16 80 70 7 16 79 59 93 74 49 36 52 97 5 66 41 30 85 72 63 70 35 30 87 96 57 39 94 89 38 31 11 20 58 77 31 87 13 13 24 33 2 63 59 91 24 18
80 48 91 25 70 94 83 58 67 46 23 84 63 18 9 64 14 37 17 58 83 75 80 51 3 10 11 68 68 72 75 16 6 21 90 65 52 6 18 20 16 38 81 54 46 91 96 75 28 41 1 50 80 76 49 63 43 71 88 21 62 20 21 45 20 5 39 80 72 82 70 20 62 79 5
3 23 52 9 46 9 63 71 76 3 78 58 44 53 34 95 83 61 83 85 88 91 42 7 3 65 98 12 1 89 47 89 72 69 69 32 54 99 1 11 82 86 91 13 18 36 83 38 83 31 34 52 88 58 89 6 4 93 57 34 54 42 43 23 95 61 13 20 2 99 61 51 1 55 84
39 68 48 55 43 71 22 10 81 70 1 12 6 14 44 60 83 75 35 15 55 68 84 55 15 20 86 16 90 63 30 20 20 19 12 84 36 13 45 65 54 62 8 11 22 85 77 89 71 10 32 31 65 5 47 41 71 71 97 28 64 18 1 48 26 77 84 96 66 2 30 12 92 51 12
69 59 95 3 54 75 42 55 74 14 9 25 19 73 73 22 69 46 30 1 34 23 98 49 24 1 89 65 74 96 72 63 12 80 37 1 98 41 72 11 96 91 24 45 52 81 35 69 29 96 96 28 61 35 61 76 36 94 50 78 54 39 82 11 36 81 98 63 29 46 52 83 60 74 9
28 89 10 91 34 59 22 36 7 68 57 49 74 23 19 29 64 23 40 90 72 31 96 40 57 94 6 58 73 68 30 91 55 55 68 62 94 5 40 2 67 68 87 74 80 85 47 24 2 27 34 47 41 56 66 95 2 31 74 69 71 52 70 9 42 13 56 38 40 99 63 87 21 60 72
72 15 82 61 43 37 74 50 9 77 29 67 11 81 84 35 47 46 37 82 50 33 46 43 17 50 90 8 52 88 59 98 56 16 46 2 36 25 2 97 8 70 29 77 99 83 7 54 43 48 76 85 24 78 17 88 73 83 41 39 82 77 66 38 1 36 91 49 43 89 14 54 34 64 60
19 35 58 54 57 81 58 82 87 51 23 19 64 67 68 31 31 28 14 43 1 84 68 89 78 64 55 26 25 95 27 36 2 96 40 33 67 57 7 8 46 14 21 63 14 92 4 94 67 33 50 32 23 42 30 87 41 36 65 47 32 68 18 65 52 20 45 89 99 63 78 1 2 63 1
4 81 32 86 16 82 37 1 4 21 51 65 17 96 40 57 64 67 22 82 10 72 99 33 64 53 87 72 40 65 12 25 85 53 64 66 63 66 3 26 46 90 55 83 70 77 55 36 12 2 37 42 44 87 7 17 74 5 48 10 17 7 85 70 51 65 56 54 75 15 93 64 64 19 43
71 35 78 89 32 9 2 77 29 1 18 1 15 24 43 77 86 37 28 33 91 82 90 8 17 49 54 92 98 62 32 84 90 6 9 78 88 58 77 91 60 49 14 65 34 37 89 37 12 66 83 71 96 92 24 71 31 61 77 76 24 65 48 96 92 4 10 55 18 54 26 65 74 40 12
64 35 29 64 1 1 21 69 71 67 61 91 65 77 75 80 12 47 80 33 91 41 27 67 89 91 78 79 70 68 58 34 49 87 88 96 27 21 83 81 54 80 61 73 90 30 55 67 73 38 88 19 12 70 91 81 18 10 45 43 11 19 84 80 97 85 15 39 25 95 39 4 98 77 46
79 40 28 16 30 3 72 11 40 61 35 91 29 22 17 39 60 49 62 62 61 48 81 21 86 58 19 65 72 48 77 98 4 2 51 20 87 27 65 6 82 36 81 88 84 83 58 67 48 42 28 96 59 2 84 9 12 33 74 55 62 12 53 39 52 19 11 71 11 73 5 71 25 41 16
92 18 99 13 57 49 12 51 31 21 38 25 12 51 22 3 27 81 98 7 51 63 21 10 51 3 8 76 42 76 16 7 34 88 55 62 38 78 79 80 78 12 38 9 72 98 66 43 67 36 66 90 27 9 81 90 18 69 43 88 23 93 19 33 47 86 95 69 44 10 44 10 27 12 79
40 88 86 70 56 68 10 10 1 97 96 92 82 41 78 80 86 29 15 7 46 58 87 69 97 48 38 45 33 49 6 8 90 96 5 53 35 36 51 19 74 27 36 98 16 5 25 37 60 86 71 20 47 98 71 73 26 53 29 84 54 31 86 12 2 39 95 87 30 81 71 4 83 99 8
16 17 13 62 56 67 61 61 44 49 77 83 92 70 45 11 94 86 96 61 38 30 25 64 80 32 92 91 16 63 38 34 66 12 9 74 96 63 18 95 22 25 61 25 54 22 84 25 22 42 81 23 85 89 50 94 35 76 76 74 60 71 41 13 30 28 10 66 13 66 59 77 35 72 95
63 70 95 86 37 94 95 31 34 75 25 13 26 1 95 70 16 69 30 21 36 27 70 15 54 70 13 6 75 82 50 39 93 48 51 61 97 63 8 63 16 74 44 45 62 4 10 45 36 88 32 97 13 19 41 58 54 77 18 54 75 32 65 73 86 7 27 93 12 87 99 42 53 54 8
42 18 34 96 63 80 9 64 6 72 87 62 16 78 69 55 75 5 34 79 75 60 89 66 76 73 49 67 9 97 51 87 58 47 30 83 38 41 62 72 73 8 31 47 6 13 56 84 32 94 44 8 94 25 65 85 27 60 1 17 17 15 19 77 93 63 28 43 19 15 44 86 44 19 12
45 72 80 37 43 23 26 78 96 99 48 98 3 4 13 65 86 7 58 76 14 71 40 18 35 75 52 84 83 94 77 77 43 80 27 74 66 28 38 84 92 81 23 54 55 20 91 88 75 15 5 37 2 37 85 69 17 1 39 96 36 74 44 87 12 69 99 58 97 12 95 34 79 96 62
18 84 83 3 84 20 73 50 94 39 92 65 62 40 86 86 78 89 43 12 67 16 96 88 21 75 90 28 79 37 59 99 88 28 57 36 35 82 29 32 74 87 19 81 49 68 43 60 25 14 16 42 73 59 20 38 67 23 4 48 41 85 30 77 47 6 10 22 16 33 89 8 95 51 32
38 67 48 97 99 30 69 43 6 22 7 8 91 68 68 25 57 63 85 44 9 1 22 75 70 82 54 45 85 99 64 36 71 67 49 5 6 57 46 56 29 46 57 67 77 63 90 48 83 44 28 92 11 22 19 17 41 59 79 35 69 73 51 79 65 23 17 29 82 24 37 6 58 13 45
42 39 26 89 56 68 39 44 5 89 47 98 10 62 40 73 83 21 98 63 67 93 31 73 32 83 17 79 84 25 10 48 35 49 94 52 18 6 24 20 84 86 4 66 70 70 36 99 85 14 12 98 58 46 27 71 22 13 44 13 64 82 69 39 88 71 46 39 19 64 81 17 3 82 92
70 97 93 61 70 25 78 1 37 48 28 36 79 80 28 65 2 5 73 45 76 65 33 96 39 56 3 13 55 43 91 53 97 91 65 93 40 54 58 37 2 67 67 6 12 91 43 57 8 63 29 4 15 20 93 22 19 13 5 55 52 71 94 89 88 23 44 89 80 78 20 96 61 83 74
32 27 53 86 50 82 7 60 67 85 94 31 9 33 57 12 97 22 11 95 46 86 72 51 95 59 40 56 97 4 33 58 79 55 5 81 61 1 83 47 60 45 42 71 79 36 3 28 70 85 49 41 68 13 14 4 43 44 5 7 80 90 79 49 18 32 82 52 46 11 54 47 90 96 66
99 86 39 72 57 21 13 41 67 53 10 1 57 39 72 74 71 55 64 62 76 71 91 43 99 38 97 2 15 9 85 58 34 97 52 41 35 47 17 84 35 81 50 86 74 25 50 85 82 88 71 61 97 17 3 99 68 60 73 76 91 27 30 44 18 42 30 32 21 71 71 88 78 14 96
22 34 60 53 75 27 39 25 49 90 88 34 49 42 81 26 83 5 9 80 55 84 27 19 67 23 79 52 31 28 63 46 64 43 88 12 82 66 10 55 6 32 8 25 88 77 90 22 67 87 21 89 84 15 78 64 26 78 44 92 64 4 25 10 93 21 95 3 3 38 45 88 74 61 99
4 54 8 15 28 77 95 88 82 28 7 8 66 15 95 85 76 62 9 27 24 44 50 44 96 48 26 23 8 30 9 80 78 65 6 51 42 33 95 14 38 42 69 41 20 44 46 13 72 98 8 28 41 89 61 19 22 14 89 11 71 93 62 43 37 90 17 32 61 64 33 9 42 8 70
63 20 66 33 97 67 73 80 5 66 25 46 50 8 91 88 49 73 49 97 31 39 45 43 58 57 48 95 17 70 51 82 63 6 42 69 51 26 10 42 29 37 4 8 54 34 3 79 86 71 55 92 44 11 43 29 75 78 72 28 33 61 52 48 74 49 64 10 45 83 64 62 88 42 80
96 4 90 9 41 84 66 11 92 33 30 53 16 93 23 70 26 96 2 19 94 71 48 78 98 92 6 40 14 36 37 29 54 96 15 16 76 32 48 1 44 82 26 75 16 85 9 23 13 65 53 66 74 97 12 24 5 36 73 51 64 26 52 49 46 43 75 17 52 37 28 5 18 92 25
94 88 77 90 52 90 11 88 40 2 92 93 47 84 89 21 79 51 49 13 87 41 56 62 84 3 41 46 35 88 5 65 97 5 4 35 7 37 72 20 61 5 9 34 58 67 3 60 9 40 55 47 75 77 95 33 9 19 17 3 41 69 21 58 69 6 61 88 98 15 75 25 97 81 16
76 57 47 83 35 40 73 36 83 21 80 86 45 24 54 99 23 68 88 68 17 54 21 83 36 22 6 97 96 81 50 99 84 56 57 9 79 42 52 50 5 78 20 69 26 38 15 28 58 20 6 65 14 49 39 45 51 66 73 86 4 3 84 6 42 53 78 25 12 18 6 65 3 28 1
94 13 78 32 42 47 36 71 15 60 65 41 74 17 48 71 47 20 60 4 14 50 6 9 47 16 82 49 89 53 62 25 82 88 6 76 27 61 38 40 70 32 31 54 45 76 14 95 93 59 42 59 74 63 26 75 81 30 41 39 32 47 76 55 94 85 26 77 71 65 44 41 76 74 44
6 4 26 21 57 7 53 5 40 7 2 67 18 11 44 59 11 46 19 4 55 58 6 11 79 60 66 82 35 20 79 68 78 86 45 71 20 65 39 73 79 17 6 41 39 40 7 70 8 83 78 90 92 57 84 40 17 31 44 57 84 50 30 91 26 6 31 75 39 97 82 60 33 41 92
39 58 6 18 26 8 95 69 5 35 82 36 16 38 36 11 68 28 81 75 52 50 64 11 19 67 31 70 49 10 79 80 31 83 84 78 38 26 76 89 39 74 7 39 33 23 79 56 12 52 61 22 53 1 31 11 64 17 16 44 75 71 59 34 42 98 9 99 89 31 76 43 69 26 1
23 90 39 57 67 65 89 30 50 79 87 48 60 41 10 98 32 71 49 7 60 33 60 80 6 83 45 22 45 39 59 46 81 53 29 18 67 69 22 29 89 40 13 33 45 48 71 47 32 4 53 16 43 29 90 69 94 52 22 12 88 13 55 95 34 37 66 33 59 68 13 44 95 56 24
99 21 5 11 10 91 59 5 55 26 15 92 41 75 59 32 34 76 94 57 54 80 52 84 30 21 72 20 30 70 13 30 34 30 87 92 94 5 44 94 60 81 14 11 78 3 66 4 23 67 57 97 12 36 80 8 92 36 74 1 73 91 72 7 6 75 48 41 97 63 21 20 69 37 79
76 99 22 82 47 68 39 50 53 74 51 23 72 90 13 34 93 74 98 44 24 79 48 96 54 99 78 81 11 57 56 56 2 41 68 36 27 61 37 52 69 49 36 92 44 62 31 87 90 41 97 56 13 89 48 14 95 33 69 90 46 46 96 94 7 30 98 50 19 27 34 64 83 63 98
96 68 95 39 64 98 20 78 73 23 83 39 35 52 48 5 45 22 15 7 66 90 4 97 38 47 1 81 59 79 32 47 27 19 60 67 66 17 51 33 12 56 28 1 9 67 84 16 3 61 26 37 45 33 81 13 24 93 2 67 63 25 78 95 78 18 87 81 59 72 11 12 84 99 61
29 45 26 35 19 59 57 59 46 15 77 33 37 90 26 31 84 26 5 72 99 45 34 76 2 36 86 64 16 41 61 19 23 58 84 41 43 20 19 7 37 5 29 41 58 17 42 91 24 18 5 57 16 10 73 78 27 15 20 65 80 70 95 94 3 65 39 69 71 86 90 54 47 8 96
45 77 91 16 63 37 50 28 72 74 36 52 64 67 42 20 26 61 39 1 57 47 75 60 49 22 86 5 13 54 53 40 19 61 37 15 74 1 7 11 75 78 3 85 35 81 52 2 12 9 15 61 23 93 11 88 37 59 9 6 38 40 30 82 64 1 53 78 24 31 59 65 41 98 8
62 54 74 71 43 14 40 81 3 43 46 86 29 98 5 71 59 98 62 76 94 22 14 41 94 74 40 64 9 92 68 23 8 23 95 64 59 43 82 77 21 12 8 12 67 51 97 18 86 51 9 83 13 91 34 88 82 87 89 55 41 5 91 26 97 68 87 75 64 78 96 83 57 68 18
44 47 2 92 48 67 33 18 78 24 91 76 14 13 18 64 38 23 33 45 92 78 1 24 27 90 89 41 52 73 67 89 32 65 18 24 65 24 93 14 12 19 40 9 62 21 14 77 44 89 51 46 60 29 14 99 72 69 73 83 52 11 40 4 7 44 83 52 97 14 5 52 81 63 4
1 4 87 16 1 33 40 86 92 41 16 42 80 35 15 7 19 40 27 80 64 54 96 16 91 44 49 9 3 71 95 70 97 21 91 60 82 8 70 45 93 14 60 23 51 53 25 28 87 81 98 17 28 85 83 67 70 12 62 6 76 21 94 90 80 30 18 15 49 68 54 93 73 7 56
90 56 3 64 16 38 66 82 87 48 36 52 64 40 56 92 98 72 16 40 16 70 29 30 48 50 20 68 53 40 94 82 54 95 47 48 25 9 60 48 4 41 10 97 55 33 86 15 35 44 57 36 34 30 71 90 12 1 88 77 62 6 99 42 96 67 21 33 81 86 47 24 5 36 82
12 96 67 82 95 24 67 81 81 22 14 54 58 80 53 60 9 82 75 43 1 59 61 13 80 84 41 1 66 74 76 99 70 63 13 15 67 68 47 43 66 61 76 55 86 51 69 4 94 1 55 99 81 14 55 85 11 43 67 3 27 56 32 19 6 11 70 59 17 30 82 9 69 99 59
75 24 47 31 49 7 35 26 23 98 92 32 52 48 9 52 2 76 41 92 70 74 9 60 87 53 20 50 62 57 69 73 96 3 83 51 90 15 33 96 74 34 5 98 40 34 9 17 34 95 76 90 71 20 34 3 46 29 82 6 3 91 79 47 44 3 15 6 21 49 73 46 62 72 78
30 95 56 99 17 77 17 34 98 23 76 19 87 26 6 80 43 1 70 78 59 15 72 69 31 3 72 81 82 94 48 56 94 7 30 38 58 8 99 60 17 75 37 84 20 3 19 57 96 92 93 53 23 93 63 89 55 60 50 84 37 79 57 15 82 26 62 16 36 1 73 75 61 35 10
39 84 63 15 22 20 5 13 44 7 76 95 23 22 30 52 31 37 24 38 97 54 82 78 1 54 20 12 61 34 10 23 21 28 60 37 55 33 20 25 50 9 67 75 80 11 79 91 72 8 49 77 74 56 91 91 51 2 64 74 80 1 64 20 83 56 52 48 5 1 11 27 59 51 93
45 31 32 71 98 45 5 16 62 46 36 42 41 52 23 44 67 60 3 92 81 1 95 72 5 27 62 40 25 21 68 26 6 92 54 74 65 11 44 48 17 8 40 25 59 73 63 72 76 55 52 8 87 27 21 32 32 18 55 83 69 97 54 4 24 39 83 12 89 38 2 55 64 70 92
72 70 77 12 97 82 68 66 15 37 3 48 71 33 12 86 22 18 26 5 98 89 2 4 27 4 69 91 13 95 92 80 11 91 34 79 65 32 15 24 22 10 51 43 95 39 10 69 52 56 52 51 54 28 47 29 55 13 50 65 15 93 16 59 61 44 57 37 7 42 71 74 80 88 13
40 29 56 73 42 39 73 66 88 76 4 49 32 5 21 44 35 5 97 78 41 96 71 86 54 33 53 16 90 89 53 64 94 42 19 10 35 13 84 36 33 53 98 50 81 3 52 86 24 46 3 68 89 53 98 13 54 5 17 35 12 64 31 54 63 52 65 28 94 91 58 63 20 5 83
25 91 48 80 9 1 10 31 52 65 16 91 28 30 4 14 64 31 46 99 21 76 82 90 82 58 15 97 33 31 68 36 46 54 20 50 13 85 37 49 62 16 71 28 93 21 77 4 80 64 2 35 38 47 30 8 26 60 75 60 42 25 21 13 78 13 23 12 25 47 91 8 83 57 16
10 50 19 68 25 9 41 56 12 18 10 6 74 67 68 1 85 7 58 99 83 49 54 45 5 22 96 10 33 93 20 43 86 61 91 23 74 89 28 42 46 79 91 24 44 60 29 44 86 47 90 7 82 12 88 98 24 75 41 83 22 11 88 34 99 51 49 6 55 47 14 81 26 86 40
54 7 11 94 78 36 15 5 55 91 75 36 40 31 15 74 36 77 23 36 91 46 60 34 22 37 16 67 84 3 46 6 28 74 87 93 68 64 59 15 50 99 46 77 45 1 80 44 48 96 52 16 12 8 82 32 41 43 30 48 88 55 54 46 59 2 90 3 90 34 91 15 46 45 97
8 23 28 59 90 73 95 90 43 75 82 88 62 33 44 36 70 42 26 77 56 23 69 17 30 56 63 95 71 25 5 8 53 71 10 59 81 15 37 2 66 67 13 87 13 68 71 49 69 77 15 72 2 42 8 82 47 96 75 71 83 14 11 7 46 11 74 12 91 83 72 53 43 56 34
15 77 44 39 4 76 18 60 81 81 95 81 46 44 95 50 20 64 41 47 57 68 37 99 31 80 27 57 78 26 71 4 61 59 32 63 47 99 89 24 51 73 61 65 69 69 22 87 54 72 7 41 60 66 44 15 17 24 29 30 16 13 83 11 87 61 56 7 82 97 72 73 61 37 30
57 1 69 25 95 2 68 79 67 11 85 18 64 89 47 77 46 89 38 84 17 86 68 65 95 77 93 98 48 3 76 23 12 48 88 89 1 15 44 63 49 17 65 19 86 76 50 77 47 53 10 10 51 43 48 6 81 44 82 48 22 31 43 25 71 80 90 20 5 19 96 61 7 30 52
36 70 35 39 95 21 98 50 81 35 66 67 60 43 29 20 73 6 30 75 91 87 10 55 30 45 69 3 81 38 13 97 21 15 25 70 90 70 34 51 36 82 45 33 34 45 23 21 85 61 15 72 57 22 16 47 24 71 3 99 85 66 25 19 32 51 68 74 6 62 13 78 71 67 24
77 66 80 54 22 63 2 27 15 19 95 85 33 24 98 72 81 52 28 59 73 85 78 90 45 67 96 62 15 29 85 40 30 3 27 10 57 17 48 32 27 60 31 69 15 81 88 25 51 26 47 39 51 68 70 79 49 88 76 91 10 44 74 41 78 89 89 84 43 82 86 24 41 63 48
70 36 75 16 62 68 53 98 13 79 13 50 60 96 48 85 10 75 45 84 19 35 55 68 95 38 44 65 17 40 63 49 91 71 5 72 12 46 68 51 29 18 28 19 26 64 59 21 96 62 67 50 66 29 64 91 78 55 85 48 10 19 29 61 93 86 61 85 47 10 39 78 57 26 24
46 31 67 44 28 84 62 82 91 82 44 24 32 37 60 92 23 52 7 22 40 63 29 71 40 27 60 66 97 50 92 5 59 62 75 29 19 87 33 30 27 81 18 91 51 46 80 51 55 30 54 68 95 22 58 72 40 46 56 51 88 35 26 23 88 86 80 42 29 42 31 55 52 92 40
40 47 85 56 95 36 9 14 61 52 26 78 99 6 29 18 28 27 85 57 83 86 72 4 20 88 97 36 33 35 54 76 37 49 10 74 18 97 15 47 50 34 34 63 25 89 7 6 46 38 58 73 27 21 23 20 55 49 36 16 54 97 50 23 21 3 70 47 46 90 62 76 56 41 17
6 55 62 17 26 22 67 6 70 95 3 5 69 52 16 88 53 72 48 42 38 37 45 47 50 26 24 24 32 67 88 83 62 50 16 88 51 4 91 87 69 38 73 16 84 69 50 65 6 74 45 61 7 76 23 69 58 71 72 29 79 18 97 68 56 3 46 97 11 54 45 90 77 31 26
19 71 14 81 99 61 35 78 85 97 28 77 31 45 74 2 9 29 56 18 92 98 96 82 55 16 58 73 82 85 18 32 24 25 74 34 95 28 35 64 29 76 78 79 34 14 85 57 77 5 78 22 5 34 66 32 36 23 1 89 9 98 46 43 98 57 20 10 12 12 21 95 46 63 28
66 57 23 32 30 33 55 41 8 28 47 52 28 90 86 57 68 19 35 54 34 90 14 8 56 64 76 78 2 79 46 33 93 96 98 12 71 27 82 50 7 1 49 37 16 6 95 56 7 71 21 68 18 97 44 31 15 23 15 22 89 96 84 58 63 7 76 76 46 47 65 74 44 14 20
67 76 8 33 68 15 83 63 37 37 17 75 97 58 63 52 29 71 4 53 79 5 36 30 66 57 56 88 46 81 69 70 81 50 79 94 89 44 97 60 82 99 54 27 71 68 44 30 74 36 84 37 32 42 92 41 82 58 63 9 10 19 67 39 87 97 70 68 75 75 36 39 36 99 12
31 32 54 26 13 48 19 41 98 24 41 97 74 46 86 17 38 60 52 26 98 34 1 79 48 67 18 49 50 51 96 97 29 78 49 3 60 30 52 8 22 21 11 33 34 13 8 58 74 66 87 83 62 65 96 11 43 40 68 55 35 62 65 89 40 46 34 74 26 68 48 40 4 57 11
58 7 53 94 41 8 89 57 37 37 7 50 28 78 50 99 50 2 70 5 50 68 89 91 43 91 7 45 31 25 71 33 49 44 34 64 93 24 7 6 32 97 2 68 11 72 88 98 94 28 4 63 60 37 47 63 90 41 46 95 78 4 5 46 83 78 7 20 7 32 84 2 26 60 10
44 79 18 68 15 2 27 61 30 30 7 89 13 29 27 83 6 26 90 92 17 79 32 22 48 71 37 47 2 33 87 5 92 79 61 3 87 85 13 1 59 81 6 38 61 76 6 65 90 1 82 87 17 3 94 52 23 50 99 60 26 33 5 50 57 36 11 89 83 82 30 48 69 95 55
11 9 50 7 48 81 99 58 48 82 11 69 62 17 77 6 95 76 27 91 8 56 11 75 60 25 92 79 2 79 27 8 19 75 50 66 68 37 12 98 39 82 63 97 37 13 88 47 59 74 20 96 72 51 79 33 98 85 92 35 71 46 5 31 78 59 62 64 5 7 41 6 55 87 89
94 67 35 38 19 75 55 97 71 11 2 40 1 96 93 2 15 60 49 84 49 39 14 79 76 44 61 94 89 35 35 50 30 34 91 83 67 13 4 32 31 31 19 85 18 68 44 11 14 74 68 77 28 35 34 77 13 12 8 40 16 16 56 5 46 67 85 51 39 97 12 54 9 42 80
69 46 34 16 68 34 9 82 11 1 80 27 46 87 27 59 89 79 71 76 42 87 31 13 51 35 22 63 83 1 4 53 89 49 59 44 24 51 48 69 26 91 86 10 63 81 66 42 40 22 98 15 19 90 48 66 57 75 17 78 83 96 12 68 84 25 1 29 75 52 9 68 38 16 33
19 93 75 5 24 30 46 89 52 8 98 98 89 60 17 2 32 8 81 25 36 42 54 46 74 4 56 69 17 97 91 76 44 30 93 19 11 12 92 90 33 97 57 50 69 6 10 21 73 93 20 93 69 50 60 24 88 35 87 70 32 88 80 30 87 36 79 59 1 91 12 17 2 48 7
38 8 24 26 20 39 86 61 23 85 64 5 22 16 63 25 9 89 70 41 96 65 65 18 18 43 74 50 70 41 90 97 32 4 97 7 14 71 97 7 2 32 28 18 27 17 14 3 52 78 73 84 56 6 61 5 85 71 39 95 44 75 6 84 12 46 7 63 71 98 19 14 85 30 6
2 87 64 75 72 67 4 71 9 80 47 49 94 27 97 47 90 52 35 16 32 28 8 50 62 4 50 49 41 53 5 75 50 53 9 8 57 74 14 79 27 25 67 48 41 8 71 37 47 86 48 11 13 2 59 10 60 53 19 76 89 38 25 28 52 69 94 6 38 3 59 92 25 10 46
89 39 91 94 83 81 20 18 10 12 68 67 95 15 27 36 78 72 39 85 39 19 22 75 38 24 50 54 76 74 86 21 94 88 14 92 10 58 2 21 61 19 78 35 93 79 28 76 92 15 32 51 79 25 13 24 62 51 32 47 95 70 9 6 91 13 94 39 15 3 26 6 7 85 89
56 7 70 38 63 97 89 8 10 79 36 81 32 23 13 18 32 96 74 88 39 3 32 28 4 63 51 29 14 66 53 97 49 39 63 29 52 59 33 46 51 44 76 85 95 17 60 3 91 47 95 39 70 92 70 17 63 79 20 34 24 71 54 88 60 91 33 70 89 98 21 74 33 21 57
88 48 45 54 87 72 69 85 69 42 89 19 48 25 15 47 87 87 41 23 99 90 94 54 82 53 54 39 52 48 22 93 99 29 13 26 10 48 23 91 41 99 32 69 55 6 24 35 15 55 36 78 17 6 2 66 19 10 35 26 36 78 98 62 32 63 23 76 29 24 75 97 92 41 92
45 98 88 77 42 67 99 92 2 18 85 22 63 83 29 69 74 98 51 62 42 94 46 85 86 87 17 44 2 2 62 89 26 63 67 7 40 19 71 58 96 26 7 40 22 54 95 87 83 49 88 70 42 75 32 2 35 66 84 86 72 33 58 92 68 61 12 14 9 60 92 98 44 81 81
8 31 70 88 92 25 26 95 17 15 68 45 2 26 83 82 24 73 13 56 17 56 27 64 44 81 37 72 42 70 94 70 19 71 43 16 58 13 43 84 10 69 47 26 46 76 11 49 21 94 46 80 86 79 25 15 10 57 70 38 26 14 31 74 43 80 40 2 5 93 40 14 12 44 33
52 82 69 26 5 22 32 76 35 50 57 59 82 6 69 85 59 26 51 58 53 39 55 31 84 81 87 35 89 33 72 61 97 27 58 1 8 39 45 63 43 66 29 85 70 98 47 77 9 91 17 50 38 51 34 52 33 12 26 37 97 93 10 95 62 74 98 63 1 27 82 53 45 27 31
17 32 42 5 94 18 12 54 77 82 53 25 53 20 53 25 90 56 40 81 52 74 64 67 77 46 84 38 98 88 84 83 46 47 66 80 22 59 53 8 36 56 54 78 61 98 53 92 51 90 96 57 13 88 43 18 34 48 41 24 80 56 12 31 36 51 7 93 49 19 94 80 76 2 60
17 55 97 79 22 58 33 75 86 70 2 97 78 20 61 5 88 66 40 31 26 59 33 6 78 46 50 88 80 62 81 32 72 27 2 53 89 97 17 20 75 9 61 53 27 15 69 10 88 49 88 63 77 70 62 94 88 26 17 34 12 58 68 40 67 79 22 8 37 75 97 55 41 34 13
68 49 9 83 76 34 13 76 1 84 24 35 25 48 3 88 42 80 58 23 68 7 78 27 92 45 60 79 62 22 3 84 45 68 82 47 10 96 70 72 50 70 81 68 95 92 81 69 65 79 88 9 73 90 38 53 53 27 22 11 51 82 39 23 62 51 79 37 90 56 39 2 87 13 14
10 86 97 48 79 94 41 92 66 8 86 49 6 55 38 53 55 44 46 76 55 33 47 42 82 84 32 36 39 75 99 60 42 5 22 56 52 7 59 25 96 83 32 94 57 20 4 15 29 88 83 40 96 96 2 35 38 25 55 81 13 94 99 34 60 54 83 33 26 39 90 51 73 63 64
93 44 69 61 17 41 85 50 12 87 52 72 74 3 70 13 59 83 43 57 73 69 2 56 60 66 44 23 28 80 69 26 29 13 34 3 87 79 10 71 63 6 51 66 49 93 66 85 70 71 3 41 67 25 62 31 73 96 95 25 55 68 86 7 3 86 9 83 96 28 61 90 47 32 37
62 5 52 21 25 5 49 57 82 3 42 43 73 92 72 10 46 92 32 60 67 80 30 10 42 25 84 38 36 68 8 53 51 71 70 3 8 14 48 62 72 73 77 46 37 26 93 90 6 15 27 29 31 98 42 29 78 43 91 60 10 57 30 25 50 48 17 71 13 97 41 22 93 19 74
71 76 21 73 10 52 18 81 98 70 33 65 48 52 66 38 26 94 55 61 11 69 41 94 2 40 95 48 31 57 34 69 4 70 57 45 21 15 9 94 45 34 35 83 37 23 33 71 90 45 30 76 15 88 49 25 33 50 34 8 35 51 55 87 52 12 36 42 94 16 51 96 51 33 95
88 7 36 81 64 21 34 91 5 93 59 12 24 22 43 58 53 88 94 20 19 61 75 57 27 17 22 51 11 99 79 37 94 65 78 57 56 14 90 74 34 11 54 25 15 67 52 36 27 67 80 4 99 92 86 85 62 79 40 9 3 3 15 29 7 43 16 97 58 45 40 86 38 47 98
1 5 20 13 79 29 44 97 41 91 23 74 52 57 57 59 12 26 66 51 37 97 5 94 2 61 62 74 37 72 54 38 33 65 9 14 38 94 88 14 64 6 80 52 92 32 61 16 12 66 21 7 21 84 80 15 60 83 5 96 33 95 3 24 54 74 8 24 58 22 70 80 67 52 80
21 66 14 34 87 96 37 35 29 14 3 72 8 33 5 61 66 94 48 19 37 74 71 27 93 14 33 81 23 16 69 37 40 41 44 70 50 92 2 95 58 57 71 28 32 68 72 32 62 40 40 68 33 99 36 50 36 66 53 39 61 86 48 81 57 50 10 62 99 64 95 11 38 75 34
76 99 50 66 17 88 52 63 80 54 60 34 94 12 11 95 1 20 76 74 52 21 7 94 11 36 91 65 10 81 12 17 27 4 35 47 90 77 37 26 23 57 49 38 67 9 75 62 24 16 89 67 35 54 4 2 91 17 79 42 17 76 89 15 99 50 82 59 89 33 26 17 68 47 12
80 95 67 20 55 86 98 12 37 10 38 35 40 32 23 5 81 6 45 99 72 60 70 64 5 28 78 99 35 62 97 85 41 64 64 99 37 55 81 83 59 66 16 91 31 29 16 60 53 32 16 13 1 31 40 90 55 99 74 44 25 43 57 8 49 56 95 41 1 34 21 90 40 19 53
69 63 14 57 73 58 70 16 50 69 62 43 34 93 43 96 94 1 95 7 91 85 52 14 98 36 25 46 87 70 95 16 10 70 73 11 53 89 28 45 62 47 47 38 76 17 38 52 88 13 37 89 21 3 87 58 5 43 37 23 97 9 54 30 53 9 38 55 91 69 67 73 65 99 21
10 87 61 14 34 27 24 65 73 86 25 53 10 52 24 72 57 20 39 27 51 91 69 95 75 20 64 9 40 56 67 90 95 35 46 16 72 33 4 44 66 65 57 12 84 64 20 26 39 34 97 79 59 21 7 95 11 18 91 15 85 44 29 25 10 58 26 8 33 59 90 30 2 74 50
13 69 22 78 42 6 11 47 32 13 89 13 18 8 84 88 91 76 72 85 71 1 68 71 71 3 71 99 20 62 83 89 43 35 69 57 42 75 92 93 21 23 72 77 22 60 68 3 40 69 75 57 67 86 82 88 48 41 64 69 32 86 9 47 1 81 54 71 95 52 51 72 90 33 70
32 14 36 17 85 8 63 8 72 8 60 21 36 94 80 42 22 82 86 23 96 68 9 52 90 32 38 40 29 10 50 84 73 53 10 44 67 79 18 65 66 37 67 52 54 11 1 2 39 1 57 95 2 19 89 6 38 19 79 62 2 83 67 74 53 58 54 25 83 33 65 61 39 25 46
81 69 81 84 84 80 4 26 46 67 86 15 57 58 52 24 61 77 67 2 23 6 52 31 86 92 20 47 28 85 8 90 91 78 21 27 65 88 92 65 75 72 12 2 57 16 83 25 80 77 73 44 97 55 4 24 46 60 81 9 30 73 27 13 41 43 90 20 76 24 38 68 20 25 93
67 38 65 55 41 42 7 13 72 31 17 44 40 74 14 20 73 20 60 4 65 47 35 69 3 76 98 84 24 39 17 52 96 83 1 24 36 52 21 99 64 82 19 93 48 73 83 16 87 34 7 88 74 65 1 55 99 41 55 69 55 5 86 73 37 41 42 98 72 95 38 31 13 22 32
15 42 57 39 11 27 42 95 21 41 59 96 78 29 36 9 62 98 66 12 21 19 33 46 66 21 42 88 10 42 95 98 14 86 5 38 99 14 54 59 40 68 12 67 70 87 30 58 33 39 57 14 83 73 14 34 79 68 6 44 42 44 56 40 30 51 56 11 36 11 35 52 88 26 22
14 88 58 85 78 80 3 92 63 5 66 15 21 78 28 75 84 38 23 47 89 66 87 35 21 8 26 93 77 44 48 34 17 55 92 57 79 39 88 22 88 26 1 31 30 4 18 90 14 91 99 49 79 50 60 91 74 78 30 67 27 21 66 74 7 85 60 57 20 42 65 50 50 85 90
49 88 11 67 44 50 9 17 12 32 4 79 33 87 76 74 91 14 69 78 13 52 12 70 51 93 5 12 91 28 84 88 46 13 57 28 70 60 41 86 37 35 85 70 93 20 60 89 40 13 90 35 43 82 38 86 31 79 3 91 6 80 81 21 54 46 78 51 3 17 56 57 9 69 27
80 49 35 93 76 35 11 67 96 87 91 92 27 76 31 31 2 35 44 50 2 88 37 61 35 43 26 79 73 50 64 50 83 11 69 36 86 75 85 48 14 6 43 22 33 92 90 54 35 24 77 95 12 44 66 29 92 74 24 12 19 37 29 8 14 39 13 74 52 85 55 61 33 35 48
77 63 27 13 37 69 62 25 4 27 32 75 48 97 30 70 99 2 12 65 6 96 27 30 83 56 47 40 81 54 24 76 79 12 6 79 74 99 19 75 83 40 19 27 67 94 35 11 8 80 95 11 8 25 40 24 80 77 31 70 26 14 44 94 44 68 64 20 6 52 34 81 67 20 85
58 67 91 60 40 52 73 87 74 77 67 12 33 21 10 37 90 58 69 35 84 52 96 50 25 14 50 82 51 11 73 98 40 1 55 45 95 73 2 8 62 78 34 83 93 64 1 22 9 66 83 62 15 9 82 51 43 7 85 32 29 9 63 84 59 86 9 46 11 41 98 93 80 49 47
3 58 99 12 97 25 67 31 93 17 85 61 72 74 5 36 22 70 5 73 9 14 29 2 68 27 54 97 25 9 45 80 18 8 15 49 49 43 81 58 5 30 19 46 69 87 1 1 52 3 19 85 71 61 89 98 63 14 88 54 7 19 60 33 73 96 11 13 81 90 21 13 4 74 15
33 36 85 79 35 82 85 56 51 12 11 62 5 30 71 52 5 48 6 20 34 39 49 19 88 95 37 25 85 53 86 43 62 44 26 23 38 73 7 85 70 66 6 38 16 67 53 13 29 65 96 63 16 42 17 36 48 60 1 22 15 46 75 82 79 29 92 20 20 45 87 9 59 74 75
86 68 31 53 41 46 94 4 23 41 83 36 51 12 22 22 88 73 42 31 87 11 57 86 43 18 91 38 68 46 72 38 91 67 25 15 82 50 73 20 74 76 48 54 27 21 95 56 52 66 25 65 83 2 89 49 6 7 65 41 50 13 14 98 64 23 54 69 68 94 19 25 62 19 21
66 38 6 36 59 30 16 26 84 29 22 33 42 45 13 49 12 70 99 16 95 39 38 19 69 12 4 77 49 63 41 6 66 56 60 38 54 90 41 13 26 69 10 46 88 80 84 11 53 42 27 15 59 85 97 94 88 28 19 77 60 1 41 78 73 70 7 61 17 77 50 5 4 18 88
83 71 73 20 85 76 45 2 61 82 25 21 66 73 59 23 65 24 42 13 31 7 21 22 9 87 45 1 93 43 42 94 43 43 81 45 91 5 62 12 27 83 53 18 76 2 24 89 6 48 34 43 16 31 32 16 69 14 66 86 67 5 31 51 3 19 24 68 75 79 50 29 28 77 7
3 58 65 12 17 85 77 69 3 15 70 68 68 36 31 28 41 25 21 56 32 4 61 46 43 99 85 82 40 97 15 86 68 86 73 91 81 58 59 49 37 30 87 3 16 39 5 14 13 30 20 34 30 13 96 81 98 8 17 44 89 65 9 40 68 91 48 61 72 18 16 78 7 58 25
1 21 78 65 28 47 92 78 95 64 15 24 27 61 23 16 85 91 66 18 97 76 66 82 73 94 37 59 99 57 69 34 40 97 16 33 25 28 45 31 7 80 55 71 1 82 10 71 23 52 34 77 26 11 76 17 12 83 38 76 84 77 31 70 94 65 72 42 73 44 56 78 17 61 38
90 63 73 75 91 61 98 53 75 82 13 73 57 69 61 61 90 44 2 4 93 80 90 16 32 25 55 63 72 85 7 62 35 91 99 19 35 9 25 92 49 67 79 42 38 71 79 68 23 93 60 19 46 38 54 5 75 37 94 93 45 51 80 37 76 17 5 41 82 25 23 71 44 13 56
51 53 28 55 87 87 77 15 52 40 87 67 21 49 45 10 8 19 9 42 86 11 61 21 45 29 62 79 76 91 59 81 89 23 10 44 27 70 89 41 93 77 10 2 35 34 12 53 77 89 51 70 54 97 83 82 62 35 59 58 62 49 21 23 4 41 3 74 5 5 53 89 40 60 66
78 62 3 43 29 65 33 96 10 50 73 92 29 20 80 54 56 88 50 70 1 63 15 83 42 93 68 89 96 31 69 11 77 74 5 55 62 42 99 80 89 71 52 86 40 18 36 55 20 46 56 9 37 44 52 65 29 53 29 36 8 6 83 87 22 48 3 81 9 98 43 54 21 33 67
97 79 60 82 24 44 17 75 32 82 22 6 21 5 65 97 52 84 59 1 50 68 8 53 48 67 6 75 48 71 48 83 45 77 32 78 5 7 30 80 57 10 17 48 56 40 6 47 94 75 20 87 81 88 1 4 97 89 95 34 94 60 50 71 33 61 68 18 86 12 30 95 27 47 68
77 40 30 56 50 14 2 8 8 21 30 25 11 1 16 17 81 25 51 41 74 64 50 7 38 41 67 17 30 46 44 4 17 89 97 9 34 60 87 58 66 51 90 51 14 82 97 51 7 59 95 93 82 67 32 14 17 36 72 61 18 16 58 80 21 39 65 77 45 16 63 79 59 1 17
71 44 42 93 26 8 53 4 92 67 52 15 42 36 5 20 58 89 3 88 39 7 38 64 30 7 31 33 40 13 24 43 51 23 98 61 38 5 75 19 28 87 97 19 76 29 21 92 3 79 13 42 91 26 35 50 80 43 26 5 96 60 16 75 36 68 79 54 30 53 75 4 73 9 72
11 63 39 44 64 94 48 43 76 67 29 31 57 66 76 51 98 75 79 36 8 4 99 56 35 73 61 93 48 35 64 63 19 98 78 72 53 25 96 10 12 19 41 72 78 97 64 45 57 94 70 53 54 46 16 87 24 42 29 71 6 11 55 85 37 6 27 37 19 43 95 62 90 5 72
26 29 76 74 32 54 72 66 52 76 31 11 95 18 75 80 75 91 20 40 53 10 36 84 12 96 86 83 67 43 40 15 25 83 91 14 85 50 60 32 60 83 42 48 97 64 58 14 64 54 40 12 87 59 39 94 94 80 64 88 89 60 12 26 83 28 50 44 87 94 35 95 89 37 76
23 26 95 57 75 70 56 45 45 27 15 68 52 21 44 27 24 76 82 25 85 1 72 26 30 25 20 98 87 33 89 97 11 95 25 37 33 34 49 6 34 71 51 42 42 64 28 65 26 69 87 30 34 32 11 25 55 15 73 93 28 7 10 45 74 5 43 7 93 92 84 24 68 15 66
90 2 22 91 16 78 92 6 85 49 40 18 71 20 31 20 75 36 31 90 93 26 92 9 8 17 94 59 92 62 55 8 27 88 37 29 54 77 27 1 94 3 53 50 32 85 68 2 15 58 62 53 76 11 69 87 68 43 29 21 24 48 47 88 32 86 87 45 22 64 52 97 62 39 30
31 45 8 29 2 38 14 42 22 93 93 65 68 12 1 29 69 41 77 55 15 36 2 21 23 30 58 97 39 16 92 89 20 23 76 51 5 9 14 51 70 57 35 23 64 63 89 66 34 79 80 66 87 34 35 93 98 13 67 95 7 69 23 50 62 4 70 96 5 95 15 15 19 22 34
38 11 75 96 14 76 34 54 92 48 78 60 87 44 56 82 94 59 6 39 11 70 28 66 64 21 88 66 67 40 62 67 45 99 21 21 93 24 52 17 8 70 35 65 54 11 89 21 77 33 44 56 70 31 95 91 48 40 97 86 56 12 68 61 5 47 8 90 23 85 22 99 92 72 48
73 55 41 76 94 27 27 66 37 40 85 69 37 37 13 36 41 62 45 51 12 79 10 45 88 11 32 30 61 27 87 84 41 8 91 64 47 31 85 7 68 20 3 18 78 79 55 13 78 43 85 10 66 10 12 2 60 86 87 20 16 72 79 30 93 69 3 45 39 66 70 15 45 84 56
39 57 26 86 4 31 36 13 80 85 13 63 27 62 94 52 79 10 10 12 28 74 9 48 7 29 93 1 88 33 87 7 91 47 3 52 80 2 7 22 10 74 48 67 31 59 33 71 95 34 60 82 45 43 64 27 99 9 57 32 3 80 17 54 59 91 26 23 86 48 68 47 43 65 37
47 95 97 76 9 5 98 61 89 56 89 56 70 37 84 97 31 44 67 77 25 8 31 70 25 5 82 50 46 56 77 56 27 13 22 44 36 20 64 24 34 41 85 72 60 13 65 9 40 16 45 89 89 40 48 90 36 56 8 41 55 50 30 10 28 94 53 81 95 51 44 28 13 22 92
50 54 62 28 79 35 88 76 4 31 92 93 82 43 93 4 78 83 98 72 97 52 65 16 22 41 31 13 32 19 79 75 94 83 1 73 78 39 75 44 70 97 78 1 19 35 4 99 57 44 22 39 30 30 51 93 25 84 51 28 82 37 4 76 64 54 85 68 98 43 71 24 98 40 73
89 55 46 91 71 43 48 85 11 13 24 56 58 73 46 6 5 68 70 22 43 57 69 97 90 12 82 1 54 81 47 12 34 14 55 98 92 98 30 53 24 77 15 17 34 95 17 85 28 76 41 97 66 41 70 43 2 65 48 43 80 46 44 63 32 92 30 9 41 87 80 68 80 36 18
8 20 68 41 92 37 8 4 59 63 81 34 57 78 37 8 78 88 79 67 44 52 45 40 30 33 37 49 20 45 39 25 44 57 61 64 82 7 38 41 3 94 96 98 36 8 92 65 55 54 49 28 64 32 17 89 20 64 83 83 72 25 69 43 42 4 88 46 2 59 20 7 10 65 28
10 24 93 89 1 29 71 47 56 17 90 59 51 46 46 58 84 78 20 62 35 80 59 31 56 55 37 41 82 10 69 49 97 2 69 86 48 43 70 31 1 44 80 8 41 83 51 51 33 76 1 75 58 21 5 82 77 43 67 68 76 16 63 17 16 88 60 83 97 99 67 24 40 86 28
36 9 77 45 53 6 67 37 90 33 7 8 47 96 61 11 57 14 9 25 76 20 90 34 48 63 44 9 72 95 43 23 45 50 25 93 93 57 69 99 58 69 58 2 54 10 35 50 91 24 78 4 80 82 55 94 31 13 54 91 11 58 76 23 23 10 86 38 18 85 81 9 41 60 8
37 35 4 62 19 18 79 58 56 63 91 73 39 36 33 87 73 94 89 85 58 24 35 83 87 59 19 31 62 75 28 11 97 98 37 98 16 17 9 28 94 60 57 3 4 38 74 96 72 92 8 47 19 68 56 74 77 19 59 89 10 54 6 96 93 67 95 37 5 31 90 28 12 72 18
79 3 39 60 39 1 74 48 82 62 78 96 48 25 45 18 6 67 91 39 38 62 37 23 62 67 20 34 70 99 54 11 98 53 72 62 19 26 82 1 1 2 52 94 10 89 35 5 43 81 15 95 83 93 6 51 72 77 16 2 17 70 61 75 38 54 87 81 62 67 64 91 48 90 99
39 97 79 18 67 2 88 26 99 66 35 2 33 26 65 99 14 45 70 94 98 92 69 69 55 37 49 83 38 20 92 47 8 10 53 88 62 39 90 30 97 59 98 27 87 35 63 28 52 5 49 94 51 47 16 79 92 87 1 59 42 61 11 2 16 41 86 68 19 35 28 99 26 38 10
90 5 82 31 14 8 96 19 57 84 54 49 10 23 33 17 53 82 31 43 33 20 19 19 12 89 40 91 46 90 40 62 93 52 29 94 11 59 33 86 78 29 36 35 78 20 47 81 55 52 9 71 89 95 95 32 82 45 38 66 18 68 82 14 65 37 13 62 58 80 35 48 70 68 88
74 16 18 81 18 54 41 29 40 38 6 20 80 82 3 16 67 6 32 4 62 76 33 25 2 2 12 44 45 46 48 88 87 30 18 73 10 64 41 37 58 12 95 18 79 27 11 4 17 61 25 70 83 79 47 29 30 97 76 11 20 83 35 59 20 47 61 36 45 96 79 84 2 31 96
26 93 44 75 83 60 39 4 75 18 49 83 50 44 17 73 80 40 95 89 99 97 21 70 60 51 28 55 70 30 34 99 91 78 98 53 98 93 78 17 6 85 30 12 81 81 24 37 67 65 12 87 96 97 25 74 9 45 12 36 39 91 57 74 86 90 48 24 86 70 20 68 23 56 77
69 2 13 58 4 66 62 19 67 70 88 10 4 96 55 40 69 49 24 23 61 89 53 7 78 92 75 17 11 26 87 58 38 67 69 51 43 88 66 90 29 83 18 69 35 35 4 27 95 32 40 56 40 53 91 6 97 74 37 84 42 96 69 52 70 54 86 12 65 19 84 99 38 62 61
51 62 57 35 49 47 12 64 7 9 10 51 35 38 97 91 51 91 64 35 32 22 19 13 41 85 54 14 52 47 15 90 3 81 21 8 57 1 90 38 63 72 80 6 26 4 77 62 45 23 62 45 68 3 39 20 45 51 11 77 38 87 54 6 69 44 71 25 6 33 8 68 42 51 30
64 9 59 71 9 90 19 69 14 67 68 31 28 81 89 24 5 77 31 79 82 9 4 86 17 11 66 86 27 85 1 70 86 66 36 55 93 66 19 63 57 23 25 38 28 5 28 47 55 36 98 50 63 17 6 31 73 76 53 89 4 12 10 51 72 70 86 41 75 38 43 82 5 91 76
16 79 54 12 55 60 42 99 33 96 71 98 48 65 6 69 86 92 82 34 53 55 69 38 68 35 98 60 92 65 25 23 19 37 91 70 4 43 9 77 3 69 96 17 91 41 63 62 2 43 50 61 93 45 57 91 9 81 2 82 66 50 25 16 96 72 58 10 29 16 81 42 15 7 48
10 84 99 21 23 56 69 42 33 74 42 56 70 14 69 65 30 88 90 51 73 98 81 96 57 60 63 70 87 32 32 83 89 13 22 68 4 2 37 13 14 19 40 76 44 27 79 70 81 39 57 89 16 45 77 52 65 96 85 50 37 54 73 12 44 27 70 82 71 74 30 1 60 96 52
40 60 21 2 85 53 57 73 52 83 86 30 31 1 1 10 59 35 72 40 98 94 86 41 39 97 51 16 44 40 6 54 6 37 96 44 55 61 20 91 41 33 3 34 45 42 88 39 18 83 47 53 25 18 84 97 18 2 16 34 71 72 96 94 53 81 96 57 39 70 74 11 86 59 7
57 94 53 63 16 50 22 72 45 16 76 80 69 52 24 19 36 31 57 24 27 78 17 93 51 77 23 46 39 67 76 60 27 30 92 8 30 52 58 75 8 99 36 41 46 22 91 46 32 68 54 96 82 42 74 97 26 75 93 32 84 58 55 28 6 39 6 30 76 72 95 1 62 58 23
88 42 94 16 8 93 20 73 57 88 31 27 79 84 50 11 89 43 69 17 84 14 64 93 69 21 55 22 6 12 43 75 43 26 77 28 93 82 46 89 45 76 80 78 82 74 55 64 33 40 61 77 28 56 42 57 64 2 59 72 70 97 24 31 77 49 27 96 3 15 88 49 22 66 2
85 28 90 98 38 89 26 70 97 83 81 35 83 66 98 34 14 67 90 53 17 58 61 73 89 79 20 15 74 42 25 93 86 21 6 14 43 31 17 80 43 84 12 76 34 23 77 37 87 46 81 4 45 40 13 1 27 94 91 19 60 68 65 32 75 61 5 17 1 26 90 21 49 62 19
54 19 77 83 41 36 42 59 64 63 32 70 29 76 61 18 9 86 69 68 78 31 15 41 86 99 45 59 21 60 99 39 22 15 62 7 2 84 70 41 94 83 21 5 41 18 22 66 35 13 59 81 61 4 55 69 1 17 1 69 39 42 56 38 66 88 49 21 54 78 92 81 68 75 98
20 28 76 72 76 79 27 30 48 91 20 81 40 26 32 12 73 41 93 35 25 63 73 57 99 28 26 95 9 97 30 79 51 32 58 75 16 59 90 76 94 60 90 46 23 14 15 12 26 42 85 26 92 18 20 2 94 10 97 57 19 15 78 73 21 62 54 87 46 87 96 76 46 30 6
23 50 46 7 23 31 9 98 22 99 80 49 66 81 26 22 13 96 99 50 78 5 50 46 30 39 90 3 30 23 51 30 83 15 10 76 13 50 14 98 54 29 69 66 76 75 34 87 58 30 49 41 54 24 84 19 92 35 6 99 3 61 24 29 33 85 62 45 87 91 97 62 11 71 49
14 50 22 42 47 35 45 77 70 53 43 77 23 35 91 49 73 12 30 45 96 62 39 37 53 19 52 84 92 57 48 41 50 1 56 48 33 12 52 66 57 62 53 46 57 31 27 21 51 33 77 11 58 43 89 10 20 93 27 92 18 10 7 93 4 19 52 99 22 46 31 7 82 1 87
89 54 72 15 90 54 67 86 99 26 3 82 11 61 67 76 59 86 79 95 28 99 47 46 3 52 35 72 42 51 28 13 71 20 92 34 99 53 27 70 3 63 49 9 3 93 57 46 27 34 75 11 29 38 25 66 90 92 90 93 27 58 96 91 93 3 20 31 82 33 93 39 92 51 21
40 82 3 23 87 7 38 35 93 23 85 63 71 34 7 53 99 40 62 47 9 47 60 18 52 18 45 73 82 52 30 72 54 41 29 91 78 74 5 37 95 94 57 66 77 22 51 62 32 34 39 94 8 80 72 91 96 36 33 34 3 57 14 29 63 8 8 88 89 8 2 33 91 11 21
70 55 49 15 48 36 18 35 43 9 93 61 74 63 36 16 59 26 33 95 88 22 90 53 82 96 28 26 11 39 22 59 17 44 39 8 79 42 27 41 38 58 45 70 27 92 33 35 4 10 55 73 56 47 66 50 27 48 30 7 39 61 80 12 68 68 42 41 60 68 18 14 66 68 78
74 25 20 41 87 37 82 91 5 11 39 8 56 62 33 38 41 54 3 24 4 30 2 28 59 4 18 61 64 92 17 59 91 74 54 55 11 74 52 32 66 27 40 24 10 38 27 39 20 30 72 22 27 25 57 98 95 96 69 37 65 93 74 13 71 66 95 96 70 88 82 82 40 38 42
41 36 15 6 38 20 44 16 94 63 97 72 2 43 23 63 92 12 74 16 49 35 19 22 94 6 11 45 84 85 23 37 81 36 12 64 71 58 84 38 60 17 7 74 21 63 26 74 69 35 9 96 44 71 21 19 78 64 88 61 3 55 37 55 40 79 41 38 28 40 78 86 23 70 87
44 66 79 88 13 68 74 57 40 64 96 31 57 68 55 6 53 69 92 94 68 88 16 48 84 79 38 22 35 14 78 38 11 80 18 52 29 3 99 14 57 82 82 79 78 67 20 81 22 3 15 96 85 55 5 6 82 54 5 83 77 52 38 60 53 69 48 61 44 47 38 32 16 8 59
38 25 38 37 8 78 17 29 45 54 40 22 78 24 99 61 90 50 54 69 89 33 64 64 80 46 35 60 41 32 56 86 80 21 41 15 34 4 80 28 75 73 78 27 57 99 59 77 39 7 95 85 97 36 24 49 35 51 79 69 53 5 89 32 56 27 8 60 3 7 4 82 41 53 98
5 19 81 91 66 39 42 27 96 58 65 77 46 19 27 97 95 32 96 12 33 18 86 89 63 93 27 79 30 34 95 65 41 75 8 1 96 52 2 42 90 33 59 30 99 74 93 99 9 69 28 11 14 31 17 65 28 12 29 13 15 65 58 80 80 61 72 73 63 64 43 83 11 27 12
44 58 64 65 84 9 48 87 39 39 20 59 83 17 57 64 35 24 89 61 28 25 79 21 39 33 1 25 69 17 37 28 83 48 67 16 23 52 44 11 50 41 20 87 3 73 28 75 10 22 45 55 13 6 82 40 67 23 38 1 78 37 5 39 76 59 61 11 46 98 70 92 81 88 78
24 31 32 45 35 13 93 74 15 52 63 21 65 52 33 42 74 64 78 2 79 27 13 45 87 4 87 74 20 48 85 5 7 74 45 42 32 59 12 56 34 78 83 42 93 45 44 89 48 92 89 55 65 67 52 55 14 54 31 76 25 91 60 97 36 4 45 63 39 42 58 22 85 26 11
66 84 9 17 55 39 97 32 27 91 5 69 77 18 1 56 37 28 62 58 48 83 15 14 46 98 42 7 51 28 48 6 65 95 93 72 4 14 26 53 36 97 85 60 52 55 39 28 96 84 67 78 86 51 86 65 25 70 17 26 62 58 78 40 91 10 75 27 46 35 81 38 3 98 73
42 85 21 6 95 19 63 51 45 33 11 28 75 55 13 20 75 35 18 77 47 88 71 84 53 96 15 87 69 44 98 67 93 29 20 54 74 44 3 85 1 35 44 61 15 99 88 85 12 55 65 40 73 75 20 97 58 51 34 7 73 26 41 82 75 5 61 90 52 22 12 54 2 41 25
85 69 82 40 24 68 12 99 17 55 65 61 28 19 47 23 61 99 88 75 38 73 38 47 70 31 13 9 72 81 54 48 85 52 66 85 80 96 48 68 45 50 49 13 82 94 77 25 70 33 97 48 94 39 42 35 80 2 46 16 8 16 17 51 38 1 20 70 61 11 91 62 62 36 68
73 83 94 54 91 45 10 1 67 99 25 73 79 66 90 9 97 58 62 48 10 82 45 56 60 58 14 99 83 50 99 75 62 39 2 26 94 4 47 27 89 96 31 68 45 40 86 91 85 76 2 27 86 30 59 93 31 36 14 91 84 99 94 11 45 4 44 73 40 20 82 32 60 53 49
43 80 41 11 26 93 78 48 33 49 94 8 80 30 48 23 2 55 86 19 56 16 83 34 70 50 84 41 68 6 19 65 38 1 50 73 13 74 82 83 13 6 22 61 15 8 59 28 55 49 5 68 29 45 3 93 79 25 94 24 74 63 96 4 22 70 81 99 21 67 21 27 41 81 41
21 18 1 1 83 20 86 54 36 31 3 49 60 94 8 7 25 52 23 27 17 12 60 41 81 69 55 35 73 34 3 30 38 86 42 40 93 81 47 45 50 70 30 66 67 23 4 24 92 68 85 38 39 33 18 84 9 53 63 59 69 60 43 37 57 50 66 1 84 78 58 22 5 95 28
22 18 6 81 31 38 48 42 14 19 4 2 37 36 25 9 67 23 95 96 62 3 93 66 6 92 98 18 47 27 54 22 5 21 57 53 75 42 76 60 30 8 23 77 59 5 3 34 50 99 74 17 4 7 61 5 82 37 63 63 14 99 70 33 36 56 20 44 70 12 66 41 27 55 80
92 4 40 36 5 65 95 69 67 16 39 19 54 59 43 5 8 40 91 77 71 98 40 99 6 31 99 25 30 37 1 17 50 61 27 81 32 4 50 79 87 18 78 55 37 12 29 7 27 82 13 45 79 13 34 31 37 77 23 65 19 30 5 48 12 70 28 86 19 40 54 35 41 2 48
19 2 54 34 3 9 46 19 98 9 28 95 87 95 46 69 35 6 36 24 29 13 12 53 17 55 54 3 72 73 18 96 47 50 15 17 51 99 14 18 70 18 98 52 63 13 54 27 18 13 70 46 36 8 87 91 70 83 96 24 38 93 87 17 48 50 58 88 70 62 93 35 3 58 16
11 26 34 97 60 49 50 62 30 40 59 86 71 21 44 51 49 54 96 52 14 94 31 41 25 78 44 86 1 40 73 32 8 84 55 38 67 37 43 28 59 10 85 97 54 91 33 55 47 65 9 58 84 88 31 14 69 67 49 57 80 30 90 99 92 41 88 20 78 15 96 28 15 8 56
11 96 49 78 14 91 99 46 13 1 14 3 7 78 70 6 33 95 52 96 73 59 94 40 6 42 15 83 33 39 8 47 95 74 95 88 61 81 13 90 3 11 83 45 34 87 18 61 18 2 58 80 46 97 10 8 47 18 96 67 91 89 45 59 59 83 66 17 1 76 58 98 71 69 73
39 23 77 69 40 96 73 40 96 69 46 2 99 61 30 93 37 34 59 56 27 61 97 92 57 87 50 33 60 19 73 57 89 85 51 6 88 82 34 75 68 39 22 81 18 67 33 94 95 39 35 92 84 38 23 93 55 35 32 25 71 59 27 84 9 53 44 34 84 65 1 52 88 43 8
18 62 43 10 58 8 39 72 45 13 33 80 32 5 87 69 63 42 45 19 4 52 4 93 71 38 15 81 41 23 62 80 95 66 10 13 67 29 13 85 9 17 48 57 66 54 25 88 23 4 73 69 87 94 18 45 31 15 22 71 28 37 2 35 25 52 81 46 90 91 79 61 10 38 66
1 5 57 78 39 57 86 77 56 59 15 35 8 25 64 43 33 44 65 67 54 44 7 79 68 80 1 10 32 92 6 60 94 8 14 99 71 7 13 45 16 19 89 21 67 13 15 60 85 66 63 91 40 78 78 39 82 7 64 44 37 17 80 72 15 11 65 35 26 67 9 23 12 23 50
15 96 54 37 24 6 39 29 98 18 78 64 80 21 7 5 86 39 91 47 54 53 9 78 57 8 99 40 3 61 38 41 68 78 57 80 70 71 83 67 69 42 85 62 6 22 89 89 92 11 85 92 43 45 47 19 89 67 90 47 70 51 14 21 55 23 43 59 48 40 76 67 37 13 6
2 95 40 66 59 29 26 42 22 83 64 89 88 32 85 13 24 47 62 22 50 54 38 97 5 77 82 65 23 65 50 33 47 33 19 29 14 63 18 83 35 2 33 18 82 23 59 3 97 47 29 9 19 69 6 53 63 55 99 10 92 41 34 53 3 17 61 35 76 98 20 99 80 87 98
89 49 3 56 22 79 35 9 41 12 94 99 97 87 85 60 5 88 79 74 55 92 86 74 60 29 10 68 18 34 27 15 46 33 12 48 82 11 37 82 65 18 6 12 50 88 57 76 51 54 36 94 37 32 37 64 28 9 59 58 11 6 3 51 66 31 67 34 26 66 20 51 44 79 7
42 16 91 82 81 53 59 99 34 40 56 79 8 63 65 35 63 74 38 47 87 59 10 14 47 69 57 6 10 56 75 82 78 38 85 96 98 80 70 80 15 90 84 84 43 16 20 47 16 97 27 64 28 7 93 75 94 47 66 64 42 7 25 50 48 9 12 85 71 12 55 58 75 27 8
79 58 13 94 34 2 16 56 68 48 14 11 31 26 7 85 18 68 65 23 63 12 32 16 51 45 29 97 71 70 94 59 54 38 39 95 32 65 43 23 16 72 82 2 20 32 33 73 51 83 32 23 17 36 94 56 15 89 15 18 53 82 42 95 41 90 79 43 84 87 59 12 81 25 27
16 5 76 79 24 43 55 16 25 56 5 14 52 26 60 58 39 37 61 55 39 61 91 10 16 90 30 8 46 99 20 58 79 43 50 61 86 36 41 2 25 64 86 42 76 97 60 11 55 78 80 49 17 61 41 8 67 49 80 64 72 98 87 77 49 28 6 81 75 3 24 28 53 75 43
86 19 22 16 81 50 6 96 87 31 44 43 36 53 53 31 79 33 51 64 19 11 6 14 23 7 66 72 98 9 75 10 61 58 89 97 71 65 48 11 39 38 14 1 50 37 18 85 5 72 6 74 15 32 74 29 65 79 99 74 20 37 32 3 17 17 45 4 24 67 8 20 72 21 5
33 23 98 1 63 96 1 33 63 56 14 83 68 78 42 54 76 69 31 68 78 74 84 91 93 11 37 7 66 59 43 94 50 12 73 13 71 99 40 70 65 78 51 22 19 90 71 43 11 79 74 68 87 49 99 64 18 28 78 72 15 63 53 14 51 41 78 64 18 17 5 25 30 7 80
24 79 91 47 25 78 50 32 35 6 15 38 63 79 17 93 34 53 90 83 23 20 59 92 24 9 57 76 17 22 49 98 54 54 98 67 94 46 43 46 77 48 44 52 80 3 9 1 10 13 82 71 32 32 42 52 68 39 23 45 2 88 55 66 79 19 7 9 32 9 40 62 22 29 88
79 9 12 90 29 70 90 79 35 6 59 98 95 47 56 10 9 25 47 65 63 48 99 68 65 48 55 44 32 51 38 10 1 8 99 31 89 95 56 75 15 15 68 70 30 53 74 24 91 52 45 59 17 93 2 56 59 83 24 42 26 71 95 61 19 92 85 34 93 16 70 12 69 82 87
7 90 6 81 61 40 55 81 63 86 26 67 79 42 53 12 34 25 46 64 40 19 72 69 37 17 40 52 78 69 82 43 75 14 63 65 24 73 47 70 40 62 40 38 11 20 65 2 12 2 31 59 57 54 43 80 77 56 23 71 86 76 51 53 60 29 76 56 7 58 83 31 65 56 95
48 21 21 72 82 16 46 9 70 57 29 85 40 53 62 15 96 21 65 42 30 15 51 97 25 36 2 40 14 73 35 57 86 28 91 93 75 47 37 93 10 46 67 23 61 82 66 12 80 84 6 70 18 62 55 25 6 11 18 80 19 69 17 98 77 81 8 92 44 2 83 1 71 89 95
49 89 5 15 58 89 47 22 54 92 7 47 21 11 67 5 85 75 67 62 96 52 33 44 66 81 38 66 89 70 89 10 8 52 28 30 4 36 2 47 7 95 6 11 61 32 11 69 45 52 66 66 68 40 29 66 25 75 42 48 45 70 33 63 88 59 36 10 62 13 95 66 57 99 18
97 58 33 86 22 43 95 32 66 55 18 38 72 36 67 15 29 11 30 7 81 87 51 47 14 60 88 91 55 39 84 2 98 59 29 89 7 30 14 76 43 69 55 36 77 81 86 32 72 36 16 63 72 17 91 90 94 80 1 22 86 99 90 75 92 77 28 87 50 1 22 53 44 17 37
83 22 4 52 61 62 77 55 11 50 11 27 80 49 72 92 69 96 43 25 14 93 78 41 13 47 26 90 69 45 76 15 18 44 8 10 43 30 38 44 65 21 78 30 21 76 57 85 81 56 39 87 90 66 29 58 5 46 42 12 79 26 63 5 78 33 80 33 89 77 64 70 85 78 71
45 93 91 61 85 52 16 45 52 23 41 84 33 35 49 14 10 69 6 70 34 39 2 63 41 38 75 72 50 75 59 33 43 99 30 99 13 34 41 77 99 49 31 54 36 74 68 83 26 63 55 77 55 67 95 59 68 60 18 23 7 48 16 13 35 36 36 83 91 45 92 66 74 5 64
95 87 35 52 71 81 7 45 62 22 88 73 35 5 37 70 55 59 96 11 10 10 51 15 7 25 99 94 71 85 73 4 70 84 51 23 30 38 98 69 47 81 77 69 35 43 40 99 41 76 17 65 92 49 9 50 33 64 90 21 2 13 77 73 1 66 59 28 58 10 47 65 97 49 93
56 36 89 38 65 10 46 3 14 30 46 32 79 62 39 77 71 90 84 27 5 24 28 53 95 18 90 28 96 2 99 75 68 22 79 45 98 47 72 74 50 11 17 78 9 70 60 63 54 2 84 47 18 37 22 90 40 64 48 77 47 89 55 13 50 71 30 38 41 4 5 37 90 59 40
12 9 82 72 54 17 22 28 53 46 84 65 35 80 93 14 97 21 23 78 7 35 75 40 95 67 21 1 39 8 73 59 90 11 99 69 65 5 95 99 94 26 78 45 52 50 90 85 55 82 76 25 47 33 17 84 53 96 14 6 64 7 70 68 92 84 89 76 36 14 49 60 12 24 1
70 47 37 96 87 47 42 58 88 40 24 89 25 21 45 74 99 69 66 75 99 3 28 84 71 63 87 24 55 12 43 5 21 35 64 21 56 9 69 95 33 6 10 95 52 9 14 46 86 57 50 80 37 26 5 77 13 91 44 97 10 51 64 27 73 58 56 14 61 47 22 80 59 40 60
66 26 67 22 28 45 15 96 6 25 21 70 95 88 69 39 5 44 10 5 43 54 80 92 1 80 40 87 15 53 63 32 37 90 17 94 97 79 37 55 30 32 64 57 38 83 6 68 22 67 69 15 67 97 93 71 77 9 65 51 93 12 67 48 80 35 21 27 32 55 21 91 14 94 62
82 60 92 84 35 70 85 30 68 80 44 71 45 88 52 5 32 70 67 9 26 25 42 29 89 30 20 47 73 60 6 24 6 94 74 32 89 19 82 98 69 87 77 57 29 57 51 27 26 29 53 92 56 78 5 68 31 45 46 7 56 43 28 28 80 83 85 12 72 35 27 35 66 76 59
55 37 53 40 14 95 72 68 5 13 19 34 24 99 99 39 54 90 47 89 89 26 83 74 58 27 81 45 16 79 60 85 63 35 73 7 78 72 72 97 63 79 73 6 90 39 37 53 70 73 21 57 86 72 88 10 19 77 11 80 23 11 44 54 81 14 86 24 91 7 76 42 24 80 17
46 11 73 75 98 51 81 70 20 30 11 64 48 46 9 72 30 56 93 17 10 69 4 7 99 68 37 94 82 24 97 68 34 54 21 26 6 44 99 60 57 68 29 98 42 87 46 70 52 47 5 54 28 65 23 72 89 9 44 23 75 36 52 41 92 42 20 15 54 63 31 90 50 24 20
93 82 83 23 41 40 33 56 72 6 22 53 67 49 1 86 73 7 66 97 66 51 85 15 65 19 96 3 83 53 17 61 54 42 23 5 63 35 88 96 34 43 68 58 68 69 67 99 7 22 67 3 59 48 99 86 29 4 62 96 93 96 32 75 21 39 26 10 71 53 58 97 60 2 97
76 20 32 53 34 94 88 55 6 12 49 85 98 33 95 80 83 24 72 26 32 84 48 55 12 45 34 76 97 24 74 22 6 53 68 27 77 66 6 32 38 69 97 34 25 71 13 92 70 55 49 85 39 96 81 81 31 3 33 45 11 10 64 78 70 87 69 34 33 68 85 27 61 37 11

Demandas:
0 0 0 0 0 1 0
0 0 0 0 1 0 0
0 0 0 0 0 1 0
0 0 0 1 0 0 0
0 0 0 0 1 0 0
1 0 0 0 0 0 0
0 0 1 0 0 0 0
0 0 0 1 0 0 0
0 1 0 0 0 0 0
0 0 0 0 0 1 0
0 0 1 0 0 0 0
0 1 0 0 0 0 0
0 1 0 0 0 0 0
0 0 0 0 1 0 0
0 0 1 0 0 0 0
0 0 0 0 0 0 1
0 0 0 0 1 0 0
1 0 0 0 0 0 0
1 0 0 0 0 0 0
1 0 0 0 0 0 0
1 0 0 0 0 0 0
0 0 0 0 1 0 0
0 0 0 1 0 0 0
0 0 1 0 0 0 0
0 0 0 1 0 0 0
0 0 0 0 1 0 0
0 0 1 0 0 0 0
0 0 0 0 1 0 0
0 0 0 0 0 0 1
1 0 0 0 0 0 0
0 0 0 1 0 0 0
0 0 0 0 0 1 0
0 0 0 0 1 0 0
0 0 1 0 0 0 0
1 0 0 0 0 0 0
0 0 1 0 0 0 0
0 0 0 1 0 0 0
1 0 0 0 0 0 0
0 1 0 0 0 0 0
1 0 0 0 0 0 0
0 0 0 1 0 0 0
0 0 0 0 1 0 0
0 0 0 0 1 0 0
0 0 0 0 0 1 0
1 0 0 0 0 0 0
0 0 0 0 0 1 0
0 0 1 0 0 0 0
1 0 0 0 0 0 0
0 0 0 0 0 1 0
0 0 0 1 0 0 0
0 1 0 0 0 0 0
0 0 0 0 1 0 0
0 0 0 0 0 0 1
0 0 1 0 0 0 0
1 0 0 0 0 0 0
0 0 0 0 0 0 1
0 0 0 0 0 0 1
0 0 0 0 0 1 0
0 0 1 0 0 0 0
0 0 0 0 0 0 1
0 0 0 0 1 0 0
0 0 0 0 0 0 1
0 0 0 1 0 0 0
0 1 0 0 0 0 0
0 0 0 0 1 0 0
0 0 0 0 0 0 1
0 1 0 0 0 0 0
1 0 0 0 0 0 0
0 0 0 1 0 0 0
0 0 0 0 0 0 1
1 0 0 0 0 0 0
0 0 1 0 0 0 0
0 1 0 0 0 0 0
0 0 0 1 0 0 0
0 0 0 0 1 0 0
0 0 0 0 0 0 1
0 0 0 1 0 0 0
0 0 0 0 0 0 1
0 0 1 0 0 0 0
0 0 0 0 0 0 1
0 0 0 0 0 1 0
0 0 0 0 1 0 0
1 0 0 0 0 0 0
0 0 0 0 0 1 0
0 0 1 0 0 0 0
0 0 0 1 0 0 0
0 0 1 0 0 0 0
0 0 0 1 0 0 0
0 0 1 0 0 0 0
0 0 0 1 0 0 0
0 1 0 0 0 0 0
0 0 0 0 0 1 0
0 0 1 0 0 0 0
0 1 0 0 0 0 0
0 0 0 1 0 0 0
0 0 0 0 1 0 0
0 0 0 0 1 0 0
0 0 0 0 0 0 1
0 0 0 0 0 1 0
0 0 1 0 0 0 0
0 0 0 0 1 0 0
0 0 0 1 0 0 0
0 0 0 0 0 1 0
0 0 0 0 1 0 0
0 0 0 0 0 1 0
0 0 0 0 1 0 0
1 0 0 0 0 0 0
0 0 0 1 0 0 0
0 0 1 0 0 0 0
1 0 0 0 0 0 0
0 0 0 0 1 0 0
0 0 0 0 0 1 0
0 0 0 1 0 0 0
0 0 1 0 0 0 0
0 0 0 1 0 0 0
0 0 0 0 0 0 1
1 0 0 0 0 0 0
0 0 0 1 0 0 0
0 0 0 0 0 0 1
0 0 1 0 0 0 0
0 0 0 0 0 0 1
0 1 0 0 0 0 0
0 0 0 0 0 0 1
0 0 0 1 0 0 0
0 0 0 0 0 0 1
0 1 0 0 0 0 0
0 0 0 0 0 1 0
0 1 0 0 0 0 0
0 0 0 1 0 0 0
0 0 0 0 0 1 0
0 0 0 0 0 0 1
0 0 0 0 0 1 0
0 0 0 0 0 0 1
0 0 1 0 0 0 0
1 0 0 0 0 0 0
0 0 0 0 0 1 0
0 0 0 0 0 0 1
0 0 0 1 0 0 0
1 0 0 0 0 0 0
1 0 0 0 0 0 0
0 0 0 1 0 0 0
0 0 0 1 0 0 0
0 0 0 0 0 0 1
1 0 0 0 0 0 0
0 1 0 0 0 0 0
1 0 0 0 0 0 0
0 0 0 1 0 0 0
0 0 0 1 0 0 0
0 0 0 0 0 1 0
0 0 0 0 0 1 0
0 0 0 1 0 0 0
0 0 1 0 0 0 0
1 0 0 0 0 0 0
0 0 0 1 0 0 0
1 0 0 0 0 0 0
0 0 0 0 0 1 0
0 0 0 0 0 1 0
1 0 0 0 0 0 0
1 0 0 0 0 0 0
0 0 0 0 0 0 1
0 0 0 1 0 0 0
0 1 0 0 0 0 0
0 1 0 0 0 0 0
0 0 0 1 0 0 0
0 1 0 0 0 0 0
0 1 0 0 0 0 0
0 0 0 0 1 0 0
0 1 0 0 0 0 0
0 1 0 0 0 0 0
1 0 0 0 0 0 0
0 0 1 0 0 0 0
0 0 1 0 0 0 0
0 0 0 1 0 0 0
0 0 0 1 0 0 0
0 1 0 0 0 0 0
0 0 1 0 0 0 0
0 0 0 0 0 1 0
0 0 0 0 0 1 0
0 0 0 0 0 0 1
0 0 1 0 0 0 0
0 0 0 1 0 0 0
1 0 0 0 0 0 0
0 0 0 1 0 0 0
0 0 0 1 0 0 0
0 0 0 0 1 0 0
0 0 0 0 0 1 0
1 0 0 0 0 0 0
1 0 0 0 0 0 0
0 0 0 0 0 1 0
0 0 0 0 0 0 1
1 0 0 0 0 0 0
1 0 0 0 0 0 0
0 0 0 1 0 0 0
1 0 0 0 0 0 0
0 0 0 0 0 1 0
0 0 0 0 0 1 0
0 0 1 0 0 0 0
0 0 0 0 0 1 0
0 0 1 0 0 0 0
1 0 0 0 0 0 0
1 0 0 0 0 0 0
0 0 0 1 0 0 0
0 0 0 0 1 0 0
0 1 0 0 0 0 0
0 0 1 0 0 0 0
0 0 0 0 0 0 1
0 1 0 0 0 0 0
0 1 0 0 0 0 0
0 0 0 0 0 0 1
1 0 0 0 0 0 0
0 0 1 0 0 0 0
0 0 0 1 0 0 0
0 0 0 0 0 0 1
1 0 0 0 0 0 0
0 0 0 0 0 0 1
0 0 0 0 0 0 1
0 0 0 1 0 0 0
0 0 1 0 0 0 0
1 0 0 0 0 0 0
0 0 0 0 1 0 0
0 0 0 1 0 0 0
1 0 0 0 0 0 0
1 0 0 0 0 0 0
0 0 0 0 1 0 0
1 0 0 0 0 0 0
0 0 0 0 0 1 0
0 0 0 0 0 1 0
0 0 0 0 0 1 0
0 0 0 0 0 0 1
1 0 0 0 0 0 0
0 0 0 0 0 1 0
0 0 0 0 0 0 1
0 0 0 0 1 0 0
0 0 0 0 0 1 0
0 0 1 0 0 0 0
0 0 1 0 0 0 0
0 0 1 0 0 0 0
0 0 0 1 0 0 0
0 1 0 0 0 0 0
0 0 0 0 1 0 0
0 0 0 0 1 0 0
0 0 0 0 1 0 0
1 0 0 0 0 0 0
1 0 0 0 0 0 0
0 0 0 1 0 0 0
0 0 0 0 1 0 0
0 0 1 0 0 0 0
0 0 0 0 0 0 1
0 0 1 0 0 0 0
0 0 0 0 0 1 0

Capacidades:
3 1 3 1 3 1 3
2 1 1 0 4 2 3
2 2 2 1 0 2 0
0 4 2 1 3 1 0
0 1 0 2 1 2 2
1 4 0 0 3 2 4
2 3 3 4 1 3 2
2 4 4 0 0 4 0
4 2 2 4 3 2 1
1 2 0 3 3 0 4
4 3 3 3 1 0 2
4 4 3 2 0 4 3
2 0 0 0 2 3 3
0 3 2 4 2 2 4
2 3 4 3 3 2 4
2 3 1 4 0 1 4
2 4 4 4 4 0 1
4 4 4 4 4 3 3
3 2 2 1 2 3 1
0 2 0 1 4 1 3
4 1 2 0 3 2 1
4 3 0 1 0 0 2
2 2 2 3 4 0 1
2 1 2 3 4 4 2
3 3 1 1 1 3 4
0 2 4 4 2 4 2
3 3 1 1 0 2 3
3 4 1 2 0 0 4
0 4 3 0 4 3 4
3 1 1 2 4 4 1
4 2 2 4 3 4 4
0 1 4 4 3 4 4
1 3 2 1 0 1 4
1 4 2 3 0 4 3
3 4 2 1 1 3 1
0 4 4 0 3 4 2
2 2 3 1 2 1 1
2 0 0 0 0 3 2
2 1 1 2 2 0 0
2 2 0 2 4 2 3
3 4 1 1 4 3 2
1 2 0 0 4 3 2
4 2 1 4 2 2 1
4 4 3 3 2 0 2
4 2 0 4 3 2 1
0 3 3 4 0 1 3
1 1 3 3 1 4 0
0 0 4 0 2 0 2
4 3 1 4 3 3 2
4 4 3 4 4 3 0
1 2 0 1 0 1 0
3 1 2 2 4 0 1
2 4 2 0 3 0 2
2 4 0 0 2 4 0
1 3 0 1 0 0 4
3 2 2 1 1 4 4
4 2 0 1 3 0 3
2 2 1 0 2 0 4
2 0 1 4 4 1 0
0 3 3 2 3 4 4
1 3 3 0 2 0 0
4 2 3 1 1 1 4
3 2 0 2 0 4 2
0 0 0 1 0 4 2
4 0 2 2 4 2 1
2 4 3 2 0 2 0
3 2 3 2 1 0 3
4 0 1 0 1 3 1
1 2 3 0 4 1 2
4 1 4 2 2 2 4
1 2 3 2 0 1 4
0 3 3 4 3 1 0
0 3 1 4 4 2 4
4 0 4 2 1 1 2
0 1 0 2 2 0 3
