m: 250
n: 50
k: 7

Distancias:
36 49 40 18 28 98 44 45 10 22 70 24 3 56 80 68 16 7 66 31 18 45 45 84 52 42 71 96 27 37 89 59 93 77 93 63 52 32 30 84 82 99 36 25 91 71 33 59 74 87
42 2 45 11 14 28 64 53 81 6 3 21 9 76 16 69 51 11 42 19 8 98 5 74 67 25 15 12 14 61 63 74 57 57 48 70 97 72 91 81 48 81 81 71 14 60 88 99 97 53
10 31 66 77 84 70 39 40 7 46 56 31 65 86 93 87 95 55 6 56 92 10 46 33 41 67 77 10 84 23 5 32 10 14 95 13 27 69 84 53 6 22 27 66 96 4 40 41 66 7
17 15 29 68 89 99 57 53 51 45 4 82 48 48 82 45 49 1 20 88 16 81 78 79 85 28 75 22 39 6 68 95 97 86 30 51 35 72 47 80 7 20 23 72 33 8 9 70 32 96
98 95 86 34 17 38 41 78 43 24 67 71 60 8 22 93 16 11 79 64 52 86 78 9 3 39 5 45 73 7 32 43 59 13 10 84 10 83 54 97 86 96 94 52 50 61 13 58 71 19
78 69 87 41 68 40 64 27 75 45 22 9 82 8 29 65 53 12 67 21 15 82 41 65 23 27 5 91 90 61 11 83 53 5 64 13 42 94 56 86 67 84 82 17 21 51 69 83 31 25
7 96 95 52 35 18 66 23 10 99 64 21 84 65 19 18 3 57 49 99 30 48 58 92 2 92 55 38 49 90 43 77 96 56 40 69 87 33 83 12 57 84 16 11 29 93 19 64 83 66
8 31 43 1 67 19 31 33 53 47 62 93 58 21 99 16 57 34 58 64 86 91 85 83 25 29 94 88 78 70 31 50 29 48 9 78 75 78 39 52 33 10 77 54 96 70 86 73 40 34
7 27 72 3 98 90 51 19 4 73 89 79 96 49 14 4 59 51 72 73 90 11 51 57 32 12 87 29 46 2 36 59 30 55 4 19 65 43 53 92 21 34 77 33 38 88 29 28 19 32
13 7 3 90 82 16 16 80 4 74 35 32 65 96 65 80 95 74 18 71 7 9 81 45 87 38 58 74 17 59 46 35 71 27 49 23 92 17 32 71 69 22 96 95 36 59 12 94 89 21
29 49 44 94 54 13 3 36 6 7 55 65 77 10 25 81 53 47 7 86 17 14 72 39 96 24 46 78 23 3 45 68 80 69 30 96 21 58 35 48 52 22 17 84 5 99 58 43 16 84
18 43 45 47 18 88 7 49 85 71 69 75 64 57 78 41 59 22 48 4 25 26 34 53 50 25 95 50 48 33 25 51 6 62 10 19 86 6 15 55 45 48 24 61 25 73 80 39 83 23
74 11 29 92 78 19 79 58 43 79 60 3 44 85 11 56 51 48 36 94 39 90 4 80 44 50 48 44 46 64 44 60 22 23 35 28 21 20 41 3 43 60 80 79 41 36 41 92 19 5
35 49 15 55 4 12 50 67 86 3 74 97 6 13 31 93 63 76 72 83 91 97 87 58 79 55 89 45 38 57 78 19 65 6 20 77 78 23 4 15 82 90 91 48 54 40 72 94 27 55
97 55 74 53 89 32 37 91 69 44 44 62 85 2 34 45 20 50 97 48 82 55 31 64 69 27 53 35 81 55 59 93 37 13 75 88 52 6 28 30 35 41 59 13 45 94 81 60 93 1
67 60 86 60 78 70 91 7 5 19 28 77 24 64 28 64 39 64 31 57 67 6 3 66 17 31 89 39 9 79 48 30 40 93 49 16 77 20 74 12 89 77 4 66 63 88 64 38 77 21
13 18 88 62 50 25 33 89 90 98 31 67 40 5 90 22 58 4 57 37 12 56 49 53 24 92 8 83 24 14 22 58 94 26 50 40 32 21 95 23 59 87 26 13 38 78 79 29 89 31
18 14 65 4 46 67 5 70 79 66 17 36 23 25 14 26 2 72 24 77 70 60 5 24 63 84 75 58 43 71 71 35 71 93 55 89 62 91 16 34 62 17 73 71 85 78 80 56 95 71
57 8 84 18 29 75 55 79 77 97 10 61 78 6 94 38 39 51 84 36 37 88 83 21 50 64 97 15 73 34 75 77 47 92 88 45 92 27 92 18 98 46 96 50 95 14 67 93 18 39
61 77 71 21 40 56 16 96 69 81 3 46 36 49 11 69 67 62 38 58 84 34 6 3 63 68 50 50 57 9 70 37 14 5 92 91 31 42 59 49 58 72 55 40 92 15 28 78 44 15
39 79 22 63 39 20 17 99 54 27 59 91 59 27 46 51 28 90 17 82 57 1 39 81 39 19 39 26 3 84 8 95 71 66 82 34 86 60 23 50 88 65 7 87 70 43 29 31 91 90
56 48 63 20 64 71 4 52 77 48 60 76 62 76 78 7 46 91 76 15 68 71 83 47 71 72 65 13 98 68 82 25 88 23 46 56 99 97 86 65 31 22 12 7 98 31 96 48 57 10
82 52 39 10 71 73 5 74 7 92 40 77 6 67 78 69 13 66 58 30 62 2 13 99 75 12 21 35 96 16 15 8 50 8 85 78 81 2 99 95 59 43 73 10 4 21 89 79 36 78
4 37 76 43 1 63 90 59 35 63 32 17 32 67 62 95 26 64 17 18 40 48 34 69 17 90 24 16 95 16 61 15 67 11 18 75 60 70 10 52 71 50 88 72 54 74 83 74 37 9
10 28 10 2 80 59 8 6 59 42 31 75 61 20 23 44 66 5 56 20 48 59 96 81 75 30 49 73 81 66 33 21 85 10 70 59 38 85 4 20 67 48 80 98 48 2 41 93 39 28
41 21 58 80 99 75 94 13 26 61 22 45 7 13 59 14 94 19 9 98 33 4 28 11 95 29 99 3 29 4 43 76 41 70 17 72 55 74 48 35 4 11 39 58 4 92 58 64 66 49
9 19 47 28 70 87 21 89 94 91 89 58 41 2 59 54 72 32 32 92 17 29 45 90 62 77 26 9 70 52 55 96 91 74 61 37 56 2 86 15 9 60 49 96 62 19 31 60 15 25
40 45 66 12 41 4 89 86 50 33 80 84 56 63 72 47 67 73 63 12 15 47 74 23 3 21 76 31 43 55 67 95 77 17 97 85 54 83 9 71 78 61 9 11 82 98 37 83 79 90
98 60 27 23 78 99 68 48 37 27 5 51 76 66 20 10 65 22 68 87 80 35 9 28 31 11 3 44 83 83 73 8 29 14 60 14 45 84 46 56 95 54 89 15 93 75 16 53 51 38
45 42 22 46 51 12 4 3 32 66 19 66 71 21 91 55 42 75 16 20 89 36 12 18 24 40 78 61 16 28 59 89 44 10 72 94 75 69 14 37 65 46 87 51 98 99 26 26 37 82
61 7 76 45 59 26 63 32 71 30 34 11 1 89 22 81 31 13 52 56 59 15 31 80 52 13 68 18 7 4 99 20 21 63 44 30 12 6 35 52 60 58 73 93 15 58 38 53 81 88
89 15 4 68 27 15 62 86 93 20 39 9 2 16 98 77 23 68 18 44 95 89 34 79 17 98 42 68 65 55 96 2 70 55 37 95 25 65 50 93 87 8 9 41 1 64 65 22 21 61
18 4 89 47 93 69 85 91 65 49 87 93 56 70 5 42 47 74 46 28 88 69 38 19 92 61 1 17 79 15 39 85 8 4 13 69 22 1 8 6 82 15 12 36 77 93 73 85 48 53
34 9 63 54 38 40 82 59 29 95 28 47 61 92 12 65 23 24 58 72 69 2 14 68 70 79 53 26 48 48 61 88 40 6 73 60 79 30 88 70 64 76 64 93 52 50 15 58 63 99
51 70 2 79 41 69 28 80 58 26 42 25 43 13 37 72 66 56 52 7 48 74 16 43 20 29 59 9 25 91 29 26 64 28 71 84 29 93 81 99 71 32 57 53 93 60 40 13 64 36
84 76 79 15 43 75 59 58 5 93 27 63 55 23 3 32 21 2 84 44 1 53 21 46 47 99 69 15 44 59 45 81 41 1 80 87 40 81 16 24 22 76 71 77 58 28 76 58 50 80
55 46 88 49 17 38 51 2 73 84 76 63 16 41 77 83 78 72 45 14 79 72 74 84 36 80 34 38 99 64 63 18 48 44 14 32 12 14 61 6 88 25 30 2 51 5 15 69 47 27
47 90 94 57 62 25 39 20 42 87 66 86 98 60 20 30 21 80 38 76 14 46 34 52 31 83 97 78 61 34 92 73 85 24 80 48 32 60 65 39 59 95 32 49 82 78 22 69 98 12
22 88 34 66 60 31 78 1 36 19 37 26 33 80 67 33 80 58 86 70 43 96 34 46 23 66 70 63 88 13 20 65 85 73 86 82 49 23 3 75 31 7 51 10 75 5 22 31 70 13
27 68 99 4 45 4 49 39 22 75 44 71 9 78 33 3 6 78 3 68 50 96 70 64 8 71 12 95 62 21 2 28 63 65 40 97 12 66 11 24 78 59 75 90 10 53 28 17 93 33
28 92 81 50 61 75 40 95 37 11 1 22 42 48 68 5 84 35 60 91 33 19 81 6 95 60 62 58 70 95 75 63 92 14 75 40 27 15 2 88 93 60 32 91 82 9 63 34 45 54
71 62 72 73 81 53 87 88 21 65 73 56 92 1 69 91 21 26 47 74 47 30 24 43 40 74 75 95 38 53 12 81 18 99 8 77 33 56 76 6 23 51 83 55 61 45 66 98 41 6
49 81 31 64 19 35 2 41 58 42 40 87 58 22 72 17 84 6 99 11 50 11 98 15 56 35 80 72 51 85 21 4 74 15 73 37 18 22 48 24 41 56 6 89 52 52 83 5 59 23
97 47 79 78 66 29 23 10 85 65 88 89 16 92 72 17 2 24 43 90 92 11 67 92 5 71 36 49 11 4 32 68 56 60 23 37 39 79 72 54 28 51 57 23 96 77 28 64 76 35
3 39 39 52 91 75 58 20 55 48 99 49 12 2 24 30 12 55 89 65 54 58 92 31 13 14 75 72 60 93 83 69 81 34 75 45 82 5 41 93 19 81 23 98 35 48 45 8 64 56
82 75 81 58 35 66 87 60 30 49 65 38 92 70 77 11 49 11 89 30 43 92 70 43 82 88 89 73 82 12 73 45 53 8 3 20 15 95 68 11 58 11 90 72 24 29 30 69 64 41
14 26 90 76 50 30 95 27 7 29 43 23 42 65 82 27 16 11 10 44 25 87 11 15 47 83 24 22 50 90 6 76 66 53 94 69 15 74 77 9 34 27 72 76 94 29 98 66 53 4
2 83 74 66 77 94 99 50 32 31 54 27 70 64 88 25 25 26 77 51 2 33 43 48 41 25 65 94 38 85 2 93 11 46 64 6 22 42 67 28 85 41 13 71 93 73 88 78 20 17
14 13 80 28 75 67 12 78 38 37 83 56 51 81 43 21 86 24 64 53 49 4 47 15 66 13 56 75 44 68 75 53 28 57 17 22 27 78 40 8 99 19 51 42 63 63 26 89 37 48
6 8 49 7 7 75 55 49 79 67 43 24 53 69 60 56 40 23 42 89 72 94 13 14 5 50 85 64 36 81 35 15 75 44 89 15 84 13 34 53 90 12 95 65 36 59 4 49 31 81
48 64 5 77 7 69 4 71 84 88 78 55 2 87 8 84 24 40 37 9 83 26 5 44 61 24 29 23 20 89 22 20 62 98 61 79 67 58 42 30 37 78 16 82 18 96 59 76 55 48
26 70 78 76 64 61 73 31 20 34 32 22 32 15 29 14 5 33 41 48 90 18 15 24 25 11 98 60 75 32 86 67 53 50 9 95 36 82 66 6 29 43 40 74 15 68 54 11 67 26
74 65 13 22 96 24 88 45 57 83 96 95 5 54 61 73 58 2 85 14 23 95 78 96 88 72 94 92 57 93 16 34 15 87 94 97 54 33 80 98 99 20 63 34 91 66 58 82 56 46
10 14 23 95 59 26 44 98 77 99 38 84 14 83 99 66 19 46 86 73 95 10 46 93 30 50 98 6 73 24 69 17 28 27 27 48 52 70 2 50 83 15 94 48 64 94 12 20 31 13
28 93 51 25 76 85 33 51 28 90 48 71 32 10 46 78 62 98 55 51 67 79 59 71 70 62 98 33 25 85 51 6 46 75 10 33 60 9 51 38 63 75 26 4 23 70 73 9 45 64
51 20 63 50 25 12 11 52 49 74 92 16 36 1 89 31 40 13 55 99 18 91 31 46 4 64 93 15 22 34 37 94 83 45 13 73 87 4 96 59 86 35 57 90 87 78 96 74 15 54
45 45 31 58 32 36 49 60 49 46 24 36 10 8 89 58 49 49 60 47 89 33 10 73 95 51 75 1 20 62 90 92 13 45 31 52 80 57 72 68 46 38 46 89 88 58 59 72 70 88
17 56 61 65 17 50 19 78 14 91 46 24 10 31 73 95 49 49 94 1 27 12 30 10 93 62 56 32 24 50 50 34 26 75 2 14 1 77 1 1 38 98 14 74 51 89 12 26 45 98
44 99 63 78 14 90 11 47 87 27 98 38 72 67 40 76 77 64 58 68 83 15 59 75 20 31 53 89 72 18 44 90 6 24 38 37 55 40 64 85 3 99 92 68 21 99 89 37 11 72
76 38 17 93 2 88 7 33 78 32 39 73 42 93 38 8 96 17 86 47 78 77 32 82 23 67 63 45 82 87 88 35 47 63 60 21 88 10 25 15 59 85 10 74 44 63 4 65 13 10
17 77 70 45 58 9 3 17 48 94 26 21 20 56 47 84 16 34 91 46 80 8 77 30 41 9 40 64 73 61 33 31 69 99 17 68 63 88 15 38 88 61 4 51 48 46 5 3 73 38
56 89 19 18 91 38 7 19 17 62 7 5 21 62 8 4 69 62 37 78 51 70 66 98 19 42 5 29 73 9 75 3 46 56 35 86 6 51 29 69 57 99 28 37 97 21 28 36 20 26
70 85 68 35 74 93 89 26 36 80 51 2 76 17 15 4 44 20 40 59 87 71 91 56 42 74 4 33 81 10 42 2 48 24 86 32 83 36 95 93 50 56 9 58 52 67 46 39 72 37
31 68 36 58 29 95 76 41 20 32 58 3 61 39 93 73 11 78 61 4 90 50 66 38 11 94 90 28 12 78 44 38 24 3 92 2 95 93 68 55 56 18 91 46 31 18 17 49 35 91
81 52 89 20 43 57 80 41 48 14 64 41 63 10 88 64 40 18 91 13 31 75 40 48 10 32 68 48 57 55 54 24 12 94 71 13 16 15 86 83 41 4 83 44 76 1 23 14 59 85
63 95 80 51 43 61 12 75 58 87 26 49 4 90 64 97 1 14 57 17 89 11 27 73 22 44 1 4 93 68 7 77 21 85 25 30 3 59 93 42 17 22 99 39 27 16 59 26 14 59
12 29 10 30 95 92 99 55 80 50 52 18 26 34 98 68 30 95 32 46 29 53 35 5 85 6 84 60 74 4 80 82 61 37 35 65 21 36 10 7 87 49 95 88 75 17 14 96 67 84
4 52 87 6 68 13 52 99 38 90 75 11 84 26 96 26 64 99 77 4 32 77 14 62 22 45 43 78 20 61 45 23 7 94 59 47 36 42 18 98 62 71 7 78 76 49 35 47 63 25
16 18 86 47 49 96 75 10 63 77 8 49 57 52 81 70 85 77 59 89 25 6 63 56 25 31 96 84 66 38 57 24 3 58 2 42 27 72 41 79 75 16 44 75 37 36 32 16 55 99
85 85 52 69 48 90 77 94 28 87 23 46 47 79 24 26 59 39 55 34 66 65 21 65 26 75 46 46 57 17 76 29 80 21 10 77 80 59 10 85 77 80 96 10 17 99 11 3 20 1
76 86 80 92 6 43 77 23 48 79 41 51 65 12 17 48 66 36 24 84 98 29 66 83 3 75 21 13 79 25 82 73 38 2 66 41 24 89 79 67 17 45 71 24 33 17 17 63 51 75
2 80 49 49 16 77 82 62 27 16 96 43 36 25 36 8 41 37 1 89 97 62 42 85 27 26 18 12 53 6 1 87 4 74 21 47 66 23 26 82 60 42 11 74 35 96 90 10 33 86
93 63 2 25 39 9 12 34 72 32 17 15 39 17 74 6 90 78 71 94 65 63 47 79 49 75 68 91 66 40 19 77 50 38 74 97 76 43 31 59 52 65 11 78 46 59 49 51 25 6
91 43 72 54 94 62 85 33 48 67 14 80 41 84 32 82 66 17 8 43 91 71 15 35 79 72 21 7 66 32 27 4 59 84 13 79 23 66 12 85 40 19 43 97 30 33 87 93 63 31
83 1 51 36 60 95 39 83 83 72 25 26 52 46 62 18 91 5 61 41 74 62 87 55 1 77 11 47 48 98 91 91 77 22 20 2 83 46 35 69 15 74 51 46 34 82 7 50 17 10
13 31 67 40 2 28 78 25 96 13 62 76 48 61 38 28 97 11 52 83 46 83 41 94 56 23 71 57 39 13 99 42 77 78 19 99 43 50 22 36 65 93 14 37 64 11 17 72 47 68
85 37 11 98 70 53 64 18 88 34 10 67 98 74 92 55 66 54 37 36 85 93 7 96 1 82 35 65 24 71 50 47 16 43 76 84 79 46 33 29 54 51 92 93 71 75 12 3 5 97
26 70 64 50 23 22 49 49 99 86 47 85 62 21 23 29 7 24 36 92 3 81 17 77 66 19 66 5 56 64 22 68 82 9 93 30 95 40 61 6 55 72 13 64 55 72 88 65 92 76
13 48 46 42 84 69 38 4 25 86 27 96 71 13 87 29 79 90 95 91 99 9 89 37 68 92 41 72 28 91 99 36 95 42 98 2 55 59 76 91 7 59 45 80 17 72 97 92 19 53
57 10 42 47 35 54 28 78 44 65 15 74 14 35 81 6 84 98 78 28 10 2 4 42 24 52 54 82 53 2 17 10 4 44 8 22 24 39 47 89 11 60 27 29 14 18 82 39 5 25
14 90 90 31 14 74 95 35 87 21 81 29 76 22 3 91 15 93 43 11 58 84 4 70 36 26 80 34 36 16 65 19 51 78 57 54 10 22 18 38 73 16 24 49 92 73 76 55 89 55
14 14 26 10 98 41 13 45 16 76 53 46 32 99 14 28 96 68 54 98 50 87 74 83 30 71 71 16 65 63 8 84 77 41 38 1 87 46 44 28 61 9 65 89 41 10 68 75 72 5
12 81 68 8 13 40 49 47 65 47 51 15 16 98 57 64 10 54 32 94 17 94 63 65 53 43 38 18 99 3 70 97 38 62 73 72 83 43 15 13 56 39 70 21 96 37 62 54 38 90
42 14 24 86 58 89 69 85 86 44 69 51 70 18 95 96 67 16 86 17 63 33 64 6 13 19 3 14 29 68 35 22 36 2 44 10 80 42 36 48 59 22 84 54 89 6 95 21 91 67
88 17 7 20 40 34 57 17 26 87 88 9 55 58 29 93 47 28 87 49 86 88 93 86 92 15 36 60 34 10 94 87 15 21 27 40 14 69 63 75 65 50 57 54 7 28 46 24 30 84
72 85 90 8 86 86 78 40 4 18 59 99 35 86 5 93 53 78 5 55 82 92 86 40 61 91 29 75 40 55 25 82 12 23 20 40 51 3 69 24 58 13 22 91 43 8 49 15 19 53
26 16 81 9 28 86 67 72 95 68 66 62 78 70 85 72 66 59 48 87 89 48 58 90 62 19 14 30 40 44 23 53 9 97 86 1 74 63 53 20 31 8 15 1 9 92 16 81 49 30
92 76 47 72 82 50 79 9 5 41 27 29 30 53 74 60 13 27 81 80 48 16 66 51 69 60 62 19 81 56 45 38 24 74 23 67 38 14 88 93 43 9 27 23 45 12 73 17 38 1
46 73 10 4 91 74 50 49 87 74 40 55 56 16 94 7 44 99 18 77 78 1 62 52 63 10 55 90 26 11 45 25 43 35 48 9 53 60 95 79 30 55 20 16 41 93 12 51 64 57
28 11 16 88 16 46 84 36 78 6 60 50 2 19 6 17 35 89 5 27 47 4 30 83 10 98 47 33 81 20 60 17 11 16 39 57 88 77 90 2 44 88 66 51 79 21 69 21 4 20
44 79 86 86 86 17 43 89 63 85 86 16 25 41 4 93 66 13 97 46 4 49 7 50 30 78 1 95 54 29 26 10 96 55 3 36 12 42 62 34 48 82 11 22 69 87 95 6 51 43
27 49 7 13 42 51 51 55 89 98 88 14 81 44 75 97 2 30 6 41 3 46 53 85 76 63 3 37 87 89 14 10 55 84 7 10 82 1 11 42 67 8 23 85 66 47 45 10 12 71
78 75 4 26 92 8 14 9 82 85 96 35 23 82 41 93 60 55 14 85 17 23 51 93 36 53 63 16 47 93 64 69 3 79 8 21 42 73 46 83 13 8 28 61 8 40 64 59 34 32
87 51 56 91 86 23 11 55 21 12 12 14 4 70 80 7 7 4 71 25 91 81 14 25 55 2 82 49 75 27 55 42 84 36 29 24 38 77 44 78 75 49 27 68 49 54 24 21 62 73
2 42 85 29 46 25 19 80 25 17 62 3 29 10 15 47 80 26 58 50 27 72 15 63 47 88 51 30 56 93 12 24 9 75 69 17 24 89 7 81 22 42 42 12 48 32 26 33 93 15
86 25 84 77 34 43 70 8 5 20 55 18 31 57 74 74 10 32 35 84 91 20 23 65 98 67 9 98 17 35 9 67 36 44 74 93 95 83 31 51 87 46 60 92 22 76 94 45 52 50
11 90 34 98 9 55 85 31 42 26 79 82 65 11 71 24 89 5 40 27 66 86 33 58 68 6 63 9 29 38 56 46 40 16 44 58 78 65 24 37 32 62 50 75 5 94 75 31 10 87
12 33 12 6 91 61 31 68 79 4 68 71 10 13 92 48 77 83 45 70 68 45 18 84 20 35 84 88 21 37 97 42 59 35 81 75 99 59 97 96 35 58 93 86 23 33 13 94 28 33
23 65 97 90 68 49 13 92 77 12 40 10 61 58 56 51 93 29 37 29 99 85 28 21 53 87 89 31 62 18 17 93 26 9 51 25 47 91 65 96 48 52 75 87 32 86 32 98 14 19
65 49 53 69 85 70 3 6 44 36 27 68 96 22 27 12 25 79 13 39 44 41 87 53 32 99 30 42 98 40 44 73 54 33 20 32 62 89 95 81 81 84 58 75 74 12 23 74 67 38
63 59 95 34 35 30 62 76 39 64 40 72 74 37 48 15 36 15 75 88 37 95 11 30 69 99 79 76 54 98 20 27 44 62 55 28 89 66 58 19 92 20 4 86 13 95 27 76 24 36
20 47 92 61 89 72 81 69 89 9 73 36 58 30 97 59 50 54 4 16 1 59 93 32 76 37 92 5 13 84 41 45 72 54 84 67 30 43 51 44 97 24 23 30 72 91 33 51 27 59
95 74 43 49 19 4 47 17 98 75 65 8 63 64 27 31 44 39 97 70 19 76 26 22 70 75 1 36 4 25 92 88 50 84 82 24 28 26 49 87 62 81 26 77 74 25 56 54 26 18
34 48 77 53 3 46 81 83 74 90 25 79 51 21 16 53 21 14 85 92 83 72 3 72 34 65 78 41 44 50 31 36 45 29 21 58 64 43 33 92 19 72 65 85 27 81 68 43 78 61
57 61 34 1 45 10 16 22 76 9 53 55 4 18 1 56 10 44 7 51 9 27 57 85 96 70 37 91 57 56 2 22 7 48 24 66 98 69 35 12 95 71 86 68 52 30 96 31 98 11
67 57 33 18 11 17 26 78 55 68 84 56 94 80 20 11 12 53 59 48 71 4 10 41 83 71 98 63 92 31 13 83 56 75 16 95 31 27 1 50 67 80 78 12 79 6 96 87 55 75
52 30 91 22 81 93 97 26 86 57 40 32 50 17 31 30 26 80 34 36 64 76 62 53 61 96 4 99 68 52 80 38 75 29 31 55 35 6 29 13 95 36 97 11 86 4 56 85 99 92
39 1 9 22 33 53 12 98 96 97 55 57 2 12 66 3 74 54 11 75 37 41 97 46 47 83 38 74 5 43 49 44 28 57 84 19 40 2 79 69 15 91 73 68 16 38 30 29 96 91
97 57 19 84 41 43 56 17 29 55 46 86 76 90 33 22 29 14 93 65 68 35 5 55 26 71 99 30 63 6 58 20 70 17 40 81 84 73 37 10 24 31 82 35 60 66 81 97 87 87
38 58 96 90 70 85 54 59 4 88 74 89 11 25 75 35 69 66 45 88 38 56 47 80 84 37 43 62 61 77 71 36 92 70 66 26 80 48 13 55 19 27 23 35 59 88 27 44 73 38
49 32 77 84 2 44 24 39 20 74 22 21 24 76 59 94 37 37 43 37 52 2 56 52 99 49 88 88 88 49 82 13 21 70 24 53 37 12 36 2 88 13 67 56 38 87 67 98 35 43
77 86 89 7 65 25 48 75 96 13 5 62 71 50 58 28 64 78 80 22 83 47 5 98 81 34 36 93 11 20 35 9 35 67 43 36 37 35 98 20 67 88 29 20 8 52 69 16 87 51
95 35 53 96 67 99 27 59 46 22 57 51 5 22 67 63 16 89 72 33 42 6 39 72 57 14 62 28 65 89 7 50 68 47 26 84 98 31 1 58 59 61 5 75 57 84 60 77 6 26
22 63 41 11 71 43 2 84 61 43 45 27 69 57 68 27 50 44 95 87 74 32 9 60 89 39 39 36 11 53 56 94 76 50 94 42 38 18 47 72 87 14 24 6 16 79 92 54 49 75
81 40 71 43 37 44 86 75 31 3 37 62 39 74 96 10 52 69 51 32 39 37 76 61 42 27 87 32 50 69 30 19 25 35 17 91 99 71 80 59 77 14 77 5 80 4 65 61 24 64
96 68 44 86 22 19 35 72 33 79 67 1 67 6 32 37 56 94 37 43 49 65 98 49 89 44 69 66 93 12 59 13 28 77 80 28 2 99 5 24 44 31 53 74 55 91 27 61 36 5
64 48 39 62 62 2 71 62 50 90 59 96 59 86 12 39 6 39 44 79 93 78 33 8 53 36 25 78 65 40 4 89 77 96 75 70 36 55 62 9 31 53 84 8 38 44 14 17 24 41
34 37 29 3 59 19 13 79 88 12 69 98 79 74 68 13 85 98 22 30 81 22 85 23 97 89 18 86 13 14 84 22 2 91 37 26 92 37 74 61 73 39 24 99 20 55 79 85 68 55
48 75 30 56 16 57 55 77 70 54 8 50 51 94 69 19 58 40 54 16 19 45 3 10 61 91 66 37 68 77 18 17 8 32 65 72 60 60 6 58 49 62 83 20 12 50 94 44 23 79
15 22 23 82 66 12 70 48 68 53 82 96 57 93 65 61 29 57 9 61 49 66 8 75 85 2 38 65 43 48 92 54 25 54 40 96 14 29 95 12 88 56 57 89 6 33 17 61 38 25
86 51 98 95 52 57 42 27 72 19 3 84 13 4 41 4 81 52 6 27 38 37 92 29 92 54 40 84 77 8 48 55 34 33 26 47 85 5 18 37 62 9 51 76 22 37 40 30 8 38
65 41 16 5 76 20 8 34 84 87 58 53 81 40 10 62 45 95 56 88 32 11 99 93 58 82 42 72 3 61 35 67 11 39 3 41 94 18 74 31 6 78 75 51 56 15 88 28 89 26
25 36 37 10 94 99 19 87 35 36 47 53 54 98 72 14 71 79 89 44 14 33 43 32 82 72 57 68 51 5 2 35 50 62 11 83 10 58 77 51 43 82 1 23 88 92 38 36 31 58
37 24 23 22 27 47 45 28 4 50 41 75 46 29 60 17 38 38 75 7 94 86 43 44 4 39 97 82 22 6 99 36 51 63 64 97 5 16 61 61 53 72 96 87 98 85 66 41 88 7
14 79 19 25 28 2 71 60 77 89 7 23 95 61 46 3 13 98 73 35 72 62 32 79 96 70 62 44 95 22 76 83 50 30 98 43 39 68 84 82 85 93 45 75 67 81 95 72 62 35
31 24 2 92 13 58 70 72 82 57 67 6 32 66 45 43 70 56 27 46 11 8 92 9 88 98 79 75 40 56 27 67 75 22 40 60 41 87 85 61 77 48 67 60 60 22 39 35 11 73
59 33 3 4 22 5 20 44 80 15 45 14 63 98 43 27 17 55 95 17 3 68 13 73 70 82 93 65 33 30 48 44 87 72 97 84 43 61 12 76 64 28 18 35 32 65 25 88 2 22
38 4 18 44 90 44 79 25 20 87 78 31 8 30 82 37 81 53 84 25 57 51 10 98 56 72 27 76 90 45 1 64 97 24 38 57 63 52 48 83 94 70 54 76 26 16 96 82 66 95
73 96 15 1 96 9 44 97 67 85 37 64 56 67 84 18 60 64 74 48 89 15 36 62 63 4 74 46 48 67 22 18 33 28 30 53 71 76 32 62 76 98 90 13 78 89 76 98 22 99
79 19 13 56 71 39 16 34 90 46 50 80 88 7 76 79 66 34 33 25 82 26 7 86 87 15 13 59 67 94 86 72 30 34 34 60 17 48 36 35 98 55 24 51 47 89 7 68 55 65
47 64 57 64 45 99 22 76 77 90 84 71 90 60 54 31 12 75 13 87 74 18 44 14 7 84 38 3 57 45 93 69 54 45 19 95 58 25 4 98 68 44 18 75 21 59 74 43 82 64
90 1 67 10 54 83 9 6 83 87 37 60 34 78 90 25 90 25 54 77 64 88 72 88 14 40 10 7 54 6 9 49 71 22 88 27 85 41 42 42 10 75 55 52 48 13 78 85 33 99
11 59 51 5 97 97 28 18 35 71 42 70 6 90 75 25 36 57 15 71 70 94 52 53 56 35 20 59 27 41 63 9 6 87 21 25 26 86 6 97 4 25 16 54 84 13 73 54 10 9
46 82 53 35 7 59 23 74 56 98 50 25 39 43 70 99 4 99 38 37 91 48 21 29 17 93 33 65 37 40 88 58 76 73 68 3 47 83 1 17 65 38 39 56 97 59 97 84 92 30
2 27 74 90 63 61 28 20 43 83 42 22 13 2 25 92 2 65 14 36 21 9 87 20 57 56 51 49 57 41 42 96 11 60 89 64 14 51 83 20 58 49 40 58 62 29 87 77 3 39
86 33 73 77 21 37 81 39 40 19 89 57 57 32 93 58 57 69 35 36 84 58 44 39 58 73 24 86 7 96 37 12 80 38 20 97 8 46 47 48 85 41 15 70 42 48 4 23 71 69
88 56 3 49 55 32 59 74 86 6 33 78 15 44 38 55 81 8 21 49 6 79 46 26 15 91 35 65 54 72 67 28 91 5 10 70 89 51 3 65 36 17 8 88 43 50 60 49 73 66
80 65 95 86 56 58 18 57 16 27 67 64 26 8 82 9 6 47 53 70 69 56 5 71 92 50 84 49 70 93 29 3 82 85 12 39 39 90 88 88 65 80 54 87 23 62 54 13 78 90
80 2 2 95 15 65 23 18 33 72 29 43 23 43 90 10 43 15 31 36 63 36 23 59 32 87 8 22 62 57 92 3 44 44 40 11 95 41 62 23 98 53 9 74 79 36 84 33 66 64
42 12 58 40 2 66 5 67 77 56 4 78 5 79 30 10 11 56 96 77 57 61 58 13 88 53 39 9 72 20 53 67 35 37 24 70 96 8 46 19 46 19 82 77 37 43 9 2 84 13
87 11 64 49 22 78 73 23 40 22 67 68 53 41 40 31 33 83 60 12 23 47 47 48 46 25 45 32 76 12 2 60 61 84 23 97 44 68 46 73 27 74 33 29 76 59 38 69 94 11
84 8 15 71 8 89 82 56 79 67 81 83 57 26 61 60 98 43 62 20 20 98 18 4 34 94 93 87 23 54 48 13 55 27 79 52 66 14 27 8 68 70 76 31 75 95 4 70 69 35
14 76 60 71 7 52 83 81 84 47 9 26 38 64 15 67 15 33 21 98 87 71 83 43 86 23 27 81 91 63 59 38 77 28 21 54 31 34 3 26 12 65 28 25 37 38 3 19 85 87
64 4 57 59 92 87 14 51 42 12 76 13 83 1 63 46 29 21 56 81 21 99 36 56 38 9 4 10 9 14 32 22 21 95 80 35 76 76 5 13 14 6 52 41 7 30 62 89 10 34
57 76 52 99 60 88 47 49 7 63 91 4 60 45 39 16 50 31 30 59 24 56 75 69 62 77 9 40 77 87 52 43 67 37 78 9 78 69 16 49 76 83 93 5 72 94 9 16 23 78
40 4 83 69 7 12 94 63 77 37 92 66 57 97 48 75 50 40 4 33 50 28 70 19 56 91 53 1 71 47 5 61 20 58 84 49 70 83 60 51 50 51 73 12 52 40 12 47 10 74
73 88 65 77 52 70 12 57 11 20 63 85 67 65 79 3 53 85 95 57 94 10 71 8 19 18 51 1 33 17 18 52 29 41 95 26 10 55 1 41 73 82 22 14 35 5 1 47 38 61
47 98 28 11 14 85 67 91 77 85 43 90 7 68 16 86 56 19 13 82 7 58 54 2 34 42 62 24 12 88 69 32 36 1 28 11 63 35 42 78 31 10 80 43 55 76 25 41 50 91
93 24 65 31 34 35 36 22 44 29 46 93 46 20 22 35 63 9 48 90 22 40 23 63 76 64 13 43 58 74 80 42 98 77 84 22 53 52 10 79 87 81 36 50 59 96 8 43 81 94
30 75 67 87 57 4 18 67 95 94 19 25 30 5 65 67 83 98 83 59 71 28 74 70 18 90 82 75 44 89 48 49 45 46 16 2 99 89 42 18 67 39 9 38 45 90 85 67 41 71
50 10 64 99 21 95 3 67 67 35 43 34 88 67 47 47 84 99 88 83 45 94 12 21 7 1 18 30 18 83 36 71 74 51 98 36 18 50 38 58 46 78 94 18 95 69 82 17 74 92
38 34 7 22 20 37 8 61 78 38 25 74 22 84 72 51 36 12 50 59 79 81 25 83 9 22 22 34 17 60 72 1 56 27 60 55 54 45 10 19 55 14 30 27 89 4 93 57 99 60
25 36 5 25 89 24 50 42 90 21 16 49 28 46 33 76 63 60 82 17 75 59 46 75 76 54 5 56 18 63 6 68 79 5 13 54 73 61 85 25 76 30 55 53 63 62 90 54 85 63
72 26 83 84 10 6 26 6 19 6 37 12 76 91 17 79 60 17 20 78 55 55 74 26 83 60 63 39 77 19 71 73 44 14 35 44 86 10 21 51 58 23 8 16 11 74 54 24 95 77
32 64 70 22 40 91 19 16 15 45 89 35 41 51 9 81 28 59 75 67 95 68 1 73 74 1 21 56 37 83 91 34 98 71 76 17 30 57 61 9 75 95 2 92 56 49 85 8 5 7
34 55 18 60 98 15 63 48 41 26 37 28 17 24 34 46 93 76 92 92 31 61 98 16 85 29 76 6 25 91 58 1 11 18 49 34 89 71 72 1 14 15 26 16 56 19 97 99 5 29
89 38 31 85 58 95 74 86 23 86 47 99 73 64 31 15 29 96 52 14 11 51 27 62 96 92 3 57 64 39 94 39 68 85 51 53 3 45 26 76 52 9 90 63 57 58 81 71 74 86
52 13 74 5 84 6 10 96 61 8 74 66 35 21 88 81 35 8 70 17 64 26 20 45 33 29 67 93 8 62 57 11 57 69 13 23 29 18 33 60 23 81 43 30 51 21 64 34 26 41
94 91 4 64 20 10 11 2 35 89 6 55 7 92 5 40 85 61 25 2 23 46 14 86 80 19 56 23 1 47 35 71 21 10 20 61 35 4 33 25 70 86 54 36 90 54 95 28 17 84
28 98 29 50 59 23 12 5 6 16 76 57 20 10 67 23 63 82 78 52 18 85 81 76 23 27 58 1 36 13 54 2 51 40 24 91 45 43 69 33 63 69 89 90 72 53 18 86 58 95
34 73 5 56 62 63 32 96 60 87 35 37 68 4 54 67 3 75 61 20 49 67 60 62 36 72 56 58 7 41 93 90 16 39 56 11 46 22 99 76 84 50 72 85 43 83 74 15 22 42
16 58 17 14 97 36 50 64 47 35 78 82 15 84 41 29 31 47 90 80 51 42 87 42 74 93 47 60 92 99 54 38 80 42 56 72 83 23 56 93 41 19 30 40 25 43 37 75 21 25
47 98 46 68 95 24 37 65 71 27 63 46 27 66 17 28 29 47 7 60 74 56 85 90 63 9 32 41 76 66 20 19 96 50 75 40 56 51 75 69 80 63 8 11 60 99 23 68 19 61
48 68 67 87 25 80 32 55 67 97 45 42 64 75 70 14 72 81 59 39 15 57 93 60 53 86 92 30 40 24 42 88 93 65 14 93 13 42 67 84 31 95 14 4 14 47 8 59 91 18
56 20 39 43 54 82 50 62 92 24 58 98 12 20 61 17 91 3 7 27 58 78 63 24 91 70 46 44 41 67 66 74 13 10 56 52 24 92 34 64 27 24 63 71 60 48 89 54 89 19
15 1 35 39 96 65 63 47 67 87 66 95 26 25 61 97 56 81 76 10 83 5 95 77 73 77 61 91 7 21 57 95 43 12 91 69 52 31 54 86 91 40 50 62 32 43 44 28 58 22
8 31 34 72 24 22 96 44 27 77 85 79 70 43 32 36 61 21 3 97 13 84 54 88 62 76 27 60 40 70 33 72 23 76 96 35 30 86 99 58 60 70 58 89 77 23 92 80 47 34
84 33 63 39 13 32 71 29 75 85 50 51 93 67 57 68 40 20 8 3 79 77 52 41 81 58 29 23 15 86 22 35 23 27 46 7 41 53 74 49 44 13 52 42 79 16 94 42 24 64
9 22 69 99 23 2 69 75 49 61 55 62 25 71 27 39 79 84 80 34 74 69 41 36 13 51 15 65 22 69 16 31 68 1 48 44 31 11 48 27 27 85 43 37 26 12 71 3 49 48
5 53 61 50 2 13 80 8 46 55 42 8 66 36 16 82 64 87 50 28 76 24 34 83 47 21 39 28 63 9 81 93 47 80 63 43 84 31 41 52 9 69 42 78 95 8 14 42 69 25
71 82 19 55 65 43 11 97 46 82 44 29 3 96 31 29 16 77 81 29 8 96 34 87 80 63 30 13 28 98 96 29 93 99 26 34 38 28 31 11 81 63 27 69 53 50 33 80 73 87
12 37 57 4 98 79 68 70 7 99 7 47 33 10 49 74 83 41 8 85 60 37 80 56 87 21 10 6 31 82 31 57 42 87 6 20 22 29 59 79 27 96 16 16 79 95 93 25 77 9
43 10 32 64 95 58 44 77 74 90 71 32 80 8 79 6 37 33 69 74 60 57 58 79 97 28 74 26 51 26 19 76 8 72 43 41 71 83 30 45 87 20 63 67 88 30 93 11 28 67
41 66 70 16 19 44 77 38 4 94 6 98 21 85 67 12 31 2 27 91 54 69 37 29 21 99 46 5 50 34 53 53 68 70 83 91 14 71 76 67 66 7 24 57 30 24 22 70 12 63
33 10 2 12 33 90 18 95 97 39 21 98 52 45 39 65 26 16 81 15 7 42 27 59 36 59 56 30 51 73 52 59 71 53 80 70 36 77 73 8 46 17 82 95 72 66 29 58 91 23
32 7 50 12 86 51 61 38 16 75 81 56 14 13 88 74 28 80 41 47 80 71 21 15 62 21 32 76 68 13 68 7 50 82 99 90 34 90 49 46 44 67 23 83 61 97 19 60 1 64
78 97 97 66 57 79 40 33 95 66 94 74 33 62 98 9 71 37 92 20 29 13 87 1 66 17 34 51 30 19 94 24 41 95 33 18 69 58 96 77 85 98 28 5 92 29 88 41 71 51
50 65 54 18 6 29 80 12 20 25 19 63 27 76 12 63 7 25 62 16 45 48 75 15 23 4 12 61 22 76 50 77 62 10 69 70 66 8 14 89 34 51 59 8 66 14 81 59 62 31
35 45 54 10 28 94 76 81 2 92 30 79 37 23 61 83 9 23 72 6 39 87 72 88 97 14 72 12 57 75 54 45 94 94 87 2 42 45 41 73 47 72 16 54 6 77 21 88 45 21
43 37 19 48 92 47 54 55 42 60 46 21 19 15 49 49 74 14 34 42 41 62 68 10 65 83 49 1 24 55 17 26 53 35 80 7 53 92 95 93 10 52 86 94 78 9 34 12 87 73
20 74 8 16 73 56 91 28 68 82 10 97 73 99 46 14 70 60 94 39 10 41 66 15 32 14 35 90 21 9 65 87 33 58 89 12 85 39 3 68 66 22 13 26 86 6 41 12 11 94
21 63 51 31 30 40 22 20 77 76 56 39 5 89 68 3 79 99 76 77 3 34 41 40 12 87 65 80 13 8 9 52 43 85 24 46 25 28 44 59 31 66 42 7 72 43 13 79 25 28
42 55 64 75 35 49 1 92 29 24 14 32 78 53 44 32 77 43 17 82 54 84 23 65 67 91 55 30 32 74 14 54 47 98 1 79 18 72 63 27 76 62 10 36 86 95 24 80 94 34
35 47 60 37 70 46 30 37 88 35 81 24 82 4 99 88 62 70 7 85 34 57 95 39 12 85 82 50 76 64 58 15 98 75 3 27 95 44 41 3 17 34 32 92 62 54 42 47 67 94
65 98 72 15 46 8 96 56 33 49 27 49 39 39 87 61 28 86 24 91 72 50 58 38 92 57 10 89 73 92 15 95 68 26 45 55 28 3 8 16 19 48 60 22 49 40 20 27 97 67
84 51 90 72 39 24 24 88 92 68 37 9 3 16 37 52 1 80 69 17 11 43 20 4 29 51 76 22 73 35 54 68 38 57 46 71 98 58 31 87 21 67 20 66 37 63 5 37 86 61
64 38 43 15 22 3 33 99 19 51 57 5 68 91 96 67 23 8 62 3 37 35 23 30 15 33 45 36 21 29 81 55 96 36 75 83 28 24 30 27 85 58 10 84 79 33 73 91 62 30
69 75 3 16 91 94 86 39 72 9 68 64 56 86 31 27 87 4 12 51 64 11 57 55 82 93 78 46 41 44 56 85 43 64 26 29 3 57 84 90 34 89 12 26 90 6 79 9 14 20
85 95 72 44 30 48 15 72 46 2 29 16 51 52 16 40 66 46 34 51 76 97 1 84 99 63 61 46 74 12 79 45 61 32 29 13 35 15 19 67 7 41 29 22 63 31 88 4 68 24
37 90 7 79 57 93 93 53 63 34 52 96 59 30 89 52 11 85 18 62 72 49 68 45 48 67 66 24 80 45 3 91 60 20 60 4 90 87 13 77 32 50 29 15 30 49 56 59 2 31
77 67 30 57 20 92 67 51 34 84 58 19 41 33 12 91 55 13 56 78 18 5 65 55 35 59 71 85 11 10 81 7 6 83 3 74 54 52 30 12 99 65 15 55 95 13 86 73 43 81
4 4 98 5 7 36 13 48 89 33 6 13 21 79 19 36 36 30 3 50 74 47 99 98 59 5 97 86 98 92 20 86 14 54 59 63 73 18 28 20 24 20 14 76 9 80 87 74 41 27
27 92 22 7 56 34 98 98 97 44 84 71 61 75 72 70 67 31 21 42 10 26 94 77 1 43 90 55 18 24 80 45 7 86 33 86 5 74 42 57 91 84 41 52 84 37 74 55 51 20
79 91 15 51 54 14 39 69 49 39 86 90 37 78 2 53 50 8 97 74 70 48 41 2 23 3 43 57 38 70 43 91 93 35 81 92 94 25 76 39 82 97 19 13 5 27 62 17 78 52
41 96 91 77 60 57 19 84 2 39 61 24 31 28 73 42 76 57 58 34 88 35 23 3 8 98 21 10 12 44 71 84 20 25 83 42 12 67 12 19 15 68 75 24 53 99 91 51 51 16
32 14 73 26 67 35 86 26 83 93 56 69 75 50 15 10 14 28 74 51 58 8 70 78 25 48 8 38 8 4 18 54 52 1 74 99 28 27 88 2 77 87 28 80 65 49 75 19 69 82
53 13 79 90 28 18 18 58 13 81 65 68 44 75 68 96 49 51 20 90 43 78 37 77 56 72 69 6 29 68 65 26 87 99 30 58 38 74 2 33 50 88 69 48 4 1 35 84 5 64
5 91 84 35 80 93 71 59 72 35 11 28 10 65 51 99 2 66 9 31 69 78 48 91 20 38 68 6 78 1 87 10 17 3 80 73 40 14 29 75 37 57 16 14 84 80 60 32 98 43
64 25 56 3 33 86 15 51 95 86 30 56 72 77 22 79 20 6 87 19 44 39 86 35 86 61 79 25 95 70 46 78 33 3 4 37 92 28 47 32 89 20 68 36 76 84 9 22 63 7
6 94 87 6 53 22 28 78 10 65 92 16 30 50 23 36 30 30 42 22 27 54 19 21 69 35 52 19 32 76 92 73 86 94 51 34 6 77 33 68 66 29 63 47 87 80 15 51 42 11
1 18 49 20 67 53 66 73 37 59 93 95 69 92 35 52 65 23 84 88 77 67 89 22 36 12 23 33 46 87 97 60 30 65 5 43 14 80 77 33 52 80 34 43 36 95 47 27 62 30
11 1 45 42 31 85 43 88 38 26 56 65 8 23 38 9 45 69 29 58 38 87 57 36 6 96 58 82 56 6 6 94 1 2 26 97 98 63 67 24 17 2 64 91 10 2 89 34 26 73
14 59 90 66 23 19 2 91 40 43 2 57 4 66 99 92 30 37 10 78 53 54 47 41 87 96 22 13 29 45 79 76 96 2 67 50 54 78 35 86 36 84 77 78 54 36 72 74 47 54
68 72 90 13 80 27 3 32 86 28 9 11 48 50 59 77 56 35 20 5 94 93 48 73 58 7 97 36 56 41 37 18 85 47 69 53 9 79 15 70 35 22 9 48 60 87 40 18 82 50
31 25 72 4 40 29 71 93 76 88 58 60 44 84 64 73 97 85 66 15 97 64 75 23 80 16 13 18 72 36 8 39 91 59 46 60 77 70 14 7 74 78 53 75 29 55 35 21 39 30
10 66 91 82 9 66 63 82 14 99 19 65 20 23 44 52 55 77 12 99 50 38 44 47 59 14 59 49 93 93 77 65 26 6 76 5 70 26 71 11 96 44 27 67 44 88 32 43 82 73
61 29 99 6 47 76 30 4 37 50 94 38 57 27 20 39 18 42 45 45 96 70 72 6 1 33 40 59 88 28 39 78 36 17 71 58 74 52 67 99 90 38 31 93 72 29 31 77 5 36
29 41 51 30 38 42 87 70 47 35 34 52 32 1 55 45 44 29 1 98 12 93 75 55 71 8 55 94 64 75 23 25 60 61 18 19 53 25 18 23 17 97 20 83 77 45 61 17 71 51
69 53 92 60 22 94 49 2 89 14 68 89 66 52 89 57 99 19 32 92 19 16 92 16 80 98 74 25 68 65 87 50 2 87 53 51 40 88 2 77 59 57 49 53 58 80 69 12 15 56
90 25 4 85 62 71 39 71 38 75 40 97 46 80 71 26 6 88 78 69 68 39 59 51 70 64 33 33 32 37 85 48 96 23 8 31 41 88 44 12 85 5 64 53 58 77 17 99 67 69
43 79 7 75 37 71 32 58 10 52 14 71 66 39 70 51 4 21 55 79 38 9 12 16 10 7 34 14 1 89 40 52 8 17 16 32 25 33 15 60 91 51 79 28 17 35 23 53 63 38
75 44 10 74 72 30 96 61 23 7 83 89 7 40 79 77 22 13 74 35 40 9 41 98 67 92 90 22 92 49 13 17 89 94 50 68 97 81 77 63 8 37 33 71 84 50 58 83 14 76
69 71 84 65 75 22 19 90 50 42 49 31 10 39 70 61 43 32 16 22 35 89 86 64 39 99 61 21 11 97 38 49 13 29 30 39 43 20 19 33 73 88 71 41 3 75 53 61 82 12
53 87 28 37 63 98 6 55 51 99 39 60 53 24 7 20 29 3 97 16 11 22 54 67 84 65 67 37 59 93 97 2 99 9 91 97 57 5 15 8 69 7 20 18 16 1 4 52 89 67
15 5 61 3 24 42 94 51 23 27 47 1 61 75 72 23 81 83 58 29 21 97 46 59 14 35 42 60 90 91 49 93 53 27 90 39 81 81 63 79 53 17 37 48 40 59 41 68 31 68
48 50 42 42 1 48 10 23 4 50 82 48 19 40 61 15 15 48 30 39 14 53 60 3 43 96 7 97 67 75 28 5 61 35 60 67 88 39 95 81 83 45 43 20 57 59 94 36 23 62
59 46 97 62 96 47 99 88 27 16 70 4 98 75 94 98 46 42 28 44 34 6 39 10 51 42 55 27 28 26 44 1 61 23 92 79 57 12 62 43 71 78 84 50 15 44 89 77 90 11
90 21 10 41 89 52 52 24 90 43 78 65 9 49 29 95 12 32 5 80 15 5 5 31 42 24 7 13 14 54 79 55 98 6 87 5 30 42 76 7 4 68 25 37 96 26 17 11 8 99
27 60 49 57 65 20 41 47 49 97 60 65 48 40 61 27 88 33 22 73 38 23 97 26 53 21 82 30 6 20 5 63 21 8 48 32 69 6 98 74 92 41 63 32 93 74 87 72 4 71
32 19 28 31 28 38 52 58 39 78 27 64 67 47 73 71 42 20 19 91 44 7 50 5 65 1 70 74 28 32 53 35 41 24 36 36 7 26 91 29 74 70 51 32 15 2 87 92 2 70
64 78 99 78 71 60 58 89 58 9 87 37 78 7 2 79 15 1 41 58 5 47 19 3 25 29 17 86 97 65 69 74 53 12 4 33 98 74 9 58 75 74 30 28 82 41 35 56 57 72
77 62 10 78 48 2 95 48 9 71 3 67 6 42 82 35 28 89 90 65 92 58 66 89 58 56 61 12 48 44 66 31 23 84 58 77 40 74 4 24 11 33 77 99 65 24 12 88 94 62
38 6 94 13 6 3 74 68 74 14 46 59 50 5 66 36 59 37 13 43 69 77 52 3 14 19 1 42 30 9 51 49 67 81 48 78 98 19 42 38 39 62 28 63 81 28 74 94 86 28
69 96 89 31 11 38 36 6 3 90 70 69 40 2 20 45 91 86 29 78 71 43 99 78 42 78 53 8 32 73 64 30 24 41 16 56 83 34 73 78 50 40 35 75 99 22 22 89 67 17
47 9 98 15 70 12 48 24 89 21 12 61 93 74 94 96 2 1 88 40 24 76 78 65 99 85 15 95 83 3 5 25 39 94 84 82 92 14 71 93 24 70 31 20 76 96 85 67 10 10
20 9 63 93 77 66 22 95 63 3 14 20 24 74 63 48 2 31 3 36 81 9 11 2 38 19 95 77 53 59 61 79 22 60 89 74 16 85 84 44 98 17 73 10 54 53 99 18 85 57
88 3 86 58 13 2 62 84 10 36 66 96 94 60 62 53 15 89 63 58 33 65 62 3 17 10 14 69 41 92 72 21 37 48 90 91 99 88 34 2 47 71 40 85 53 79 55 55 67 77
55 70 38 77 20 97 5 93 17 44 70 6 71 91 86 29 54 25 75 68 30 14 49 65 77 82 37 18 48 98 75 69 82 31 79 47 34 70 94 74 63 52 15 4 98 73 71 83 71 60
69 42 97 67 64 72 66 43 10 52 19 18 68 60 80 5 13 60 11 61 83 22 72 17 15 40 21 45 76 44 95 69 75 50 74 12 40 81 96 88 73 37 48 57 64 97 98 16 10 42
56 55 39 33 25 70 97 41 54 90 92 32 40 13 51 52 16 83 63 94 21 62 79 39 16 1 81 28 24 78 6 7 14 78 82 34 33 81 57 22 18 11 88 88 98 96 81 77 32 92
12 86 13 37 29 8 85 74 28 26 62 86 25 78 89 40 39 33 75 3 5 75 72 96 75 3 3 27 64 80 40 58 23 57 53 85 1 28 5 42 84 41 84 42 74 3 63 87 97 67
92 78 13 84 32 37 30 1 53 64 92 3 15 10 98 92 37 43 61 89 47 21 26 34 35 82 26 15 70 95 59 92 62 39 46 76 50 17 24 47 75 23 8 37 65 74 91 55 64 38
33 88 66 33 94 92 34 21 19 76 4 8 8 60 60 26 14 52 32 96 3 51 51 59 65 81 14 34 74 26 77 61 10 32 25 27 69 46 16 81 58 43 40 2 20 57 23 79 43 96
67 99 88 13 36 66 56 57 10 84 21 60 31 33 98 95 5 17 39 30 94 66 98 9 97 68 49 77 53 44 55 11 76 7 21 24 25 1 9 40 75 41 99 66 37 59 16 86 53 9
14 22 78 98 17 25 52 29 90 71 56 68 69 22 20 43 27 69 58 7 96 20 57 33 13 22 76 56 42 8 60 36 84 49 58 16 92 76 32 51 10 24 17 86 98 2 35 33 31 15
5 76 48 83 65 48 71 77 15 45 64 40 34 47 88 81 59 32 25 94 73 49 27 32 93 74 63 49 1 8 5 63 13 11 16 83 81 89 33 17 18 62 24 67 20 93 77 98 71 58
84 34 89 42 76 12 39 79 73 67 56 20 63 13 57 41 37 67 15 46 30 54 61 14 27 17 47 64 85 15 50 67 97 19 37 97 51 42 30 56 82 55 1 98 57 54 46 2 19 84
71 13 72 78 86 11 4 61 40 15 75 10 77 2 23 88 53 49 55 45 10 41 95 6 50 62 50 76 52 56 6 91 67 18 67 60 69 75 82 30 57 73 88 24 33 95 97 92 94 68
3 76 99 10 18 36 85 21 46 75 89 28 12 89 89 47 80 67 88 13 40 37 75 75 40 36 40 69 76 41 93 8 13 73 4 17 83 73 20 92 99 95 95 30 95 26 35 67 39 11
3 81 29 64 61 3 15 15 46 62 43 93 5 55 94 49 73 75 72 22 29 95 85 78 61 36 25 9 50 49 44 15 20 84 29 16 45 50 18 74 55 3 24 68 23 62 31 1 27 55
63 96 15 16 25 91 62 72 2 93 2 19 61 67 19 40 31 14 3 32 55 59 28 87 3 43 60 72 16 87 69 2 33 47 63 67 20 28 33 65 96 49 59 96 84 33 68 5 90 40
49 16 31 78 15 86 65 14 50 48 3 96 9 96 51 28 20 5 19 4 26 50 82 1 19 86 63 79 77 46 86 34 97 95 72 58 7 99 94 46 73 17 74 8 28 61 74 14 31 90
6 94 67 5 37 43 50 75 10 96 30 2 22 68 76 55 91 79 46 49 78 40 88 27 71 11 64 56 55 52 3 89 76 46 31 73 11 47 38 36 29 33 96 44 62 53 16 62 22 5
25 29 36 27 74 71 22 22 68 17 57 97 26 13 12 25 73 81 25 53 20 11 87 53 75 64 90 83 37 92 28 29 76 14 51 56 54 63 5 69 1 69 28 87 70 11 42 92 60 59
20 56 55 5 18 69 55 42 67 49 10 22 78 34 98 72 63 35 54 31 6 34 3 1 94 90 71 18 98 37 71 14 17 41 27 78 58 23 87 46 97 94 52 46 27 58 30 14 20 14
48 47 44 15 13 79 86 75 65 50 29 73 5 97 33 3 36 56 71 86 93 86 79 22 57 87 21 41 55 54 83 59 30 3 59 87 52 77 38 62 84 44 52 82 44 7 16 89 25 57
10 5 42 35 64 22 91 86 1 36 74 41 52 79 16 34 38 6 96 21 19 99 43 92 93 38 21 83 94 54 1 57 26 49 61 53 42 54 85 2 37 3 87 70 58 80 81 72 45 92
99 31 93 54 10 87 15 65 84 63 14 3 7 54 46 86 57 55 51 68 86 99 21 78 65 66 44 18 66 12 58 7 78 58 59 50 45 85 94 83 97 49 85 3 12 56 35 80 97 43
93 94 34 46 93 34 16 39 61 61 43 78 62 33 80 88 95 67 73 45 29 57 33 54 75 75 42 85 74 79 63 74 72 68 39 61 60 50 66 14 40 85 10 72 88 60 1 2 48 73
93 19 96 92 45 77 8 75 52 44 56 50 91 91 83 73 30 41 60 93 40 79 89 17 10 92 98 62 93 87 24 95 45 68 69 16 48 36 6 29 82 4 74 92 74 84 95 39 95 45

Demandas:
0 0 1 0 0 0 0
0 0 1 0 0 0 0
0 0 0 0 0 1 0
0 0 0 0 0 1 0
0 0 0 0 1 0 0
0 0 0 1 0 0 0
1 0 0 0 0 0 0
0 0 0 0 1 0 0
0 0 0 0 0 0 1
0 0 0 0 1 0 0
0 0 1 0 0 0 0
0 0 0 0 1 0 0
0 0 0 0 1 0 0
0 0 0 0 1 0 0
0 1 0 0 0 0 0
0 0 0 0 0 1 0
1 0 0 0 0 0 0
0 0 1 0 0 0 0
0 0 1 0 0 0 0
0 0 0 0 1 0 0
0 1 0 0 0 0 0
1 0 0 0 0 0 0
0 0 0 0 1 0 0
0 0 0 0 1 0 0
0 1 0 0 0 0 0
0 0 0 0 1 0 0
0 0 0 0 1 0 0
0 0 1 0 0 0 0
0 1 0 0 0 0 0
0 0 0 0 0 1 0
0 1 0 0 0 0 0
0 1 0 0 0 0 0
0 0 0 0 0 1 0
0 0 0 0 1 0 0
0 0 0 0 0 0 1
0 0 1 0 0 0 0
0 1 0 0 0 0 0
0 0 0 0 0 1 0
0 1 0 0 0 0 0
0 0 0 0 0 1 0
1 0 0 0 0 0 0
0 0 1 0 0 0 0
0 0 0 0 0 1 0
0 0 1 0 0 0 0
0 0 0 1 0 0 0
1 0 0 0 0 0 0
1 0 0 0 0 0 0
0 0 0 0 1 0 0
0 0 1 0 0 0 0
0 0 0 0 0 1 0
1 0 0 0 0 0 0
0 0 0 1 0 0 0
0 0 0 0 1 0 0
0 0 0 0 1 0 0
1 0 0 0 0 0 0
1 0 0 0 0 0 0
0 1 0 0 0 0 0
0 0 0 0 0 1 0
0 0 0 0 1 0 0
0 0 0 0 1 0 0
0 0 0 1 0 0 0
0 0 0 0 0 0 1
1 0 0 0 0 0 0
0 0 0 0 0 1 0
0 0 0 0 1 0 0
0 1 0 0 0 0 0
0 0 1 0 0 0 0
0 0 0 0 0 0 1
0 0 0 1 0 0 0
0 1 0 0 0 0 0
0 0 0 1 0 0 0
0 0 0 0 0 0 1
1 0 0 0 0 0 0
0 0 0 0 0 1 0
0 0 0 0 0 0 1
0 0 1 0 0 0 0
0 0 1 0 0 0 0
0 0 0 1 0 0 0
0 1 0 0 0 0 0
0 0 0 0 1 0 0
0 1 0 0 0 0 0
0 0 0 0 1 0 0
0 0 0 0 0 0 1
0 0 0 0 1 0 0
0 0 0 0 1 0 0
0 0 0 0 0 1 0
0 0 0 0 1 0 0
0 0 1 0 0 0 0
0 0 0 0 0 0 1
0 0 0 1 0 0 0
0 0 0 0 1 0 0
0 1 0 0 0 0 0
0 0 0 1 0 0 0
0 1 0 0 0 0 0
0 0 0 0 0 0 1
0 0 1 0 0 0 0
0 0 0 0 1 0 0
0 0 0 0 1 0 0
1 0 0 0 0 0 0
0 0 0 1 0 0 0
0 0 0 0 0 1 0
0 0 0 0 0 0 1
0 0 0 0 1 0 0
0 0 0 0 0 1 0
0 0 1 0 0 0 0
0 0 0 0 1 0 0
1 0 0 0 0 0 0
0 0 0 1 0 0 0
0 0 0 0 0 0 1
0 0 0 0 0 1 0
0 0 0 0 0 0 1
0 0 0 0 0 0 1
0 0 0 1 0 0 0
0 1 0 0 0 0 0
0 0 0 0 0 1 0
0 1 0 0 0 0 0
0 0 1 0 0 0 0
0 0 0 0 0 0 1
0 1 0 0 0 0 0
0 0 0 0 1 0 0
1 0 0 0 0 0 0
0 1 0 0 0 0 0
0 0 0 0 1 0 0
0 1 0 0 0 0 0
0 0 0 1 0 0 0
1 0 0 0 0 0 0
0 0 1 0 0 0 0
0 0 0 0 0 0 1
0 0 0 0 1 0 0
0 0 1 0 0 0 0
0 0 1 0 0 0 0
1 0 0 0 0 0 0
1 0 0 0 0 0 0
0 0 0 0 0 1 0
1 0 0 0 0 0 0
0 0 1 0 0 0 0
0 0 0 1 0 0 0
0 1 0 0 0 0 0
0 0 1 0 0 0 0
0 0 0 0 0 1 0
0 0 0 0 0 0 1
0 0 0 0 0 0 1
0 0 0 0 0 0 1
0 0 0 0 0 0 1
1 0 0 0 0 0 0
0 0 0 1 0 0 0
0 0 0 0 0 0 1
0 0 1 0 0 0 0
0 0 0 0 0 1 0
0 0 1 0 0 0 0
0 0 1 0 0 0 0
1 0 0 0 0 0 0
0 0 0 0 1 0 0
0 0 0 1 0 0 0
0 0 0 0 0 1 0
0 0 0 0 0 1 0
0 0 0 0 1 0 0
0 0 0 1 0 0 0
0 0 0 1 0 0 0
0 0 0 0 1 0 0
0 1 0 0 0 0 0
0 0 0 0 0 1 0
0 0 0 0 1 0 0
0 1 0 0 0 0 0
0 0 1 0 0 0 0
0 0 0 0 0 0 1
0 0 0 0 0 0 1
0 0 0 0 1 0 0
0 1 0 0 0 0 0
0 0 0 0 0 0 1
0 0 0 1 0 0 0
0 0 1 0 0 0 0
1 0 0 0 0 0 0
0 0 0 0 1 0 0
1 0 0 0 0 0 0
0 1 0 0 0 0 0
1 0 0 0 0 0 0
0 0 0 1 0 0 0
0 0 0 0 1 0 0
0 1 0 0 0 0 0
0 0 0 0 0 0 1
0 0 0 0 0 0 1
1 0 0 0 0 0 0
0 0 0 0 0 1 0
0 0 0 0 0 0 1
0 0 1 0 0 0 0
0 1 0 0 0 0 0
0 0 0 1 0 0 0
0 0 1 0 0 0 0
0 0 0 0 1 0 0
0 1 0 0 0 0 0
0 0 0 0 1 0 0
0 0 0 0 0 1 0
0 0 1 0 0 0 0
0 1 0 0 0 0 0
0 0 0 0 1 0 0
1 0 0 0 0 0 0
0 0 0 0 0 0 1
0 0 0 0 0 1 0
0 1 0 0 0 0 0
0 0 0 0 0 1 0
0 0 0 0 0 0 1
0 1 0 0 0 0 0
0 0 0 0 0 0 1
1 0 0 0 0 0 0
0 0 1 0 0 0 0
0 0 0 0 0 0 1
0 0 0 0 1 0 0
0 0 0 0 1 0 0
0 0 0 0 0 0 1
0 0 0 0 0 0 1
0 0 0 1 0 0 0
0 0 0 0 0 0 1
0 0 0 0 0 1 0
0 0 1 0 0 0 0
0 0 0 0 0 0 1
0 0 1 0 0 0 0
0 0 0 0 0 0 1
0 1 0 0 0 0 0
0 0 0 0 1 0 0
0 0 0 0 0 1 0
0 1 0 0 0 0 0
0 1 0 0 0 0 0
1 0 0 0 0 0 0
0 0 0 1 0 0 0
1 0 0 0 0 0 0
0 0 1 0 0 0 0
0 0 0 1 0 0 0
1 0 0 0 0 0 0
0 1 0 0 0 0 0
0 1 0 0 0 0 0
1 0 0 0 0 0 0
1 0 0 0 0 0 0
0 0 1 0 0 0 0
0 0 0 0 0 0 1
0 0 0 1 0 0 0
1 0 0 0 0 0 0
0 1 0 0 0 0 0
0 0 0 1 0 0 0
0 0 0 0 1 0 0
0 0 0 1 0 0 0
1 0 0 0 0 0 0
0 0 0 0 0 0 1
0 0 1 0 0 0 0
0 1 0 0 0 0 0
0 0 0 0 1 0 0
0 0 0 0 1 0 0
0 0 0 0 1 0 0
0 0 0 1 0 0 0
0 0 0 1 0 0 0

Capacidades:
4 4 1 1 2 1 0
4 4 1 1 2 1 4
3 3 4 1 3 0 2
2 1 4 1 3 1 4
2 3 2 0 2 1 0
2 1 3 1 2 1 0
0 3 3 4 4 3 1
1 1 4 1 0 0 3
2 1 0 2 0 3 2
4 1 1 3 1 0 0
1 3 4 3 0 1 2
4 2 4 0 2 2 2
4 0 2 2 4 2 3
1 0 4 4 2 0 2
2 2 2 3 4 3 0
3 2 4 0 4 3 4
4 2 2 0 4 4 1
4 0 1 4 4 1 3
4 1 3 1 1 4 2
3 2 0 2 0 4 0
0 3 0 1 0 3 0
1 1 1 2 4 0 2
1 3 1 2 1 2 4
0 4 0 2 1 4 4
0 0 1 1 3 0 0
1 3 1 1 4 2 0
0 3 1 4 4 4 1
1 3 0 2 1 0 4
0 3 4 2 2 4 1
1 4 2 0 1 1 1
0 0 2 1 4 0 4
1 1 1 1 3 4 4
1 4 4 4 2 1 0
3 4 4 4 1 3 0
4 1 0 0 4 3 2
4 4 4 3 4 4 1
3 3 0 2 0 4 3
1 1 4 3 4 2 3
3 3 4 1 3 3 0
2 4 2 3 2 1 4
1 2 0 4 4 2 0
2 2 1 1 1 1 4
0 3 4 2 4 1 2
1 3 3 1 2 3 2
2 2 4 4 2 1 2
4 1 2 1 3 4 3
1 0 1 2 4 4 2
3 3 1 0 2 0 0
0 3 3 2 4 0 3
3 3 2 2 3 2 4
