m: 100
n: 20
k: 7

Distancias:
60 55 5 57 40 12 57 97 24 89 19 24 10 38 18 2 79 71 29 58
7 55 89 6 58 40 13 75 11 34 50 71 11 11 65 71 12 38 97 29
27 70 45 65 6 52 81 69 23 63 95 53 30 17 81 44 19 66 82 95
15 64 11 27 82 40 68 66 9 84 42 5 94 47 55 86 76 49 78 71
43 13 19 39 69 92 7 94 13 59 55 92 40 85 82 69 32 49 92 1
35 77 91 87 7 70 91 12 24 85 46 76 28 80 13 1 9 52 49 96
93 39 51 24 3 17 42 4 92 41 73 95 4 35 84 7 7 11 54 94
14 83 49 9 17 89 22 72 44 7 2 33 74 68 24 59 93 72 82 57
73 17 7 14 42 43 31 82 24 5 50 23 48 96 74 58 64 52 61 44
92 98 26 46 41 83 60 26 90 4 69 30 15 86 7 71 64 11 37 39
89 76 40 19 77 92 56 91 54 8 25 56 27 28 98 78 98 20 29 68
28 35 72 58 87 18 18 83 7 49 45 7 68 73 98 30 5 99 97 11
85 52 8 65 17 70 43 97 40 19 99 71 42 32 70 36 84 41 96 38
81 14 18 53 43 10 41 33 24 93 5 70 7 15 76 76 75 58 14 15
76 43 86 17 63 38 32 50 77 68 91 10 14 45 76 70 51 71 73 77
39 55 59 48 13 18 11 80 62 69 38 71 7 51 98 78 73 80 76 41
80 71 34 90 85 2 92 77 97 16 77 22 91 68 41 75 51 72 50 12
82 46 40 47 43 64 57 22 56 34 85 91 98 38 73 59 75 45 3 8
98 6 81 98 37 39 53 27 11 63 15 17 70 57 8 11 93 35 94 45
11 88 6 20 68 19 47 96 58 5 25 14 77 53 37 90 78 70 2 44
37 97 56 10 37 92 23 72 1 59 19 60 47 60 7 13 79 84 84 20
2 64 9 34 18 36 51 42 60 52 67 76 26 23 26 22 65 66 62 65
52 94 57 82 60 86 39 63 96 32 42 35 69 7 90 12 75 62 13 78
68 45 79 3 20 60 28 95 85 42 76 64 95 29 96 39 68 84 68 2
37 83 40 13 65 72 26 18 80 82 45 40 96 36 13 1 19 72 40 72
74 62 16 28 65 7 40 67 3 26 91 8 69 64 51 85 59 56 85 15
44 46 64 36 99 76 91 55 27 78 76 22 11 40 23 84 73 18 48 39
40 70 63 89 58 60 61 86 77 86 32 22 83 93 64 27 80 9 29 95
10 57 10 45 94 84 33 58 78 89 77 70 5 96 31 18 56 89 69 92
63 17 63 70 72 85 10 81 59 37 49 70 31 57 98 36 5 36 92 73
53 99 45 41 76 80 15 94 13 35 92 37 30 95 77 38 20 76 99 14
95 12 74 54 98 47 44 68 97 37 62 45 1 76 25 84 31 73 51 46
34 82 71 7 69 19 16 44 34 3 48 92 77 94 39 78 1 32 97 49
71 61 3 50 61 33 26 8 66 78 41 34 83 25 8 89 84 66 12 45
87 49 59 28 55 73 19 76 38 78 54 41 17 11 88 4 25 97 88 86
55 21 1 42 10 59 23 84 43 99 72 88 74 2 17 31 94 31 54 84
27 38 80 23 55 69 48 54 42 97 61 39 38 67 96 48 94 52 49 44
28 35 35 63 41 45 91 83 63 49 77 1 11 72 63 73 73 52 95 36
69 91 94 4 13 29 52 30 95 59 31 74 37 40 70 8 59 59 40 50
6 96 24 58 62 94 52 80 64 40 44 49 3 33 71 69 58 58 87 7
63 62 23 25 1 59 30 4 58 54 24 76 24 45 65 49 56 79 8 29
8 5 56 55 34 31 19 34 56 45 39 97 57 70 23 6 59 41 32 83
79 42 80 86 74 75 4 17 56 59 59 50 91 61 53 63 37 42 33 22
78 65 53 63 33 89 56 7 81 18 31 94 24 82 4 72 18 84 90 52
90 64 75 70 84 59 36 62 99 98 85 87 9 14 98 43 20 13 31 31
28 30 38 54 66 58 83 15 38 21 59 13 56 97 21 32 17 33 41 45
43 84 51 5 62 63 27 88 21 86 15 7 35 31 97 7 24 93 93 1
36 22 14 99 76 25 94 63 70 47 30 24 90 26 95 59 85 86 73 91
97 74 79 75 52 16 76 78 27 21 49 71 94 83 84 28 40 8 61 9
54 67 41 91 35 5 46 43 45 88 66 26 64 45 1 17 22 20 60 14
20 87 91 42 54 42 23 50 5 36 16 52 24 82 64 34 54 68 92 2
60 80 93 37 98 88 18 92 69 21 4 78 79 34 79 2 78 44 47 61
2 97 94 19 70 40 52 6 24 51 97 2 80 88 58 25 75 18 93 32
1 71 89 79 68 50 75 31 34 37 40 63 91 28 61 42 11 96 47 88
94 22 70 75 6 99 40 86 36 83 20 1 43 94 97 12 26 99 80 66
85 89 28 96 98 19 46 77 73 19 58 6 76 83 74 37 35 56 83 73
64 27 59 26 18 50 53 71 13 34 11 41 86 12 26 11 36 61 68 19
12 70 88 44 57 92 20 61 24 32 55 2 1 50 69 23 19 31 80 47
16 13 81 90 51 92 77 39 67 67 27 90 81 99 10 18 27 90 98 99
20 55 82 17 71 78 16 73 76 98 43 74 60 87 36 98 33 19 9 78
32 59 41 35 5 25 81 34 61 52 82 13 72 75 92 87 78 45 52 32
51 89 94 13 46 30 87 6 39 49 72 82 70 87 89 95 23 87 87 90
77 36 94 23 70 97 68 13 45 91 22 20 38 50 23 64 78 93 6 5
58 10 53 71 16 65 17 5 42 26 35 34 43 90 74 28 39 41 30 53
98 44 75 7 79 27 38 86 96 22 87 43 11 67 42 82 42 41 67 47
26 98 42 79 33 18 38 97 11 12 76 30 67 70 63 57 79 60 49 25
22 7 78 48 42 12 71 90 78 81 17 80 90 85 41 56 15 26 30 86
8 70 88 28 66 29 46 87 96 38 38 9 64 60 58 59 26 37 83 36
52 94 31 58 93 99 87 99 62 66 97 54 74 27 40 13 44 53 66 43
56 68 62 34 44 12 94 69 39 88 39 23 81 35 35 93 70 62 25 79
36 30 63 98 12 75 56 99 14 57 91 28 75 27 60 59 68 35 30 24
65 28 37 84 64 3 76 31 87 57 11 39 88 80 39 82 53 17 48 46
16 52 35 96 77 53 4 7 79 3 2 97 49 37 43 72 67 70 28 20
95 56 88 44 25 75 76 90 16 60 19 81 53 36 39 86 92 85 83 23
80 27 40 79 54 92 55 96 66 46 13 95 96 94 41 43 4 8 67 56
76 45 38 81 49 67 70 68 48 35 52 94 35 16 47 72 47 74 4 29
44 80 29 32 85 11 7 28 74 32 58 82 6 10 57 15 71 38 28 36
18 98 8 50 74 81 52 80 76 12 57 39 42 41 39 20 4 50 77 78
17 39 48 5 75 25 32 29 49 62 63 78 72 22 89 76 5 31 85 98
18 95 14 79 91 35 57 51 73 12 89 67 76 83 63 9 83 50 5 10
90 12 36 81 81 46 35 49 73 4 78 50 92 56 66 27 21 12 88 28
4 53 49 88 72 17 4 35 38 3 67 7 5 74 15 64 61 19 83 87
63 28 27 28 19 29 35 19 63 17 28 88 68 83 7 52 88 12 41 60
1 39 27 50 98 58 22 84 33 41 5 47 34 48 16 68 14 96 83 46
6 14 99 63 69 97 45 48 53 34 75 17 72 48 15 1 28 34 49 22
20 91 45 66 30 3 3 26 52 41 60 87 43 34 47 64 81 82 29 36
4 88 69 18 62 85 63 20 86 83 2 6 55 27 11 20 78 82 90 3
63 40 1 12 78 87 91 59 41 11 38 4 4 89 33 70 2 90 81 92
86 75 93 46 86 10 23 69 45 75 63 75 85 76 29 62 4 86 94 92
50 66 39 32 97 37 70 49 40 19 91 73 44 74 39 46 36 46 57 86
82 42 10 42 28 48 10 68 48 38 79 15 80 39 54 63 56 91 2 90
27 25 22 18 88 80 19 42 40 99 22 15 24 36 19 62 98 48 82 21
8 25 66 44 60 47 96 42 82 58 28 8 79 72 89 51 64 77 67 7
6 9 19 28 73 76 73 38 65 54 34 56 68 77 46 14 65 98 88 78
40 30 21 23 74 74 85 94 86 55 92 33 84 5 93 87 29 29 24 43
28 7 16 52 65 88 8 19 46 4 65 63 63 6 37 43 58 17 40 15
88 49 5 4 19 65 72 35 97 87 58 12 40 15 25 14 6 62 44 66
56 55 76 30 73 5 28 22 59 98 70 29 70 44 48 12 11 71 48 2
24 16 92 63 33 47 81 89 43 78 3 88 4 9 37 26 15 44 83 1
9 76 73 46 14 56 66 15 54 65 6 76 19 91 38 11 16 61 20 62

Demandas:
0 1 0 0 0 0 0
0 0 0 0 1 0 0
0 0 0 1 0 0 0
0 0 0 1 0 0 0
0 1 0 0 0 0 0
0 1 0 0 0 0 0
1 0 0 0 0 0 0
0 0 0 1 0 0 0
0 0 0 0 0 1 0
1 0 0 0 0 0 0
0 0 0 0 0 1 0
0 0 1 0 0 0 0
0 0 1 0 0 0 0
0 1 0 0 0 0 0
1 0 0 0 0 0 0
0 0 1 0 0 0 0
0 0 1 0 0 0 0
0 0 0 0 0 0 1
0 0 1 0 0 0 0
0 0 0 0 0 0 1
0 0 0 0 0 1 0
1 0 0 0 0 0 0
0 0 1 0 0 0 0
0 0 0 0 0 0 1
1 0 0 0 0 0 0
0 0 0 0 0 0 1
0 1 0 0 0 0 0
1 0 0 0 0 0 0
0 0 0 0 1 0 0
1 0 0 0 0 0 0
0 0 0 0 0 0 1
0 0 0 0 0 0 1
0 0 1 0 0 0 0
0 0 1 0 0 0 0
0 1 0 0 0 0 0
0 0 1 0 0 0 0
0 0 0 0 0 1 0
0 0 0 0 1 0 0
0 0 0 0 0 1 0
0 0 0 0 1 0 0
1 0 0 0 0 0 0
1 0 0 0 0 0 0
0 1 0 0 0 0 0
0 1 0 0 0 0 0
1 0 0 0 0 0 0
0 0 1 0 0 0 0
0 1 0 0 0 0 0
0 0 0 0 0 0 1
0 0 1 0 0 0 0
0 1 0 0 0 0 0
0 0 0 1 0 0 0
0 0 0 0 0 1 0
0 0 0 0 1 0 0
0 0 0 0 1 0 0
0 0 0 1 0 0 0
0 0 1 0 0 0 0
0 0 0 0 1 0 0
0 0 1 0 0 0 0
0 0 0 1 0 0 0
0 0 0 0 1 0 0
1 0 0 0 0 0 0
0 0 1 0 0 0 0
0 0 0 1 0 0 0
0 0 0 0 1 0 0
0 1 0 0 0 0 0
1 0 0 0 0 0 0
0 1 0 0 0 0 0
0 0 0 0 0 1 0
0 0 1 0 0 0 0
0 1 0 0 0 0 0
0 0 1 0 0 0 0
1 0 0 0 0 0 0
0 1 0 0 0 0 0
0 1 0 0 0 0 0
0 0 0 0 0 1 0
0 0 0 0 0 1 0
0 0 0 0 0 1 0
0 0 0 0 0 1 0
0 0 0 0 1 0 0
0 0 0 0 1 0 0
0 0 1 0 0 0 0
0 0 0 0 0 0 1
0 1 0 0 0 0 0
1 0 0 0 0 0 0
0 0 1 0 0 0 0
0 0 0 1 0 0 0
0 0 0 0 1 0 0
0 0 1 0 0 0 0
1 0 0 0 0 0 0
0 0 1 0 0 0 0
0 1 0 0 0 0 0
0 0 0 0 0 0 1
0 0 0 0 0 0 1
0 0 0 0 0 0 1
0 0 0 0 1 0 0
0 0 0 0 0 0 1
0 0 0 0 1 0 0
0 0 0 0 1 0 0
1 0 0 0 0 0 0
0 0 0 0 1 0 0

Capacidades:
0 0 4 4 0 3 4
2 4 0 1 3 0 1
1 2 0 1 2 2 0
4 3 0 3 4 3 1
3 4 0 1 3 3 1
0 0 3 2 4 2 3
4 1 2 0 0 3 3
3 3 2 1 4 4 4
2 0 0 3 0 2 4
0 0 1 1 0 2 0
1 3 2 3 4 0 4
0 4 3 1 1 2 2
0 3 0 0 4 4 4
1 3 0 1 1 2 1
4 0 1 2 1 2 0
3 4 1 1 1 0 3
1 2 2 4 2 3 1
2 3 2 2 4 1 4
0 4 4 2 3 0 0
4 2 2 3 3 4 2
