m: 250
n: 75
k: 8

Distancias:
27 8 92 58 24 58 77 16 80 87 65 40 10 78 5 70 19 70 2 51 93 97 6 87 66 37 30 39 22 97 36 57 76 36 9 38 95 6 35 5 49 66 54 34 15 94 98 24 55 44 5 83 88 65 64 95 20 93 11 44 73 76 87 8 63 97 30 42 13 34 65 4 59 23 88
57 35 24 47 70 59 40 69 91 11 7 89 86 97 34 90 60 26 70 66 44 54 54 82 13 4 33 38 54 95 29 5 99 37 98 99 45 34 2 60 99 45 59 57 69 89 80 27 5 60 7 35 40 47 21 67 33 11 46 66 50 30 17 82 77 53 88 5 41 47 16 83 16 93 20
79 16 8 34 51 33 78 72 82 6 72 19 86 34 71 14 87 25 69 51 50 18 87 35 74 75 37 26 4 66 7 23 89 19 99 78 27 96 67 63 71 76 31 24 29 80 44 82 13 85 3 43 35 57 15 90 21 40 3 45 25 5 18 96 6 51 16 63 42 25 97 4 24 75 17
11 56 61 92 60 65 1 71 45 40 22 49 18 73 13 56 75 61 97 21 57 28 30 25 11 78 30 67 9 42 66 15 93 12 47 75 57 13 46 72 57 2 13 9 95 47 76 75 79 92 11 35 87 79 35 41 25 18 92 83 38 42 88 22 42 86 34 86 2 78 73 34 15 27 17
13 24 27 95 98 34 11 29 11 74 24 32 42 73 79 12 49 36 46 33 4 82 71 94 38 80 41 81 17 60 90 55 2 92 21 65 48 63 31 5 47 2 60 22 53 83 40 73 24 34 31 54 3 90 79 8 63 91 83 29 36 95 68 50 8 23 70 25 46 46 99 90 34 32 17
32 51 43 70 43 3 97 75 62 48 5 43 35 22 31 96 92 27 76 47 61 45 55 49 99 53 95 37 3 39 27 10 62 92 36 6 47 14 67 62 40 77 15 53 12 20 89 15 33 59 35 44 3 36 36 62 44 96 83 77 8 75 39 35 66 24 25 2 47 7 39 65 66 4 46
66 39 81 22 93 76 4 75 12 41 37 65 18 3 84 9 83 74 41 4 2 29 9 40 22 99 15 10 1 45 23 17 29 85 87 55 38 28 29 58 9 2 14 52 51 76 97 12 94 83 34 16 69 5 36 44 88 34 15 38 44 27 76 83 81 44 3 70 36 98 44 55 74 77 44
56 40 82 35 28 37 28 91 39 90 49 22 8 38 17 80 46 36 28 99 12 64 76 25 4 1 72 44 46 80 15 79 86 81 37 95 39 63 11 73 53 97 34 75 96 87 99 19 22 66 63 12 54 39 92 90 53 4 51 80 44 46 68 20 45 23 49 86 52 72 64 21 32 5 16
90 22 16 48 18 30 75 44 73 98 78 63 35 42 10 37 60 49 62 26 27 55 58 1 46 5 55 32 32 22 11 68 98 15 73 14 85 65 56 14 9 43 69 46 45 90 55 55 74 77 49 44 21 28 98 56 73 15 67 10 62 65 43 42 98 7 25 56 86 20 51 28 11 74 71
83 69 19 18 74 56 43 26 81 28 25 14 16 27 8 37 34 21 75 3 72 93 55 5 31 20 43 9 69 58 27 17 74 26 24 26 57 90 81 65 72 52 36 81 65 61 20 38 74 94 67 48 40 3 15 80 78 77 22 99 19 46 38 97 58 38 86 1 62 66 79 53 81 13 6
16 85 20 23 49 40 33 40 92 35 94 9 30 63 90 4 37 61 4 25 53 72 90 43 54 85 96 88 83 74 66 5 39 54 65 25 72 91 20 85 42 63 57 6 11 26 60 1 62 79 57 25 87 50 42 25 88 1 64 76 92 96 15 50 34 12 14 89 26 23 54 7 5 33 45
95 61 12 36 90 5 78 68 30 28 26 15 79 59 35 97 60 85 28 80 12 58 15 21 64 4 42 79 49 29 21 35 21 5 60 35 2 42 6 48 71 38 74 3 53 25 28 92 76 49 79 48 48 73 98 23 39 62 57 50 81 79 37 1 76 1 96 57 65 10 48 81 95 34 74
8 4 15 50 85 67 94 10 98 57 44 29 40 2 23 58 68 56 91 8 61 41 42 82 8 8 53 59 60 59 23 47 65 26 70 71 75 2 5 43 84 94 7 40 76 39 90 30 52 26 39 35 64 89 81 54 63 44 57 86 99 6 13 61 31 67 12 9 85 16 74 38 87 99 15
40 29 36 31 19 57 73 98 68 84 23 59 50 12 48 63 34 68 33 31 83 26 65 67 41 61 33 93 56 53 11 57 48 59 13 81 92 35 5 11 15 94 7 20 30 95 90 8 7 47 50 37 93 40 38 60 20 75 89 80 92 57 48 59 11 54 51 55 57 4 54 58 60 14 18
85 30 69 30 47 58 10 79 2 98 46 55 93 58 41 48 96 34 42 64 61 39 65 32 22 87 60 39 96 58 17 91 90 42 83 80 54 14 1 72 58 18 64 22 50 58 9 22 29 77 83 99 83 19 8 64 41 57 14 12 93 65 24 37 97 70 93 66 46 27 8 5 38 86 51
59 44 79 59 25 10 14 37 36 15 68 8 82 76 28 11 31 30 55 67 47 42 9 57 12 4 72 77 73 53 4 41 37 42 83 96 67 77 30 45 25 56 23 15 47 88 15 77 74 27 33 45 48 24 39 92 49 36 76 29 50 52 45 14 37 61 52 82 57 57 47 4 29 58 7
71 30 66 85 80 4 95 33 3 73 62 57 78 72 20 11 61 9 8 95 20 78 44 99 80 94 12 47 65 4 23 88 11 9 95 25 44 56 91 31 61 42 13 69 72 18 76 7 95 57 62 34 36 74 77 43 9 9 84 84 48 67 85 40 25 49 25 20 60 69 6 95 82 80 32
4 44 83 69 18 59 33 40 36 94 2 28 36 1 11 51 4 41 32 65 72 5 46 7 70 16 77 61 39 17 56 99 57 10 12 67 77 60 87 50 18 9 56 9 60 58 92 47 4 58 57 8 48 49 70 27 48 6 28 10 92 38 97 76 4 72 72 36 32 43 43 28 59 40 93
54 76 72 11 38 36 18 74 86 93 35 81 11 69 93 10 7 25 54 69 43 2 59 67 69 53 81 87 46 99 4 34 60 19 93 52 49 74 13 99 19 24 68 71 22 33 36 62 25 94 44 49 81 10 47 28 1 61 55 87 50 96 87 91 15 90 3 99 81 59 25 47 57 86 2
24 45 16 18 19 47 38 83 76 75 84 16 77 79 72 32 10 39 50 87 23 95 6 97 39 49 88 58 92 99 47 95 42 70 57 72 52 6 6 25 10 72 15 83 35 88 12 2 89 88 15 81 60 65 73 60 19 16 13 63 64 38 53 75 41 70 6 70 48 88 6 44 54 41 47
6 25 83 93 57 62 73 83 7 89 20 55 73 87 88 42 24 1 73 72 87 63 6 54 5 40 23 80 54 4 60 66 21 69 61 9 20 39 4 85 63 62 6 42 73 46 52 32 64 30 32 51 52 36 66 66 17 8 53 98 61 68 38 46 45 40 63 39 13 37 23 72 26 78 96
47 66 17 25 58 86 56 79 8 58 51 95 99 44 26 95 20 90 99 79 57 69 64 87 96 40 52 6 6 15 88 90 51 7 45 33 67 64 68 52 75 12 60 84 75 55 25 63 43 83 37 82 39 28 82 95 64 43 89 25 59 73 56 86 21 87 94 24 39 65 21 4 13 43 12
59 47 44 92 90 62 88 36 23 85 72 26 82 25 66 40 54 38 59 21 84 99 20 46 21 37 52 58 15 61 50 86 6 16 2 22 25 23 73 86 78 35 28 70 29 84 37 46 94 86 31 36 95 17 44 37 41 61 23 75 47 98 48 98 9 37 1 3 32 68 65 76 51 4 55
52 57 96 18 62 49 33 63 4 22 31 65 26 39 64 63 32 31 91 73 92 43 90 13 16 63 75 35 16 50 74 21 11 32 50 89 89 15 98 8 31 89 87 55 91 54 63 29 48 97 12 91 86 67 58 77 82 49 97 69 13 5 79 81 61 8 58 76 51 99 98 40 1 94 57
70 40 19 89 44 62 81 7 11 47 42 56 90 14 41 37 55 31 26 3 44 74 33 23 41 58 25 60 35 68 53 52 73 49 66 27 51 93 94 92 90 3 17 86 99 51 73 95 80 73 26 67 82 53 58 62 47 77 46 65 72 93 86 72 29 67 26 84 31 1 10 19 20 55 26
47 55 26 89 81 59 10 20 48 35 65 87 56 1 37 81 24 85 15 48 65 82 55 73 49 99 13 6 67 20 42 13 83 85 88 31 44 15 78 37 31 71 21 99 73 5 65 6 44 23 17 43 49 90 89 22 70 37 12 52 24 89 14 67 15 66 89 42 34 47 29 61 1 45 51
20 10 67 92 25 34 34 71 69 81 2 51 84 65 91 62 26 98 33 54 81 51 62 33 81 85 66 80 74 97 16 71 88 86 2 53 87 97 38 59 50 31 48 97 4 23 34 20 14 10 94 38 82 66 34 88 63 45 81 9 58 24 49 46 53 22 48 46 67 76 74 37 12 97 98
92 82 7 70 48 27 54 62 68 9 4 86 76 47 16 81 80 93 53 39 35 62 35 86 88 31 18 83 38 62 26 22 72 34 31 61 93 15 34 30 87 85 26 32 15 82 1 63 85 51 58 34 75 3 9 95 11 49 8 10 70 70 4 81 97 47 65 70 24 82 54 30 97 92 98
17 40 46 95 38 45 54 44 81 35 6 77 25 68 94 20 49 35 49 61 32 44 69 96 25 41 44 74 42 12 15 84 60 43 41 4 94 67 99 89 9 51 73 38 20 42 15 93 19 8 11 18 40 55 33 14 70 35 77 2 75 38 31 91 56 71 88 16 49 5 46 91 46 84 25
25 71 22 5 44 19 97 47 95 47 17 21 93 29 16 77 25 87 74 11 1 30 18 3 26 11 68 64 77 34 62 6 95 30 7 37 50 60 83 10 39 16 86 4 95 32 24 91 20 67 55 61 18 75 22 17 37 42 21 34 58 42 5 91 54 84 86 42 39 2 17 1 55 13 85
24 8 13 88 58 93 94 31 32 69 61 53 45 74 73 45 88 36 86 5 83 34 76 26 12 23 95 79 50 34 86 82 70 23 66 11 35 7 14 39 9 17 63 58 54 22 4 21 72 11 21 95 52 96 88 40 17 7 19 31 50 49 98 9 94 89 30 83 42 87 1 91 73 2 25
42 4 12 66 71 51 89 4 15 10 32 70 97 82 62 58 57 36 86 55 48 40 62 98 99 24 10 63 26 68 26 51 54 18 44 45 62 91 27 56 82 78 53 26 19 48 49 77 51 13 90 5 42 5 78 46 84 10 90 46 52 61 28 88 10 8 67 65 4 28 95 8 48 58 49
40 61 6 49 35 84 28 45 11 24 63 85 75 54 87 97 57 91 37 35 41 61 15 95 85 22 24 73 55 43 73 98 33 57 73 1 84 34 73 38 53 49 10 19 39 76 65 39 33 63 91 25 70 20 76 14 65 56 74 50 80 80 72 24 17 7 5 24 40 57 86 22 82 54 62
72 55 35 59 83 59 51 27 54 97 35 2 31 50 87 69 40 79 55 43 86 7 50 40 27 93 13 31 56 97 64 97 21 74 90 47 59 44 50 58 2 82 53 14 79 27 81 49 7 18 88 85 41 63 92 58 66 91 18 25 32 14 25 36 61 88 86 64 33 93 45 11 97 55 80
93 90 33 26 7 13 65 78 60 89 28 43 1 58 5 11 30 1 60 95 97 44 25 9 70 18 75 81 78 72 54 17 56 28 82 55 45 76 37 5 41 61 34 85 15 97 19 7 12 93 21 13 22 11 79 86 60 49 63 74 39 67 82 7 62 6 41 50 39 74 8 3 31 81 12
40 43 1 34 59 78 21 68 62 21 24 87 3 36 80 7 63 85 59 14 19 54 40 71 43 10 13 77 29 15 58 28 31 17 60 39 85 30 95 59 83 81 33 29 8 18 60 35 75 5 51 76 31 64 98 51 39 72 88 29 14 4 45 3 98 80 26 31 6 70 57 17 59 84 11
21 26 75 42 43 57 50 28 23 23 20 61 69 75 66 5 4 86 27 72 22 32 5 20 72 75 40 55 78 99 42 73 35 11 23 15 93 14 87 8 54 5 80 65 48 52 43 73 12 78 22 77 2 65 73 60 37 99 13 57 2 23 39 63 19 29 23 93 22 92 41 35 4 68 89
20 40 16 1 14 75 78 81 10 94 93 30 31 88 92 46 74 11 86 57 65 33 8 23 35 93 33 49 94 92 10 1 43 39 39 69 20 12 54 60 3 56 4 67 76 40 29 39 34 90 58 25 90 62 36 45 44 38 99 90 3 75 39 97 12 21 31 32 54 7 76 85 18 48 97
54 51 48 36 25 1 91 22 59 38 94 73 34 46 55 17 42 95 33 79 16 2 3 49 21 64 65 46 4 7 42 20 9 82 29 39 13 50 9 16 82 38 98 35 91 8 86 59 60 63 38 3 69 70 27 40 87 48 89 21 79 21 93 54 20 85 95 7 29 53 20 18 71 45 79
21 88 16 33 97 3 92 84 46 7 33 67 77 13 51 9 97 89 11 52 46 7 89 6 17 46 39 8 33 27 15 96 10 81 65 81 24 36 2 2 99 43 20 37 3 76 32 35 74 79 50 51 44 24 62 98 73 52 13 75 81 87 70 16 48 37 32 92 16 44 68 51 39 62 10
44 22 28 73 65 69 73 9 61 16 24 54 22 40 37 62 18 22 50 9 3 85 57 57 14 31 80 6 26 52 61 95 11 55 72 2 27 72 18 49 1 16 21 7 37 93 66 53 90 75 67 68 47 23 83 52 73 64 37 67 3 22 10 58 16 17 4 16 93 94 5 9 62 85 10
16 93 28 53 96 90 48 99 35 42 72 13 3 59 6 49 59 74 85 15 60 81 51 94 70 16 70 52 25 75 22 16 1 21 53 81 69 48 60 79 47 59 60 88 60 49 73 75 50 63 32 38 57 24 92 99 22 28 2 4 58 87 7 82 46 47 15 63 41 8 5 8 56 71 73
31 76 85 8 17 22 11 24 89 43 66 98 24 12 84 60 23 60 9 16 10 33 66 75 39 47 96 3 42 58 79 59 14 64 1 93 44 70 12 49 14 89 36 57 25 68 80 77 81 88 71 8 73 73 98 87 26 48 24 18 52 22 15 11 55 12 12 60 78 91 32 78 10 7 80
55 91 19 94 56 51 75 71 3 14 14 77 38 9 88 79 68 5 93 30 9 44 3 44 87 29 6 57 20 58 37 17 92 35 21 41 74 84 42 2 92 4 20 81 62 69 71 21 65 67 15 84 87 67 30 98 66 82 69 50 60 43 94 10 25 52 3 5 97 27 48 54 70 12 7
44 8 58 51 37 82 7 66 22 80 90 31 70 73 49 88 79 54 70 7 93 35 55 19 57 11 6 68 37 4 29 45 25 72 74 85 4 81 81 98 59 25 13 91 13 78 4 97 31 68 49 45 73 85 31 45 61 63 15 24 40 54 60 92 51 43 47 80 82 60 82 70 9 54 87
30 80 53 79 99 53 65 66 40 90 6 68 29 83 33 69 18 11 14 28 21 94 37 71 67 74 51 31 27 36 43 42 29 14 25 78 43 24 21 8 5 76 96 40 91 85 51 64 65 48 82 74 62 47 32 93 97 37 8 73 95 24 8 15 79 48 63 59 87 93 48 97 59 72 56
96 59 43 97 47 22 24 47 59 8 80 70 67 33 33 68 17 67 28 43 58 24 71 44 89 57 58 53 48 10 83 71 46 75 63 80 30 92 28 61 59 37 47 63 86 36 79 8 8 13 56 17 2 20 62 90 74 65 84 10 42 17 80 81 38 6 58 56 16 92 93 45 64 58 57
7 22 78 90 46 15 34 25 51 7 17 61 17 26 52 46 66 19 84 15 70 18 94 93 94 22 67 74 55 8 3 23 54 32 34 55 47 86 84 97 54 94 37 44 95 33 92 28 63 15 47 63 36 97 21 86 34 63 54 30 37 42 90 32 24 98 71 18 89 46 92 28 32 2 21
53 21 61 80 29 47 23 95 84 18 49 37 84 74 1 50 7 7 39 47 44 84 32 84 13 28 27 79 45 41 55 16 76 83 46 96 45 78 13 90 56 96 63 61 24 83 2 79 5 92 68 6 69 19 53 75 74 88 11 38 31 41 8 51 55 52 13 62 27 58 50 66 11 17 90
96 49 41 13 83 96 43 98 92 15 1 48 47 56 31 29 82 95 86 9 42 44 59 29 79 94 27 37 49 69 91 89 35 58 3 50 57 75 80 95 64 15 47 50 87 23 10 50 39 19 4 70 13 63 69 80 33 5 62 51 77 15 49 17 22 25 68 83 65 18 13 94 59 27 48
87 86 36 67 16 9 2 67 79 83 94 35 54 54 5 18 94 76 18 9 36 76 38 1 17 50 6 14 3 34 62 81 81 92 17 10 59 24 76 39 32 75 16 72 57 5 9 38 86 40 83 30 18 50 50 28 1 36 47 34 85 74 64 8 27 26 91 53 41 40 21 5 90 57 57
34 34 97 38 50 91 78 57 86 55 44 93 15 70 79 4 29 5 54 80 33 59 43 60 41 2 28 37 50 15 94 97 5 31 61 25 82 62 91 14 36 15 15 65 47 25 47 84 62 36 19 90 63 22 45 58 93 4 3 29 82 78 36 50 45 60 37 68 52 62 5 96 30 39 29
31 20 42 51 21 62 13 98 61 66 9 53 9 87 73 58 85 99 67 25 64 34 71 93 44 12 21 41 28 54 32 50 80 3 61 51 75 92 25 47 21 71 5 32 27 36 54 1 94 78 22 87 22 96 85 16 20 64 52 21 27 2 19 48 78 62 51 74 19 7 32 55 67 35 57
67 7 37 25 67 92 76 67 1 97 60 13 95 42 72 48 30 76 27 44 7 92 66 82 25 89 25 28 80 26 68 21 85 92 65 99 46 25 71 6 46 3 10 39 19 41 44 28 89 87 89 93 99 29 71 31 61 44 20 81 14 51 72 67 31 11 15 78 7 56 50 12 12 13 44
65 66 34 34 76 29 44 41 1 21 34 9 30 21 90 19 40 3 45 35 39 91 35 33 42 56 75 36 15 27 66 33 53 48 68 63 14 27 37 46 65 51 28 31 15 1 85 22 40 41 44 13 54 64 69 69 57 71 78 67 99 54 53 67 24 2 65 52 33 65 46 85 4 65 21
47 52 20 32 39 95 51 66 69 83 46 42 58 60 60 90 63 67 30 35 39 78 2 95 46 71 77 56 39 40 11 45 67 16 56 66 90 82 6 9 57 14 79 38 74 86 55 4 85 33 63 17 65 97 53 17 38 55 53 10 84 79 81 7 57 7 4 46 66 22 3 90 15 90 54
75 23 32 71 26 13 3 71 34 15 24 83 6 6 11 44 10 22 86 40 39 59 47 26 13 99 29 39 76 29 69 9 12 94 6 32 5 80 74 94 65 60 94 18 28 6 7 67 88 84 6 74 1 19 84 55 92 86 29 6 24 45 18 75 65 12 72 80 91 20 78 55 45 77 11
93 44 12 53 46 57 26 55 78 52 12 43 22 64 2 31 32 63 19 26 62 56 81 48 55 76 64 52 59 33 43 14 65 42 30 89 51 2 24 1 94 86 33 23 75 19 11 86 19 10 36 22 60 15 11 54 61 52 49 61 30 79 28 78 5 59 33 8 5 61 3 63 27 55 8
80 33 86 7 44 28 19 65 21 69 95 6 35 10 47 8 56 61 40 71 38 46 15 12 9 74 19 63 68 10 24 68 14 73 98 18 81 40 33 83 15 93 38 32 27 45 67 96 32 40 92 25 92 79 51 28 26 96 93 94 82 15 9 64 90 83 93 3 83 45 89 38 37 67 89
16 92 31 20 16 8 5 56 18 74 34 16 55 63 85 94 59 43 10 68 4 82 5 5 90 96 25 6 74 19 3 17 23 68 10 97 28 28 82 59 27 91 50 29 53 89 44 76 70 95 7 4 93 48 46 24 31 52 37 10 44 40 80 49 68 19 33 17 11 70 62 93 36 83 75
71 37 5 84 39 49 81 51 46 40 23 48 41 35 5 66 24 59 84 96 98 40 80 15 51 34 42 4 96 21 90 2 90 78 50 77 50 25 64 68 11 66 19 76 30 55 69 61 24 80 72 66 60 36 96 91 74 47 88 67 97 33 56 53 5 53 20 51 92 78 19 8 89 30 47
55 49 19 23 12 94 75 76 81 67 47 81 37 37 2 8 85 21 65 92 7 38 46 89 63 72 26 41 15 22 55 79 78 81 50 93 26 2 56 61 40 76 80 65 37 19 15 70 24 7 34 37 47 49 38 63 35 84 85 69 14 68 33 67 91 76 90 31 22 65 16 38 67 8 88
34 20 23 2 11 6 73 38 85 93 7 25 84 43 16 8 81 51 55 13 77 63 98 2 66 4 27 36 60 7 35 69 94 87 76 82 90 71 21 94 58 45 81 32 98 73 15 86 96 47 58 88 28 89 50 84 25 88 84 20 23 73 58 22 58 83 90 78 51 47 83 36 51 81 81
47 83 80 50 33 81 93 63 29 75 13 67 83 59 14 67 47 81 4 79 6 55 96 48 15 33 9 34 7 8 21 41 69 37 94 82 9 98 60 45 80 11 79 59 20 94 43 28 52 51 96 51 56 35 58 15 73 50 16 71 28 4 52 21 95 22 56 11 5 18 20 22 75 45 16
70 46 3 52 81 12 74 62 51 94 37 47 66 46 14 34 15 27 40 44 59 88 41 94 3 3 11 15 88 23 30 68 23 55 5 91 27 21 79 77 94 33 48 12 32 95 47 25 27 57 61 37 71 84 80 94 49 74 71 52 43 91 37 6 89 82 24 36 95 17 22 10 53 88 87
35 9 62 80 26 46 41 32 27 24 28 36 3 60 30 48 83 30 2 54 47 88 50 91 41 84 63 86 29 91 64 29 37 2 24 85 18 63 91 39 67 72 95 19 40 22 49 22 24 26 8 86 34 33 9 51 43 42 12 79 77 55 37 77 16 9 5 47 56 74 4 44 58 60 72
75 59 56 66 76 72 33 89 19 55 73 52 43 16 57 57 54 79 99 17 12 33 47 75 68 35 79 76 21 1 43 35 24 61 41 92 66 20 51 98 78 13 13 92 60 54 50 97 22 41 22 29 94 19 39 45 68 83 37 89 90 19 49 89 49 54 66 50 93 52 21 5 70 93 68
92 2 15 98 87 35 31 32 27 62 54 90 36 16 92 69 26 60 30 39 4 70 33 35 22 67 60 67 91 10 38 66 49 80 97 20 35 75 23 78 78 52 74 91 51 73 21 48 28 52 39 12 71 95 45 6 37 58 96 64 1 46 77 54 6 8 13 74 33 77 68 18 16 33 14
66 62 30 41 33 57 29 40 79 35 73 56 50 37 30 4 47 19 69 82 53 76 34 48 32 3 10 58 25 97 6 84 11 23 48 50 7 57 10 88 99 88 35 96 70 63 8 86 92 37 64 28 3 64 74 96 51 1 39 18 63 95 3 44 10 72 34 42 16 69 50 43 83 47 51
91 79 45 10 75 33 10 56 28 46 51 28 4 13 51 69 40 32 71 32 38 73 44 63 30 91 80 20 29 69 27 81 17 58 99 32 54 2 3 35 49 1 64 34 39 46 58 63 57 68 40 48 26 3 88 66 5 6 21 61 71 17 88 66 41 48 69 47 61 7 38 81 99 12 72
1 83 4 73 73 63 66 21 21 67 19 12 30 50 12 55 54 46 92 45 55 37 72 44 81 75 80 4 52 35 85 7 99 54 70 5 61 17 19 53 58 12 19 89 6 57 38 87 75 11 31 96 64 21 67 66 54 62 49 24 1 73 4 22 87 73 35 89 42 45 19 94 12 64 26
33 12 74 29 72 90 77 79 9 22 22 99 28 41 73 77 84 79 43 1 30 26 28 92 49 20 94 38 38 20 62 94 71 29 89 14 34 84 29 57 81 47 27 38 74 10 76 65 40 57 94 29 35 31 94 91 47 42 81 26 60 53 49 79 31 81 31 99 65 63 97 93 76 51 5
66 62 14 91 40 26 23 34 14 35 99 31 16 96 60 60 64 47 58 83 22 95 93 59 74 63 11 72 68 87 45 75 43 80 44 92 90 42 91 44 44 11 65 41 70 48 71 87 63 22 78 37 10 17 58 85 29 20 70 69 57 97 14 91 44 50 17 40 84 12 29 33 69 79 41
87 63 80 91 2 22 64 94 78 67 56 2 6 92 88 82 61 16 39 86 68 78 90 24 91 66 33 79 66 14 94 28 1 91 23 15 78 3 14 63 50 52 25 36 89 79 23 35 70 55 43 80 4 20 59 10 66 99 92 79 84 82 89 18 58 59 14 15 33 49 45 62 24 84 15
19 54 56 90 60 97 15 21 14 79 41 11 25 62 65 16 40 82 7 53 16 46 9 26 13 1 18 72 19 28 16 45 34 10 64 20 81 11 93 46 76 81 15 94 61 11 37 72 10 23 64 23 26 85 45 49 76 78 4 94 98 33 48 70 44 78 91 87 55 39 1 75 49 3 83
19 84 72 44 69 63 77 70 41 63 23 22 91 77 65 26 86 33 39 8 70 22 50 28 63 12 7 44 49 54 77 89 69 28 45 30 47 9 91 48 72 33 33 4 77 75 97 70 86 11 79 57 60 89 25 33 71 65 59 84 85 26 13 50 68 59 21 88 4 41 60 54 14 24 20
67 49 67 41 46 16 53 63 28 83 89 5 57 89 92 5 16 30 31 13 35 84 14 38 77 98 36 26 9 30 40 17 25 61 51 24 59 29 41 12 3 21 40 91 58 37 36 14 31 38 44 48 52 96 46 4 35 88 35 92 69 34 69 36 4 25 79 4 15 59 68 71 28 10 83
20 98 49 54 75 69 65 51 47 59 61 37 86 41 75 8 71 96 4 56 40 32 56 1 68 30 90 61 69 82 6 22 82 1 37 23 98 20 20 10 33 79 74 89 67 91 12 47 34 84 90 28 54 92 55 17 66 30 28 83 86 21 65 21 81 55 32 7 65 44 67 65 62 3 25
89 21 59 91 44 11 51 65 2 54 4 15 20 55 87 37 72 53 12 33 92 41 92 74 11 42 9 62 49 37 81 89 4 92 74 75 92 45 89 83 39 63 8 26 98 94 27 38 32 70 57 71 47 40 93 55 49 22 10 56 74 38 27 17 5 92 93 6 78 91 38 35 92 84 58
93 96 55 11 8 79 38 5 78 7 46 61 7 44 95 32 7 52 96 56 6 26 58 73 22 17 72 9 20 60 74 93 16 82 81 76 60 48 61 73 28 18 1 88 30 84 43 40 78 96 62 5 1 40 56 26 85 65 18 68 89 96 74 29 51 38 51 33 63 21 4 65 52 40 87
94 22 92 82 50 41 19 68 94 77 3 72 85 53 52 83 95 44 79 76 31 5 30 12 41 13 85 93 20 55 7 49 81 93 73 55 11 74 8 94 4 33 11 51 24 47 58 8 11 52 18 54 47 77 30 27 42 29 62 7 67 39 58 89 1 62 97 12 95 81 48 60 27 66 21
56 54 24 39 72 44 63 98 88 62 16 11 5 41 99 18 99 21 13 79 1 52 6 17 41 18 42 45 2 82 19 8 72 86 81 48 26 98 8 53 79 4 12 88 32 61 22 56 84 66 72 36 2 28 35 35 71 36 87 60 86 60 60 79 29 43 43 3 56 8 71 36 31 38 8
96 8 44 70 33 94 84 33 51 52 68 49 96 59 56 21 54 76 8 4 10 27 95 84 56 3 9 93 16 28 89 79 34 11 75 3 8 11 28 92 65 84 6 84 93 15 59 35 71 7 31 34 83 98 66 62 36 91 47 47 79 95 19 62 40 2 40 22 15 57 13 85 78 42 31
57 80 12 15 44 32 41 42 62 5 21 72 64 95 63 24 62 64 81 31 91 10 83 70 66 77 89 93 93 58 31 8 33 14 89 59 49 27 48 50 64 13 31 90 87 1 1 80 39 38 88 73 5 70 59 87 24 80 61 30 94 3 89 33 62 89 32 54 35 17 17 80 44 15 49
75 2 5 74 13 41 98 1 71 91 27 62 9 77 75 2 11 6 68 34 47 1 60 75 60 87 41 52 13 96 90 77 19 99 6 75 61 56 75 12 70 25 9 25 13 57 48 12 14 18 74 71 10 31 37 66 95 47 86 99 78 26 17 84 93 36 38 80 45 52 12 79 81 40 78
65 9 81 91 46 26 85 38 43 88 80 37 19 55 58 54 21 93 61 6 53 61 6 26 82 24 34 92 58 48 80 25 84 12 57 79 74 44 71 67 25 72 19 29 10 91 3 42 72 46 26 28 55 89 11 52 47 95 91 66 10 89 49 15 3 84 90 69 72 16 36 21 96 36 28
63 58 16 68 89 31 90 5 14 78 50 5 39 36 28 43 80 28 15 2 14 86 83 75 42 14 68 56 44 7 19 12 22 96 4 42 26 13 74 19 1 53 92 93 87 72 77 38 45 99 3 65 25 86 8 77 6 28 11 3 7 54 50 62 59 92 40 65 27 2 26 2 99 29 51
64 9 90 80 9 3 10 2 83 40 75 62 53 18 62 47 89 12 43 41 55 37 74 56 15 28 14 77 74 4 68 50 52 39 23 82 2 12 13 91 51 69 50 2 49 25 57 66 88 26 64 44 74 20 7 80 24 51 9 46 62 26 92 62 71 10 75 99 36 68 30 71 30 6 24
63 93 50 62 73 51 33 10 36 14 67 9 69 98 32 64 63 5 85 76 5 27 5 98 47 11 10 76 64 38 67 96 60 42 68 28 74 68 3 35 11 2 18 12 24 42 19 4 84 46 92 22 64 32 23 91 47 52 94 30 2 64 12 86 30 63 39 61 86 11 79 24 74 68 21
14 60 93 36 67 93 93 95 97 72 23 10 64 95 68 60 60 83 75 2 82 7 38 36 68 60 40 94 84 7 91 99 65 22 13 89 10 78 36 96 11 71 27 87 45 67 28 61 58 22 99 48 99 33 44 72 15 49 23 34 38 96 7 55 28 43 71 23 68 44 28 29 83 65 90
85 96 94 94 20 78 84 75 31 49 69 17 19 68 13 26 85 30 26 42 46 30 31 5 80 31 90 13 74 86 95 40 83 48 78 53 91 8 36 83 72 13 20 88 37 61 39 71 60 71 77 69 9 72 19 4 46 5 32 22 41 26 90 89 55 42 69 72 26 77 37 29 45 55 67
36 48 51 4 7 10 39 73 44 72 50 71 49 57 4 39 8 90 99 82 66 99 70 96 23 96 94 45 21 75 87 24 86 74 97 72 28 18 67 14 61 90 82 6 85 67 72 24 85 16 88 96 4 2 95 71 97 44 26 29 71 90 69 28 29 41 65 6 12 3 11 75 75 46 82
11 96 48 50 48 24 95 46 67 35 53 63 28 6 86 48 93 94 21 65 75 91 1 87 27 77 3 63 3 37 70 64 71 27 19 46 66 52 94 43 20 30 27 89 89 96 32 64 4 39 50 31 7 8 57 6 24 22 4 44 11 28 94 41 74 25 23 54 30 89 54 20 84 35 20
18 42 77 25 28 58 4 29 70 84 90 79 48 73 96 13 50 57 49 9 91 83 65 21 46 58 24 83 85 47 42 54 63 90 3 37 7 67 47 35 23 76 51 58 5 7 78 6 7 14 89 78 77 47 95 15 85 70 35 19 68 45 72 83 62 71 42 9 28 89 79 99 52 76 93
60 73 6 97 50 92 90 90 61 71 61 63 43 11 88 54 16 81 15 79 89 82 12 39 83 70 96 39 14 68 88 92 49 14 21 46 81 69 24 48 40 4 24 87 69 43 70 33 29 95 75 1 68 1 66 88 73 8 38 69 93 83 94 36 44 10 93 81 6 26 27 68 71 9 38
34 57 99 80 58 83 34 36 6 7 83 10 71 52 85 64 95 31 28 64 58 58 36 31 27 29 98 45 71 6 64 68 31 45 77 81 75 6 33 37 20 43 6 57 58 16 36 50 92 91 27 73 1 62 80 61 39 15 67 69 92 51 53 63 35 35 8 10 68 17 7 62 23 80 38
68 65 8 45 70 81 55 84 91 35 61 46 52 29 85 72 78 86 60 96 57 27 25 18 9 92 33 74 65 84 31 25 68 81 59 20 86 56 99 96 82 88 68 33 27 53 38 77 81 27 39 85 56 99 26 73 23 71 22 26 69 21 93 64 92 61 50 67 62 51 9 79 14 79 8
86 73 27 42 60 64 18 35 78 37 58 97 13 49 97 40 84 47 10 35 19 28 78 6 99 82 3 26 12 84 20 4 57 76 15 51 82 23 52 41 92 15 29 58 37 37 79 70 26 25 59 93 96 62 87 94 25 65 75 11 21 11 37 14 36 55 21 83 88 44 83 30 27 17 73
19 79 88 92 69 93 30 35 49 93 53 42 93 31 36 69 8 64 96 13 13 55 33 57 21 21 1 61 38 73 82 61 14 92 17 24 29 28 19 95 84 27 47 89 25 65 57 7 79 97 11 28 91 3 5 97 60 8 43 35 82 8 6 30 55 80 38 95 85 68 2 70 17 18 44
50 53 77 10 70 27 46 68 64 87 79 72 29 88 27 25 94 57 2 89 3 53 20 80 94 85 77 78 57 15 74 55 16 1 71 35 69 3 51 23 38 91 96 91 69 50 48 51 1 19 83 96 67 42 8 31 30 71 60 34 30 58 42 38 22 61 35 91 47 43 62 23 22 2 73
28 75 7 86 63 59 18 90 61 54 79 14 36 35 62 86 63 84 23 74 32 3 9 50 93 97 54 75 76 11 1 29 80 57 15 78 82 12 58 48 86 99 99 43 77 67 41 28 34 34 5 10 17 38 99 63 46 11 72 21 45 32 58 29 48 9 38 95 77 12 63 60 90 81 77
99 74 86 16 50 21 73 88 56 34 89 46 89 37 89 92 95 61 48 11 24 81 33 85 9 48 35 17 29 82 18 56 40 55 53 86 33 29 33 77 8 33 12 15 74 43 80 82 59 29 38 63 76 73 45 61 2 24 37 59 43 6 59 44 78 80 22 15 61 87 96 49 10 6 10
23 46 84 85 22 71 20 71 89 16 92 51 59 43 40 77 49 16 21 48 72 40 97 46 2 94 70 1 97 94 21 7 40 77 84 27 97 82 17 95 92 42 76 24 17 61 11 88 18 31 40 44 36 28 28 4 78 33 15 71 17 89 71 43 93 96 5 94 68 80 81 16 74 5 63
16 18 78 33 84 87 19 23 84 55 37 86 86 28 73 18 19 33 2 53 3 60 92 35 23 55 68 44 35 96 35 43 64 2 19 4 1 26 15 35 42 75 42 40 13 61 20 65 64 40 63 90 24 41 16 70 72 23 83 65 37 2 1 70 86 76 88 69 91 99 2 46 71 85 2
78 83 33 59 66 30 74 61 18 12 88 89 54 86 45 36 96 88 37 37 21 90 50 28 54 55 73 57 76 23 36 29 55 69 80 98 14 67 87 71 87 32 83 72 69 81 50 98 33 51 57 70 18 99 96 92 74 76 28 38 6 70 43 63 8 57 65 34 38 24 26 26 8 88 60
3 43 72 47 17 20 56 55 97 59 18 8 89 5 10 10 27 59 21 93 86 25 79 99 98 53 77 72 34 49 10 61 36 92 42 87 2 5 11 71 62 42 87 60 31 35 25 83 54 74 40 88 61 3 95 69 69 84 97 33 80 27 72 97 12 49 82 44 94 35 73 40 24 91 92
7 56 56 66 15 74 13 75 53 64 46 68 80 15 35 49 31 85 30 87 96 53 95 6 76 50 37 8 52 55 22 60 13 13 68 84 74 44 58 33 55 78 97 19 62 59 23 83 92 37 69 26 68 29 85 21 81 75 75 1 56 39 65 13 61 22 68 51 49 34 83 69 86 3 72
71 96 58 65 90 7 93 69 10 87 74 79 21 41 77 44 88 75 72 14 62 59 12 73 36 88 76 19 25 2 2 91 45 64 9 41 35 81 55 9 1 32 7 48 7 73 19 39 9 55 60 50 76 85 8 35 19 37 58 92 19 94 60 51 46 99 95 93 36 15 32 45 41 99 61
66 34 91 78 91 68 74 12 32 28 20 25 14 86 81 57 95 73 96 27 89 52 35 77 75 59 73 12 37 73 49 99 6 27 87 12 20 40 92 12 35 31 48 85 12 12 71 30 9 50 8 59 75 29 76 25 30 38 78 41 30 6 24 85 80 63 81 28 21 62 46 38 94 65 36
58 31 54 19 2 97 62 3 71 23 73 38 40 98 20 81 46 82 77 47 43 99 77 53 90 95 7 62 3 94 42 54 20 48 49 40 51 89 41 60 32 16 25 19 60 3 86 70 69 96 74 10 26 19 7 37 77 73 75 4 39 15 18 94 7 39 44 73 2 46 37 98 45 20 15
30 6 27 96 26 79 70 30 4 1 64 18 40 33 81 51 63 56 79 28 55 47 27 48 1 41 37 60 49 45 80 37 39 4 93 63 47 56 86 65 67 37 46 38 3 70 55 39 22 5 47 87 80 4 52 98 69 47 96 78 47 62 25 29 92 67 2 26 51 92 32 23 75 27 67
22 64 29 52 50 13 76 54 23 76 80 60 33 81 13 99 26 33 83 50 88 68 58 64 8 23 72 38 19 86 28 66 42 11 6 15 54 8 92 10 30 23 6 3 16 25 15 94 9 2 14 91 39 77 13 72 25 79 40 36 57 98 6 39 75 70 74 18 19 75 89 82 93 69 28
96 64 37 62 9 85 8 15 79 56 26 40 59 94 60 87 23 8 27 24 46 79 33 94 40 28 35 44 43 11 89 13 35 30 22 78 14 55 25 17 14 78 11 4 10 11 33 30 76 34 20 64 80 28 82 63 30 22 51 84 26 1 50 55 26 74 67 29 33 79 81 91 87 37 4
15 56 60 8 4 18 53 56 29 91 70 34 45 58 6 94 50 54 42 5 13 88 79 11 21 13 6 25 53 29 31 39 40 59 44 96 67 82 34 22 51 46 45 59 5 46 25 30 30 58 68 40 32 60 77 30 71 6 45 10 53 58 7 54 76 16 73 32 27 8 27 70 63 70 92
91 53 43 52 45 78 86 70 14 16 7 36 39 48 79 58 17 75 8 68 21 57 35 47 58 65 8 66 74 71 7 58 51 58 14 2 42 91 33 58 81 9 97 87 3 3 93 52 7 91 47 47 89 72 69 59 66 24 70 92 94 42 27 45 70 34 5 17 95 37 91 50 12 67 97
29 60 6 84 44 54 39 36 55 24 65 43 74 21 63 11 1 83 40 69 55 32 26 79 14 56 96 52 75 92 68 16 70 17 18 43 15 64 69 31 47 11 9 88 41 82 17 42 35 9 36 44 9 92 89 57 68 88 6 16 80 6 61 62 86 29 30 82 68 77 43 46 79 15 32
30 25 95 82 11 31 85 11 30 78 33 25 73 38 98 61 43 13 81 82 87 71 14 63 77 18 82 30 60 50 1 25 78 46 45 82 56 85 68 60 79 50 38 97 76 42 12 85 16 26 71 55 96 57 14 63 95 84 97 67 62 93 94 49 20 41 7 48 91 76 88 55 22 85 66
12 98 19 13 34 19 80 23 91 33 96 83 76 98 80 56 31 7 95 41 66 64 41 10 78 87 7 76 78 58 87 16 94 63 21 13 36 98 62 20 7 13 2 47 80 13 24 50 38 57 27 63 67 7 51 7 65 49 46 50 15 62 7 1 52 3 71 28 9 24 41 67 53 47 97
85 29 16 72 19 9 52 91 72 15 44 79 3 36 43 40 79 73 29 16 96 86 14 11 35 33 84 94 41 27 40 9 98 51 72 65 29 49 67 55 57 55 56 32 41 69 73 27 18 32 36 14 39 64 64 84 75 64 89 58 80 61 3 74 29 29 95 9 89 93 22 31 28 36 35
90 18 65 4 73 59 85 69 36 3 45 23 53 92 84 97 93 7 22 9 21 19 64 37 19 79 80 77 45 24 23 91 94 58 97 48 57 14 58 55 2 52 93 54 13 78 8 23 53 4 80 16 71 67 67 28 34 57 36 49 4 78 73 27 47 99 15 94 44 97 22 30 1 83 19
17 13 98 13 70 23 74 98 72 37 89 58 61 81 20 65 14 9 53 59 2 11 96 24 42 1 84 6 51 24 92 23 60 54 35 68 48 36 23 9 24 38 53 56 22 95 11 57 81 77 30 68 36 75 29 36 55 60 37 56 9 53 50 58 78 93 66 41 21 90 5 22 99 44 77
51 43 97 76 22 28 92 53 14 79 78 77 29 65 75 11 23 37 97 29 38 96 14 11 30 93 82 63 64 21 8 66 72 37 22 36 47 26 90 6 71 86 10 72 51 55 58 4 39 87 40 96 70 20 17 80 4 67 94 18 51 68 19 23 14 15 52 11 70 71 11 72 14 66 49
95 98 3 5 29 74 15 69 92 86 59 85 49 77 32 36 30 2 40 86 32 82 8 99 46 15 18 33 65 98 73 8 36 77 85 70 28 45 66 22 34 99 56 8 3 4 89 38 20 13 11 41 7 53 1 77 26 4 9 89 95 31 18 63 17 93 7 29 66 89 26 93 65 12 32
21 22 50 32 46 28 15 42 91 73 58 88 31 26 63 8 72 91 45 95 46 73 65 89 8 60 19 88 48 91 35 50 12 4 57 3 3 33 86 35 66 93 8 59 28 99 98 17 51 29 51 59 75 54 23 23 71 9 17 64 22 92 62 29 98 7 58 43 56 98 87 86 85 64 55
56 96 3 12 88 92 64 53 90 56 29 58 17 51 85 83 46 87 92 51 64 76 8 60 63 81 66 21 30 18 35 70 53 85 78 42 72 32 82 78 5 90 57 35 85 66 71 38 59 55 76 41 79 59 62 1 99 7 85 12 83 1 38 65 32 48 26 12 11 42 50 90 39 71 59
20 89 67 35 54 53 26 37 66 5 18 21 18 34 41 46 23 43 70 31 51 92 8 96 33 89 6 69 2 10 3 86 17 39 56 71 44 56 12 64 94 45 44 92 55 77 69 81 50 32 6 79 25 77 72 96 49 28 65 17 68 73 82 1 8 48 82 16 60 30 36 75 62 57 35
21 93 62 45 49 71 89 71 11 20 47 17 34 97 15 89 12 22 64 71 14 6 33 52 68 21 45 20 62 35 44 13 83 44 22 40 15 23 11 72 47 41 63 11 39 86 94 46 31 8 48 73 8 9 27 53 64 80 43 1 15 80 40 49 39 94 5 90 84 14 64 64 31 82 94
12 57 92 71 48 63 22 31 30 87 64 12 25 49 65 14 79 76 51 91 64 44 14 97 50 41 33 29 86 18 2 99 42 3 96 5 87 71 67 95 15 47 6 33 86 49 39 95 24 58 5 58 46 61 33 58 48 30 49 57 92 30 54 6 11 36 17 25 90 76 86 69 35 14 94
84 8 39 52 51 77 93 47 22 49 30 89 13 46 89 96 18 61 64 69 88 48 4 24 71 13 39 37 32 94 67 94 24 52 9 81 49 19 50 31 11 85 87 12 97 62 93 39 20 64 7 84 62 81 21 38 92 34 71 31 47 84 59 45 87 35 52 16 57 63 44 57 32 25 7
1 59 38 14 64 14 64 6 9 33 71 99 34 16 8 31 8 5 49 12 86 97 82 54 65 27 21 88 97 67 79 22 17 4 72 96 61 89 86 40 48 14 77 90 86 35 20 30 48 54 87 12 14 92 78 38 62 88 22 49 35 13 16 73 24 57 39 47 24 54 48 84 56 83 95
55 25 80 76 51 74 39 3 60 65 13 51 30 76 41 31 53 90 53 24 82 39 25 61 29 56 34 55 55 98 46 64 59 58 32 94 26 22 43 43 87 71 39 3 35 7 27 87 26 60 21 80 29 94 44 58 40 44 45 70 22 62 96 49 60 92 41 59 75 63 1 92 39 1 43
27 95 16 20 26 84 78 32 10 49 40 89 89 20 24 30 54 68 14 99 50 24 71 16 49 94 43 59 42 48 50 77 41 95 86 21 69 71 89 3 68 4 27 11 93 89 99 36 57 38 76 54 45 68 8 83 37 75 71 3 59 57 56 57 12 82 87 14 97 22 65 32 89 80 11
26 17 33 83 41 13 86 71 68 66 83 30 52 38 29 76 5 22 19 40 19 97 4 45 23 71 66 48 42 79 37 50 19 97 27 79 90 7 80 90 61 75 8 4 62 24 48 62 28 91 41 76 97 98 97 16 98 78 47 14 9 55 13 70 80 76 36 11 63 38 76 49 53 17 90
24 20 29 78 40 12 5 77 9 69 91 63 61 50 67 7 73 75 69 52 68 6 40 51 4 83 48 92 71 74 77 30 97 70 70 98 91 72 43 97 48 31 45 65 5 66 66 52 23 10 49 57 17 25 2 16 17 95 68 33 71 38 48 18 39 81 49 84 16 40 43 15 82 11 18
60 67 48 24 30 28 64 11 21 80 31 82 47 27 36 2 52 75 38 79 93 37 39 55 75 68 82 10 11 16 84 14 13 72 91 41 75 70 78 15 30 23 39 49 37 3 95 75 73 14 45 92 55 5 9 74 79 44 60 51 79 88 7 67 90 80 12 11 1 80 80 35 91 17 13
72 77 58 32 36 89 30 28 87 53 52 46 11 59 84 69 45 51 78 9 61 49 11 23 26 87 94 62 62 79 55 22 62 4 59 21 72 17 45 61 21 95 42 23 47 61 97 90 10 74 46 36 84 55 76 38 35 66 89 32 42 45 51 73 88 37 74 12 24 63 89 89 47 90 67
29 54 15 87 89 93 78 22 13 56 4 93 97 60 59 49 8 73 65 1 98 37 54 8 34 32 5 84 40 14 70 73 75 26 47 51 28 67 95 51 84 86 62 70 11 85 22 18 82 76 63 82 7 79 49 56 17 16 7 73 44 7 70 89 23 59 99 35 61 72 66 34 48 81 90
92 57 14 71 3 24 22 38 46 16 66 5 5 46 65 23 55 79 89 21 34 44 9 87 8 13 78 42 20 76 5 72 97 16 2 49 7 54 28 72 33 29 17 29 83 13 20 3 39 49 89 28 26 98 62 66 88 15 99 13 35 46 74 76 7 98 87 86 89 33 53 38 81 32 18
6 12 32 57 76 39 45 69 88 94 88 31 32 54 15 53 65 87 88 84 38 74 89 30 68 38 55 13 36 42 12 25 33 91 87 25 8 13 22 27 77 70 12 17 63 62 99 90 20 54 67 42 40 74 70 63 93 92 92 55 18 96 82 2 49 34 20 7 8 2 74 52 33 44 72
13 79 59 47 51 45 71 48 66 46 42 47 18 58 75 66 32 55 75 39 82 62 94 66 46 28 31 34 30 29 92 28 4 73 13 30 69 10 72 87 95 58 74 51 36 11 16 86 24 91 7 18 90 92 12 80 42 93 89 8 70 50 40 57 94 48 24 19 93 8 31 50 56 63 65
80 49 12 11 36 90 11 45 22 58 39 90 33 79 78 97 10 24 60 8 12 81 50 73 24 22 65 72 91 58 63 67 3 90 45 37 46 55 4 81 89 57 24 76 90 89 8 97 74 95 49 47 25 38 69 62 54 2 47 1 90 22 53 42 5 90 25 1 17 58 48 96 1 18 81
65 58 61 61 79 5 92 91 22 31 19 20 79 76 6 86 83 5 11 55 88 16 51 15 59 9 10 76 40 62 87 14 26 95 68 4 18 49 69 36 64 53 73 82 1 89 80 48 76 59 21 92 89 92 65 24 81 77 56 20 54 61 67 24 75 60 96 53 89 34 95 88 19 7 29
37 57 14 14 14 30 85 50 69 47 16 50 88 38 24 32 20 89 47 72 65 73 96 57 19 41 6 42 59 16 45 13 20 60 72 68 63 81 88 3 29 92 21 28 59 65 92 56 53 39 81 21 79 86 72 84 9 79 71 85 16 92 98 46 13 7 7 16 24 76 93 22 21 20 7
72 69 10 57 8 35 65 71 46 40 22 15 3 40 92 46 19 5 78 52 50 32 50 50 64 82 98 85 66 66 79 74 12 29 91 92 61 2 4 91 30 97 34 67 16 68 31 53 9 37 39 65 72 21 74 40 4 90 82 3 31 35 6 14 10 30 6 98 36 31 33 37 99 9 7
96 7 71 57 40 6 19 91 43 44 57 12 72 37 3 71 17 43 78 64 71 54 9 91 60 29 42 76 48 92 93 60 67 47 91 30 87 42 15 98 39 13 68 71 75 62 53 13 57 75 68 50 96 71 1 63 96 27 70 40 60 42 56 38 80 92 58 31 65 7 53 54 49 50 26
72 6 7 22 45 13 62 54 66 59 86 34 17 31 24 44 62 75 55 96 92 63 69 30 19 84 89 47 97 22 52 38 95 79 89 27 10 51 94 71 61 5 57 47 59 21 98 49 68 81 14 95 89 47 92 37 70 97 28 14 68 29 88 1 13 18 82 68 33 10 6 77 76 99 67
88 80 13 64 81 37 58 34 7 74 32 21 32 68 56 48 35 57 50 89 72 38 36 58 25 97 50 78 70 57 57 78 34 77 8 84 15 28 5 8 2 37 27 82 43 63 77 76 95 9 96 4 13 21 10 49 74 88 56 13 88 72 68 58 36 12 21 26 59 35 93 74 22 83 38
27 33 23 41 4 45 21 31 41 34 4 5 13 57 1 55 77 61 76 76 57 19 57 37 3 8 83 28 75 88 80 19 98 12 7 43 25 36 77 89 17 77 9 10 12 98 96 51 87 92 73 18 57 71 36 26 1 19 34 60 47 40 58 69 87 48 41 50 64 2 58 34 60 52 82
58 8 38 41 25 61 41 13 65 20 2 54 74 53 23 98 48 7 99 64 92 14 98 46 97 28 84 1 25 95 84 63 33 88 69 91 79 62 78 89 16 17 49 43 89 97 41 58 69 60 34 11 84 6 60 87 93 6 27 29 17 67 41 39 98 90 56 23 66 52 31 92 40 72 95
4 29 6 67 99 39 95 64 92 81 30 32 88 92 27 48 59 21 47 23 23 85 70 38 92 26 56 39 6 57 19 85 95 10 6 61 51 13 14 79 17 33 10 90 91 42 60 38 14 96 78 91 62 60 57 88 96 83 28 99 83 8 26 98 98 68 70 50 92 8 29 30 16 46 40
43 3 64 9 32 39 56 44 46 86 90 86 58 14 41 40 32 84 64 23 37 77 61 69 28 55 4 22 85 36 73 16 4 25 21 81 74 1 45 96 56 97 62 66 39 84 34 65 89 5 74 81 30 59 58 42 3 46 27 76 67 47 32 61 74 49 23 65 85 1 77 87 57 82 16
34 47 89 63 42 91 23 29 72 37 48 51 43 56 59 85 48 30 6 86 11 27 11 81 61 56 31 5 63 30 22 95 88 13 87 6 36 63 9 54 93 53 7 50 4 11 74 36 46 32 70 53 42 18 84 51 27 16 41 25 39 54 37 52 56 46 61 63 88 50 7 34 55 28 39
23 97 37 68 22 43 12 91 70 63 83 6 35 95 9 38 94 60 41 52 78 79 77 87 61 17 62 69 78 72 37 89 41 71 69 63 74 6 82 87 37 53 13 58 81 62 15 98 47 7 89 2 58 65 87 27 29 43 64 11 34 58 6 59 46 80 52 75 59 37 92 39 94 68 43
1 12 96 87 17 70 89 15 49 85 65 72 38 99 5 33 3 77 86 53 12 67 30 35 82 49 83 9 70 4 74 2 30 28 83 14 24 69 84 72 3 47 94 89 85 8 98 66 69 12 90 93 16 37 42 69 51 12 39 9 42 35 79 49 70 14 43 69 84 73 67 39 66 73 46
71 88 43 40 70 17 39 71 63 4 47 2 8 18 96 37 60 66 98 20 91 91 15 10 48 31 51 96 20 94 14 51 10 92 69 45 47 8 3 61 85 68 32 95 2 89 5 60 12 4 19 63 34 70 78 2 31 89 58 78 86 87 89 82 12 41 81 79 76 77 33 60 64 91 4
86 46 39 81 42 23 72 18 15 48 14 95 18 17 86 27 49 97 34 78 54 57 76 2 22 10 76 26 74 44 37 85 60 97 68 89 11 59 23 31 42 76 49 79 94 89 71 46 93 99 31 8 3 69 62 17 37 32 93 63 8 23 3 34 71 68 84 30 10 49 97 47 82 56 12
22 23 66 99 63 2 44 92 64 52 47 77 9 10 80 47 91 24 27 10 75 51 50 80 9 84 64 7 75 90 33 20 33 91 27 94 41 57 24 64 77 66 14 94 98 56 18 10 38 17 28 63 90 82 58 45 92 30 49 7 68 63 53 79 23 15 27 87 59 26 63 82 89 25 89
40 19 66 82 8 46 54 60 59 77 3 9 96 67 6 53 23 66 59 51 78 86 10 67 72 2 66 40 55 86 51 5 81 66 21 45 34 4 52 33 60 87 29 95 38 59 23 33 97 23 20 59 76 7 34 75 95 33 86 67 90 76 37 14 52 71 9 16 89 13 4 99 93 53 29
39 13 65 70 74 16 2 80 25 82 61 17 63 34 38 8 99 63 88 91 69 93 40 78 19 94 96 58 99 11 89 15 66 67 46 50 55 87 9 28 49 17 18 93 17 53 19 98 76 43 13 61 59 19 16 70 51 69 16 72 14 30 12 25 13 87 44 20 86 62 75 13 62 95 33
75 6 56 35 27 37 59 89 68 14 86 60 54 5 51 86 20 6 5 21 81 30 12 65 49 93 77 34 55 72 82 48 60 68 90 28 21 12 58 69 99 74 8 78 57 89 31 76 6 27 94 53 55 49 66 49 14 29 56 3 99 37 42 14 10 93 65 61 36 58 2 61 72 23 45
13 23 69 81 25 47 81 90 85 20 28 96 49 2 63 47 99 51 79 43 4 34 51 43 81 33 37 6 53 13 35 56 73 45 64 78 20 24 64 66 74 46 55 60 97 90 56 76 20 15 97 50 22 32 77 53 29 41 52 20 53 59 93 90 51 4 54 86 68 93 71 55 86 70 42
42 59 41 19 81 52 20 69 62 24 79 72 53 95 16 15 46 17 55 88 8 71 94 64 97 24 11 10 47 22 87 41 5 68 77 37 35 48 26 47 15 83 54 7 41 68 9 84 32 55 82 67 35 17 14 23 25 75 20 98 14 74 82 44 7 67 18 87 60 70 44 67 44 49 49
29 32 46 51 65 69 94 70 8 13 15 17 27 34 33 16 47 70 91 17 78 46 34 89 68 8 47 72 53 16 97 89 12 52 98 94 82 72 59 4 40 62 89 95 28 74 7 93 36 90 98 76 20 25 11 67 1 94 84 47 72 83 7 17 45 79 27 99 52 27 60 34 57 23 13
80 33 85 27 64 82 94 97 57 36 36 97 46 69 59 91 99 16 42 72 73 87 51 39 52 82 37 24 37 73 97 56 85 41 91 60 51 84 21 35 91 24 82 89 23 7 95 21 97 73 4 74 2 42 97 92 22 59 47 99 3 41 1 79 33 14 95 65 76 21 93 88 60 56 1
81 55 18 62 34 92 14 12 25 75 44 76 10 86 35 5 89 29 49 45 53 21 51 11 60 76 58 28 20 85 72 38 46 10 72 10 10 18 16 30 51 39 65 11 31 79 53 37 20 70 72 95 20 75 60 95 29 89 20 99 83 42 89 32 18 73 97 47 81 42 32 18 71 20 53
75 41 4 41 37 91 32 71 86 14 18 93 45 28 4 55 81 10 63 63 32 66 8 90 55 72 42 1 19 54 89 19 78 23 12 39 8 65 81 49 12 46 15 27 30 5 91 47 78 9 58 14 58 81 98 57 63 31 48 85 80 68 72 25 75 55 80 72 83 93 93 38 72 65 75
33 58 25 22 88 95 35 98 59 50 98 13 76 57 87 8 91 88 39 99 46 44 89 33 98 39 51 76 46 75 18 17 24 85 81 11 96 65 32 20 86 11 93 19 82 23 28 14 44 22 23 33 32 67 59 72 73 54 28 60 18 85 76 67 40 40 23 9 87 67 62 63 2 34 11
47 76 68 73 59 71 61 47 93 37 91 73 57 73 79 68 78 94 66 5 45 57 28 31 97 87 18 22 53 93 99 37 33 94 23 40 44 35 74 50 36 35 42 50 79 36 96 99 34 14 58 3 97 11 79 15 16 66 60 93 3 58 31 91 56 74 66 91 19 80 3 17 2 77 20
51 94 87 63 59 41 31 52 66 92 48 9 61 55 36 79 37 18 81 35 95 48 59 81 45 20 29 95 59 35 64 79 6 69 39 55 10 30 43 81 32 58 90 13 52 75 89 63 17 27 66 97 69 35 80 99 94 76 11 13 36 35 66 49 17 1 45 35 17 63 26 31 28 95 76
89 88 8 99 61 6 50 97 93 37 67 39 26 90 48 61 97 27 29 4 77 52 43 13 49 6 10 13 63 63 20 11 84 66 99 60 60 12 2 26 69 85 21 87 66 41 46 20 36 5 45 29 34 14 62 85 70 55 90 64 58 91 80 5 88 66 97 94 48 50 47 35 3 90 26
49 13 49 16 57 27 2 90 58 21 13 72 94 15 20 30 86 44 47 6 26 43 47 80 72 76 53 92 99 29 59 46 11 71 57 67 57 22 31 66 93 64 26 16 98 12 83 9 7 61 76 37 59 24 53 54 36 48 19 62 59 97 46 97 31 84 45 17 74 90 33 64 83 63 53
31 84 31 93 59 76 89 2 71 36 20 87 40 87 68 75 13 39 3 60 50 83 27 87 51 88 1 15 80 37 47 4 40 74 14 4 52 34 91 9 22 84 38 44 75 86 70 6 84 23 34 44 37 50 73 62 1 19 56 50 6 49 72 74 94 29 62 71 34 16 57 99 87 82 17
82 1 53 39 70 43 24 27 95 36 46 66 51 44 61 89 9 84 42 10 38 9 33 28 78 51 55 53 22 9 4 59 70 27 27 73 51 98 67 84 86 46 11 20 26 99 51 49 86 18 87 41 6 50 78 72 61 76 50 89 3 69 99 21 8 36 16 15 14 54 1 69 28 48 5
13 68 94 3 8 16 76 5 56 16 65 19 58 11 50 29 89 36 80 33 4 48 24 93 30 87 28 9 93 98 62 19 91 68 23 2 29 15 60 93 65 52 38 56 42 53 84 9 47 67 29 10 62 1 99 99 41 76 57 52 3 9 80 69 26 76 3 17 86 97 58 52 18 98 58
95 74 51 83 54 63 20 39 59 50 48 10 63 44 46 39 92 42 38 25 17 78 38 51 10 27 42 18 83 39 25 10 11 21 11 10 9 53 34 16 50 55 91 81 12 5 6 31 81 15 40 74 68 45 32 67 11 9 81 3 48 42 6 77 12 62 43 12 84 42 47 96 83 46 18
37 81 63 64 77 46 23 59 92 20 18 24 93 58 92 23 96 26 52 30 94 66 99 88 82 13 22 11 47 63 15 87 9 6 60 82 84 34 61 5 15 87 43 9 97 21 84 11 34 75 71 32 37 81 60 21 92 12 28 96 9 42 71 41 63 90 61 23 14 6 64 92 38 39 81
76 68 39 91 27 31 83 24 41 55 40 84 55 52 35 96 41 50 24 55 54 93 85 84 74 55 82 50 74 40 98 15 22 92 32 37 76 67 64 26 88 4 63 39 17 48 32 76 12 11 2 12 7 79 12 13 95 24 10 36 27 45 88 68 92 76 74 96 47 48 59 27 69 54 75
35 46 64 41 1 95 95 20 8 18 18 17 61 54 56 99 11 56 48 36 40 85 55 32 13 26 15 35 93 64 48 52 28 90 92 78 6 69 15 64 82 54 98 25 20 4 7 84 97 37 86 41 6 68 1 2 13 29 79 1 80 13 31 18 98 91 22 48 4 75 95 34 7 32 57
39 61 2 82 88 10 63 6 91 36 63 42 64 65 45 87 42 86 63 78 44 90 89 53 99 24 19 5 80 21 92 64 33 99 84 27 32 71 4 83 46 58 48 38 7 50 57 45 11 79 55 79 73 59 83 63 32 62 20 95 62 49 59 16 91 20 99 24 88 82 34 7 88 91 30
16 72 98 3 39 19 66 11 99 32 27 20 30 32 15 66 67 11 46 7 62 64 60 86 3 33 85 74 26 27 55 75 46 91 48 53 1 56 50 37 7 38 76 47 75 6 10 69 95 42 23 54 99 56 76 38 23 41 32 41 82 46 98 43 18 37 30 64 95 63 63 45 20 63 91
46 73 86 35 80 11 29 65 52 85 19 17 28 79 74 20 53 66 82 41 75 8 94 93 73 67 44 34 2 58 14 52 71 55 92 43 4 53 38 48 76 91 92 46 14 44 94 42 38 99 26 44 93 55 64 6 29 54 26 63 16 54 95 9 76 71 21 44 58 28 38 63 91 82 95
69 31 16 12 79 97 43 9 72 80 59 29 29 72 29 60 54 67 73 45 73 66 38 56 92 13 1 6 82 94 36 27 30 75 28 89 52 5 71 27 46 46 30 97 79 30 70 15 20 27 64 21 89 1 58 22 75 48 19 81 9 50 61 11 44 95 61 34 13 98 71 32 71 30 37
46 96 34 19 25 24 64 30 31 83 57 84 20 50 75 47 75 99 39 40 43 48 6 68 80 81 57 20 28 16 34 27 18 45 29 90 87 34 27 16 91 93 16 81 47 67 27 12 53 42 41 94 11 67 70 95 3 65 47 71 68 32 41 8 75 86 27 9 99 2 86 15 50 44 1
37 60 16 14 77 52 17 1 2 36 45 82 62 25 19 53 51 84 62 88 63 87 1 54 25 53 13 99 90 84 13 73 85 25 24 29 47 74 27 49 18 10 32 65 88 54 94 75 91 43 51 20 99 36 14 31 42 1 33 64 26 19 74 13 80 48 34 68 21 92 71 39 19 67 35
72 9 80 77 30 96 5 11 66 90 58 91 34 44 69 41 19 84 84 25 95 52 45 99 53 56 95 40 35 88 90 29 39 87 77 2 71 43 83 65 40 9 25 52 98 63 92 71 76 36 57 36 71 53 90 66 4 85 1 76 46 41 12 84 86 87 82 37 84 45 73 40 46 27 95
11 13 50 89 3 89 58 61 33 78 75 92 54 25 17 17 36 80 75 77 63 5 26 24 96 88 51 89 32 3 20 38 85 22 52 53 84 61 25 35 97 90 73 95 43 92 56 71 39 51 71 98 99 19 38 49 56 71 53 34 97 88 12 44 53 94 18 82 78 74 47 92 53 21 21
37 87 71 71 73 84 93 79 95 68 35 47 26 39 76 47 58 95 78 31 97 89 50 26 12 96 75 37 69 87 42 3 24 99 38 87 22 79 65 74 99 26 16 77 70 94 29 94 63 39 22 60 13 35 34 42 26 66 82 99 12 10 82 2 73 28 85 12 47 81 99 80 45 89 5
32 44 58 13 39 99 64 5 60 81 82 4 94 59 34 60 10 16 64 52 83 11 68 9 61 83 49 71 7 46 42 22 60 33 51 92 8 70 52 78 77 9 99 22 33 16 47 1 95 6 17 12 60 88 12 86 59 50 14 63 96 29 49 73 53 97 60 39 70 74 19 45 74 7 13
94 94 76 1 74 97 71 35 43 58 60 84 75 32 38 71 7 58 16 76 25 68 61 91 78 24 33 85 65 43 59 86 65 7 90 47 70 41 81 6 85 48 80 31 70 29 96 19 70 39 98 10 97 3 75 79 32 74 78 93 63 78 1 49 31 3 26 4 39 84 59 96 68 63 21
68 55 32 37 54 34 28 46 19 8 90 23 75 50 5 17 62 62 8 82 60 65 42 25 88 9 90 34 69 63 23 88 92 51 35 21 9 17 97 53 78 3 49 55 34 84 16 65 23 64 99 39 82 74 82 86 24 80 49 95 75 75 31 72 39 58 58 50 60 49 81 53 43 96 65
1 34 67 35 42 25 55 16 75 8 45 75 13 61 29 38 23 90 57 87 4 72 43 25 48 86 61 51 11 34 64 15 91 42 32 52 63 66 69 21 17 70 74 17 9 52 6 61 31 72 46 38 62 45 55 28 23 96 70 82 57 79 32 35 21 48 24 38 15 81 15 68 7 39 72
18 75 90 61 26 30 71 39 96 47 41 77 57 45 19 11 52 2 30 24 84 2 94 58 87 93 89 3 7 43 96 12 59 1 62 49 9 65 12 84 91 41 63 18 87 95 53 81 76 38 19 84 70 56 43 45 72 40 92 23 95 54 55 87 51 47 68 43 92 38 68 83 36 90 91
98 92 72 11 38 84 11 11 85 8 60 18 30 65 85 13 83 91 91 61 49 78 2 12 11 23 71 85 27 71 66 49 61 65 58 18 76 53 41 47 33 81 68 7 29 38 64 16 62 32 90 54 48 49 45 67 96 4 8 11 12 10 55 95 91 11 38 7 45 85 12 20 92 68 88
84 18 6 95 66 16 73 10 78 65 28 3 26 91 96 62 55 76 7 36 78 50 27 91 92 65 41 51 54 85 32 91 28 75 35 33 66 38 77 66 96 48 24 63 65 1 48 21 54 49 7 36 78 36 24 37 34 18 10 35 12 72 12 64 66 40 88 31 91 8 1 58 76 55 35
36 67 16 80 52 58 60 79 30 3 62 45 32 20 19 84 59 13 81 25 40 40 22 15 29 91 76 40 21 45 25 81 67 79 1 72 31 61 18 36 76 67 57 50 67 32 90 53 57 14 92 36 16 70 53 66 93 64 14 21 13 6 19 81 4 2 55 32 52 45 86 82 87 8 51
88 40 66 46 95 48 67 5 23 28 90 28 23 50 72 99 77 64 25 55 24 12 93 68 72 52 7 47 47 35 3 94 44 88 2 96 67 26 76 92 77 3 51 37 93 1 89 48 58 71 80 71 90 76 5 3 36 34 87 82 85 7 15 33 54 17 14 12 11 82 63 92 68 8 28
90 49 60 45 21 49 23 62 9 84 84 33 77 26 45 27 99 60 10 72 29 89 38 60 50 75 37 84 14 27 21 80 18 39 63 92 39 13 80 24 33 39 49 74 28 40 73 40 25 11 84 15 54 26 22 11 93 16 47 40 8 7 49 47 42 56 93 73 25 43 60 42 85 24 62
59 55 41 39 26 52 60 13 36 63 25 34 59 36 97 16 18 63 58 2 57 21 11 99 47 63 52 47 57 43 10 64 3 82 85 69 91 84 88 49 96 6 53 91 45 94 65 47 77 35 18 93 70 63 6 21 56 76 88 1 65 65 65 78 21 10 49 91 20 7 94 62 64 17 4
23 20 93 27 7 42 40 98 49 39 43 53 70 56 93 94 41 33 49 55 56 78 62 69 64 88 91 87 81 84 95 49 16 90 89 46 22 84 85 12 51 64 14 86 61 45 41 79 58 30 17 44 4 1 76 96 48 47 26 78 46 99 37 84 31 22 84 77 38 20 28 36 11 24 66
97 64 64 19 71 10 1 33 30 27 13 15 99 41 34 10 37 62 2 95 74 44 9 10 75 41 21 56 90 39 11 99 29 9 95 1 10 41 21 86 55 39 24 62 77 32 4 95 1 77 20 18 46 58 38 5 40 18 97 48 10 79 22 26 19 43 89 28 81 81 72 49 62 90 40
58 71 61 75 93 29 22 27 96 32 52 92 60 66 51 90 27 9 19 88 34 47 85 91 80 1 44 58 84 10 26 19 29 79 10 89 81 92 42 98 44 79 61 53 1 63 29 98 84 62 75 52 8 17 10 49 92 73 26 55 85 49 14 39 72 73 75 40 53 97 24 9 57 98 62
78 73 71 61 46 38 89 67 75 55 66 66 83 67 29 96 61 95 8 55 64 88 49 35 22 68 46 51 27 68 75 66 81 24 22 38 2 79 74 3 85 68 11 20 96 18 74 69 31 1 54 60 68 46 8 90 33 47 38 93 64 72 79 79 56 5 73 55 18 5 1 8 96 55 41
46 73 65 95 70 16 94 24 46 32 36 63 54 31 98 55 15 67 61 91 82 12 76 14 5 7 96 17 29 85 98 96 74 9 69 36 74 55 82 7 88 61 16 39 31 92 3 48 68 98 47 28 99 68 78 6 67 89 59 65 81 83 40 32 82 97 58 87 31 80 40 74 71 78 93
84 73 84 90 67 76 84 55 12 47 39 82 27 44 23 14 51 29 50 88 73 36 47 25 19 98 49 11 59 16 49 43 95 13 21 64 71 42 96 64 20 78 76 84 77 49 23 1 70 23 78 4 65 64 68 73 12 12 76 78 99 20 38 20 88 96 78 54 7 28 14 48 18 34 7
20 41 68 99 89 19 39 42 80 38 70 22 89 86 13 10 72 89 5 38 53 98 51 3 3 5 97 94 43 68 29 81 89 75 13 14 5 26 69 30 1 93 98 7 13 96 87 43 7 36 43 40 56 48 63 26 54 18 31 15 82 51 9 40 25 84 54 89 38 38 40 27 40 39 5
92 35 92 83 76 72 37 10 50 38 45 89 11 99 61 67 19 87 19 52 7 29 63 18 92 55 79 57 21 95 43 70 12 70 4 16 36 53 48 21 11 1 95 43 8 95 44 99 65 29 94 41 18 79 26 22 36 56 66 81 71 55 5 5 41 62 39 16 74 36 51 72 22 7 75
36 60 43 13 13 97 51 38 90 17 27 90 97 17 34 69 94 58 16 78 7 9 8 40 86 4 72 54 8 80 43 24 68 18 47 98 61 83 21 86 81 92 74 83 12 35 87 73 11 32 57 88 30 59 75 5 30 74 72 81 14 53 14 11 9 51 14 65 13 71 92 74 81 99 90
85 85 8 99 65 89 97 56 88 21 61 96 32 10 50 18 22 44 79 20 75 3 68 77 40 36 49 47 70 60 32 57 41 12 64 3 96 91 79 76 37 35 91 34 39 28 3 6 79 1 46 71 32 59 21 28 80 30 30 20 45 61 59 16 11 45 57 25 42 52 4 72 19 26 36
14 97 72 86 88 67 17 8 49 58 70 40 7 51 97 34 49 25 84 53 70 17 96 75 5 76 22 71 75 53 25 46 88 62 16 38 9 66 67 22 9 79 45 72 13 23 60 79 26 22 98 10 72 24 52 25 43 65 59 44 59 32 57 56 90 93 25 20 51 12 98 32 25 1 32
52 68 81 54 54 77 56 40 43 73 83 32 14 15 8 79 24 38 95 49 19 18 13 88 83 31 25 43 89 34 39 73 83 73 71 48 56 20 96 75 13 63 60 49 16 54 29 56 87 62 18 6 48 55 55 9 19 28 14 43 1 25 20 85 42 31 54 98 26 76 74 32 31 33 88
88 34 93 49 70 98 84 86 97 46 9 6 74 63 4 60 38 27 57 63 2 86 29 16 41 48 18 75 85 52 27 36 85 3 10 14 75 92 46 84 25 40 57 8 22 1 34 19 71 38 28 98 59 21 72 13 50 11 85 9 54 23 24 19 23 78 79 14 29 92 12 47 59 4 95
95 52 46 78 97 26 90 15 59 34 39 80 84 48 64 43 56 31 21 5 11 77 16 7 74 34 39 85 15 11 10 29 15 3 63 15 38 82 49 7 83 93 26 47 82 61 29 11 4 94 47 22 18 28 53 34 91 2 50 6 32 96 7 56 7 14 17 28 25 12 27 88 89 89 4
76 57 96 60 59 48 75 73 50 68 14 2 78 8 83 47 43 28 22 33 51 65 36 23 88 45 47 3 54 15 55 60 26 68 28 84 79 30 53 53 79 49 73 59 86 40 76 73 4 1 17 22 59 98 94 20 44 2 91 15 78 32 94 58 90 59 56 58 36 93 85 74 25 53 51
83 73 50 98 86 54 92 49 74 46 84 38 35 25 64 96 68 79 47 28 46 28 66 74 51 83 51 90 76 49 81 48 40 65 94 93 93 58 72 84 77 3 44 87 99 79 3 33 54 7 55 38 65 31 61 17 55 62 51 44 91 33 50 79 87 47 13 83 85 89 75 32 33 37 51
96 90 69 13 66 77 79 89 81 21 13 3 13 62 13 51 30 23 46 26 43 57 64 18 56 22 53 33 31 78 82 71 84 14 66 94 63 15 96 77 98 41 77 97 2 40 17 51 58 72 41 39 1 37 53 56 38 50 46 82 54 42 77 38 54 67 73 14 22 16 44 95 32 8 34
74 65 13 5 92 50 2 81 41 77 62 8 11 83 52 81 76 41 40 32 67 22 25 18 18 30 31 17 66 36 59 65 92 18 11 23 6 77 61 6 32 31 30 32 49 75 41 90 47 9 35 92 8 55 26 2 3 86 56 44 58 59 84 69 34 7 45 73 56 36 17 57 83 5 56
57 59 89 14 63 62 10 71 7 4 76 65 40 23 60 57 81 65 69 83 75 15 58 63 29 22 97 94 14 83 42 2 63 17 64 49 55 20 28 6 10 45 6 99 6 90 79 90 19 85 96 82 86 47 37 52 35 92 18 88 32 22 60 90 43 53 44 60 34 80 50 79 72 38 35
32 7 41 73 51 31 73 55 55 88 71 25 76 17 42 80 87 96 81 75 74 45 90 80 59 17 4 70 73 86 61 13 31 92 37 97 32 87 54 98 44 91 35 98 7 85 74 19 14 83 29 32 40 41 24 9 20 13 88 95 3 63 47 7 86 6 48 15 76 6 44 85 96 28 98
6 90 20 66 86 51 64 61 97 28 25 42 61 51 94 37 38 48 18 36 87 82 21 28 33 95 31 38 64 84 12 26 21 82 61 58 45 71 20 90 33 82 54 13 63 28 30 43 21 14 85 83 10 84 97 43 31 38 46 25 44 5 41 62 8 46 33 65 26 97 64 52 53 84 35
9 72 77 16 37 20 57 42 89 99 68 28 79 85 41 94 15 33 41 58 8 75 61 77 63 63 80 79 68 7 7 19 11 76 83 87 62 39 99 87 36 29 54 6 25 78 40 84 80 45 25 63 12 77 56 17 28 44 65 1 20 84 63 60 82 99 54 65 78 96 6 27 16 91 39
11 26 24 39 74 2 32 35 74 45 39 52 28 58 94 82 98 50 49 88 85 34 68 77 37 81 60 31 91 15 85 25 72 4 9 38 86 73 78 5 2 54 33 38 74 98 42 10 8 99 34 25 91 11 47 70 51 66 33 33 10 5 5 64 99 5 48 57 74 95 33 84 7 24 41
53 94 25 61 34 54 39 24 55 52 84 31 95 98 50 6 27 3 30 84 26 47 41 55 33 62 41 27 89 56 37 57 98 10 97 73 1 50 31 2 14 14 24 8 78 6 61 99 98 22 12 6 97 33 1 21 60 44 1 81 64 91 81 31 68 76 83 20 97 57 80 36 52 72 60
33 63 13 17 93 74 31 73 96 65 3 39 65 13 25 37 1 86 53 68 87 38 38 46 8 97 32 75 56 18 93 7 5 5 3 72 84 72 60 91 97 43 2 54 47 92 85 47 42 19 20 96 89 47 12 58 33 34 1 55 41 88 8 62 92 73 83 85 21 96 27 9 42 80 24
62 83 17 46 9 99 90 67 74 54 86 44 81 92 63 4 95 73 97 95 14 57 32 11 55 15 75 20 37 97 25 96 89 73 96 2 16 3 55 55 97 81 43 75 3 46 3 39 34 31 33 77 73 84 1 93 71 85 11 30 8 67 82 4 84 7 29 23 81 58 82 99 98 29 14
60 70 36 78 12 96 25 86 50 30 46 31 71 38 22 2 53 24 91 64 66 19 94 66 32 69 32 47 12 46 84 96 75 81 65 37 17 94 94 13 74 58 79 78 94 54 7 77 90 50 16 28 99 77 37 75 22 32 67 62 32 36 26 87 49 98 73 16 78 25 51 89 6 25 91
38 95 32 18 97 41 66 21 53 73 84 93 37 17 49 14 67 38 99 91 3 79 47 11 34 93 44 29 64 86 28 20 19 41 55 56 7 17 2 45 48 63 35 6 26 50 8 10 47 94 34 94 50 73 13 98 27 33 47 62 55 42 37 50 80 96 97 48 5 6 29 83 73 3 4
31 26 61 18 98 4 48 41 6 52 47 99 54 76 77 40 10 23 90 95 38 34 98 44 17 37 49 55 42 39 30 77 73 55 8 88 62 30 24 25 5 88 75 87 45 99 99 11 98 61 66 10 11 29 30 63 97 67 49 36 14 6 77 95 16 79 88 98 97 36 10 88 23 55 77
94 40 13 17 4 93 26 29 26 59 90 28 3 42 35 16 65 2 40 96 71 33 41 58 39 35 60 66 94 63 13 44 36 59 30 18 26 48 8 28 22 46 97 42 30 31 55 69 19 72 17 17 2 2 73 38 90 51 35 77 17 97 94 2 30 52 8 97 23 99 87 94 58 26 49
17 27 94 43 39 85 22 46 74 48 40 36 41 35 11 32 24 4 61 42 27 64 36 39 58 29 70 82 19 48 75 88 62 86 8 11 59 98 40 74 57 13 15 72 5 95 51 44 90 16 92 64 50 16 10 66 6 33 37 37 46 33 24 99 22 28 87 27 32 22 2 5 64 36 5
85 21 51 2 69 31 67 17 32 86 67 25 66 17 89 15 4 31 24 55 27 58 98 39 35 59 85 65 17 71 90 42 32 11 80 91 33 90 34 56 1 50 88 48 91 91 82 97 99 58 45 3 94 35 47 86 4 82 60 61 74 71 63 7 12 18 91 95 36 99 2 69 1 52 41
52 9 52 99 25 20 73 77 61 92 38 30 47 61 85 88 92 58 12 73 43 28 78 29 6 11 41 97 87 69 37 10 21 4 1 27 12 77 24 35 77 49 39 7 32 89 65 30 38 53 12 94 34 42 14 9 48 98 82 34 92 51 60 6 3 78 54 67 78 45 76 67 99 95 32
93 63 24 87 73 8 68 11 38 68 70 37 52 6 3 67 71 3 40 17 78 81 93 76 48 78 80 33 34 38 55 57 50 63 42 22 79 75 88 17 31 67 52 26 60 32 98 61 84 25 8 47 38 10 77 48 96 80 30 80 22 80 32 6 53 20 71 52 27 19 67 9 44 87 88
6 78 71 69 10 97 29 7 62 60 33 85 23 45 74 15 79 68 27 88 24 19 10 49 31 28 36 20 22 16 57 75 89 28 1 24 76 95 98 35 27 5 53 59 88 38 18 32 74 7 56 73 69 68 62 91 7 3 49 98 78 32 65 58 77 65 33 84 25 3 18 70 79 12 44
42 56 74 5 45 92 65 63 13 82 15 53 16 27 27 18 98 75 47 37 75 39 9 44 32 46 61 24 5 28 13 68 3 43 42 90 3 28 5 69 64 81 14 91 35 20 32 86 46 56 52 27 71 6 57 97 72 66 56 43 70 48 32 94 24 85 49 29 61 41 68 84 57 48 60
90 80 44 84 27 37 84 86 22 46 57 85 76 4 19 25 8 77 59 35 21 38 26 80 81 81 95 7 53 18 39 77 2 26 38 95 68 29 49 78 23 65 35 4 57 90 26 22 58 17 86 98 79 92 22 68 62 95 69 59 38 69 40 82 83 59 91 32 6 65 98 94 81 55 5
48 80 99 70 51 51 24 52 69 57 30 17 9 83 67 18 22 97 78 67 72 40 13 91 79 11 78 8 89 48 64 58 78 92 62 42 82 68 68 27 87 31 72 15 99 42 90 79 97 60 83 17 61 96 64 53 18 21 24 3 31 12 53 64 5 18 60 18 61 61 85 42 12 80 62
90 94 26 68 95 15 19 63 59 13 97 75 91 47 2 64 11 63 19 14 56 42 8 13 58 58 63 38 96 86 74 84 17 46 24 61 28 16 50 92 98 38 91 89 48 71 31 47 82 36 98 73 20 32 71 99 13 70 16 45 69 41 57 43 19 40 70 34 13 26 75 78 20 60 11
70 98 73 33 20 46 53 86 67 79 20 59 53 46 88 98 89 8 37 17 64 95 74 98 92 11 25 33 78 67 75 32 77 52 3 62 30 13 67 4 14 47 57 71 84 95 60 32 64 62 84 35 9 99 88 40 17 33 78 20 5 99 63 31 15 37 13 16 88 6 14 63 90 45 45
58 96 72 29 23 43 75 92 24 86 74 23 86 28 80 67 45 77 48 46 4 91 76 49 29 11 32 97 1 62 87 16 98 99 48 59 35 22 33 92 42 16 97 12 25 17 29 47 77 37 57 80 8 41 46 4 23 92 54 88 33 44 49 14 69 63 56 75 27 98 46 86 89 68 13
58 73 52 78 30 19 22 18 72 58 87 39 28 52 65 38 74 56 77 61 94 39 65 63 61 98 19 15 80 90 4 21 83 64 30 52 97 54 61 19 40 21 5 62 27 87 87 11 2 96 77 87 30 49 43 62 37 88 27 52 12 41 15 41 62 79 12 3 5 38 39 21 23 44 63
40 88 22 46 91 86 86 96 4 1 39 39 92 63 83 22 27 17 80 51 49 69 41 3 10 46 11 68 2 1 27 22 49 44 30 78 16 24 14 70 52 80 45 94 34 49 85 62 13 52 53 41 32 26 8 43 29 53 67 80 99 35 36 82 94 57 48 24 99 89 8 15 60 37 32
55 99 90 94 9 51 65 29 78 65 37 80 18 21 71 57 67 98 95 93 34 42 92 35 55 37 18 18 84 30 37 56 58 57 68 85 21 12 74 58 50 18 15 48 97 11 34 62 23 1 60 95 58 55 57 20 13 83 63 22 3 21 34 69 57 18 76 65 83 27 1 97 39 32 67
89 49 43 14 4 8 77 86 41 95 42 39 82 19 12 26 98 29 17 37 93 66 92 3 97 34 24 46 56 68 16 69 65 58 72 2 56 12 87 49 11 98 22 50 33 18 75 89 48 4 14 62 51 74 40 36 8 97 23 70 90 42 87 80 42 68 58 21 86 43 40 20 21 11 77
56 65 87 72 18 31 45 24 36 93 42 90 77 76 52 92 78 69 17 24 41 77 38 87 63 32 38 21 58 69 1 44 88 16 51 81 62 29 34 30 59 26 74 86 44 56 95 27 10 37 43 31 94 17 79 10 58 39 59 52 89 26 76 54 60 84 6 87 95 67 76 20 77 90 41
12 71 37 45 49 26 84 18 82 32 16 79 32 28 27 41 42 6 97 84 26 92 31 66 72 26 77 36 16 27 7 71 98 38 91 73 6 10 21 17 67 21 38 14 65 19 72 46 44 48 67 34 67 5 60 93 33 16 72 90 95 45 27 88 94 66 20 29 11 54 63 40 50 63 59
25 22 91 72 9 43 82 11 53 3 59 60 61 55 30 56 2 29 65 25 90 51 10 46 59 67 4 35 14 3 93 33 47 53 69 58 29 16 5 14 91 77 57 87 27 84 34 95 69 27 61 24 20 93 59 46 44 54 58 98 26 15 8 28 40 95 15 94 61 84 44 27 36 37 29
52 16 66 81 74 93 10 79 55 30 88 16 15 61 52 67 16 68 25 71 9 6 38 84 25 69 90 40 49 48 34 29 12 98 7 6 36 72 4 32 88 68 8 52 67 61 79 56 9 85 27 17 11 91 22 23 16 58 44 35 26 85 6 55 85 67 96 32 56 7 82 4 7 79 2
93 44 66 62 33 17 19 35 40 18 27 38 25 74 69 32 23 79 7 22 22 43 67 4 41 53 90 11 22 55 79 32 41 55 57 59 73 3 29 2 44 50 86 58 55 41 84 47 43 74 92 35 95 24 19 14 36 25 67 68 90 36 49 69 36 56 64 89 23 93 79 76 40 79 70
73 34 7 17 72 33 6 2 83 65 41 81 25 73 59 53 85 97 40 79 68 4 63 68 30 89 5 90 39 32 91 25 1 55 2 1 25 19 98 35 45 60 50 58 85 25 38 53 31 66 65 27 77 29 89 53 33 16 12 76 69 79 45 96 86 78 21 34 84 3 26 98 73 70 58
28 72 14 52 54 16 36 39 6 24 64 35 25 79 12 92 4 8 78 92 39 59 82 2 30 82 72 76 38 8 50 73 30 56 88 27 88 40 35 32 16 13 78 44 16 31 15 30 85 62 71 15 71 36 40 37 17 87 10 83 65 51 60 18 44 35 5 74 46 94 84 79 72 58 40

Demandas:
0 0 1 0 0 0 0 0
0 0 0 0 1 0 0 0
0 0 0 1 0 0 0 0
0 0 0 0 0 0 1 0
0 0 1 0 0 0 0 0
0 0 0 0 0 0 0 1
0 1 0 0 0 0 0 0
0 1 0 0 0 0 0 0
0 0 0 1 0 0 0 0
0 0 0 0 0 0 0 1
0 0 0 0 0 1 0 0
0 0 1 0 0 0 0 0
1 0 0 0 0 0 0 0
0 0 0 0 0 0 1 0
0 0 0 0 0 0 0 1
0 1 0 0 0 0 0 0
0 1 0 0 0 0 0 0
0 1 0 0 0 0 0 0
0 0 0 1 0 0 0 0
1 0 0 0 0 0 0 0
1 0 0 0 0 0 0 0
0 1 0 0 0 0 0 0
0 1 0 0 0 0 0 0
1 0 0 0 0 0 0 0
0 0 0 1 0 0 0 0
0 1 0 0 0 0 0 0
0 0 0 1 0 0 0 0
0 1 0 0 0 0 0 0
0 0 0 0 0 0 0 1
0 0 0 0 0 0 1 0
0 0 0 0 0 0 1 0
0 1 0 0 0 0 0 0
0 0 0 0 0 0 1 0
0 0 0 0 1 0 0 0
0 0 0 1 0 0 0 0
0 0 0 0 0 1 0 0
0 0 0 0 0 0 0 1
0 0 0 0 0 0 0 1
0 0 1 0 0 0 0 0
1 0 0 0 0 0 0 0
1 0 0 0 0 0 0 0
0 0 0 0 1 0 0 0
0 1 0 0 0 0 0 0
1 0 0 0 0 0 0 0
1 0 0 0 0 0 0 0
0 0 0 0 0 0 0 1
0 0 1 0 0 0 0 0
0 0 0 1 0 0 0 0
1 0 0 0 0 0 0 0
1 0 0 0 0 0 0 0
0 0 1 0 0 0 0 0
0 0 0 0 0 1 0 0
0 0 0 0 0 1 0 0
0 0 0 0 0 0 0 1
0 1 0 0 0 0 0 0
0 0 1 0 0 0 0 0
0 0 0 0 1 0 0 0
0 0 0 0 1 0 0 0
0 0 0 1 0 0 0 0
0 0 0 1 0 0 0 0
1 0 0 0 0 0 0 0
0 0 0 0 0 0 0 1
0 0 0 0 0 1 0 0
1 0 0 0 0 0 0 0
0 0 1 0 0 0 0 0
1 0 0 0 0 0 0 0
0 0 1 0 0 0 0 0
0 0 0 0 0 0 0 1
0 0 0 1 0 0 0 0
0 0 0 0 0 1 0 0
0 0 0 0 0 1 0 0
0 0 0 0 0 0 0 1
0 0 0 0 0 0 1 0
0 0 0 0 1 0 0 0
0 0 1 0 0 0 0 0
0 0 0 0 0 1 0 0
0 0 0 1 0 0 0 0
0 0 0 0 0 0 1 0
0 0 0 0 0 1 0 0
0 0 0 0 0 0 0 1
1 0 0 0 0 0 0 0
1 0 0 0 0 0 0 0
1 0 0 0 0 0 0 0
0 1 0 0 0 0 0 0
0 0 0 0 0 0 1 0
0 0 0 0 0 0 1 0
0 0 0 0 0 0 1 0
0 0 0 0 1 0 0 0
0 0 0 0 0 0 0 1
0 0 0 0 1 0 0 0
0 1 0 0 0 0 0 0
0 0 1 0 0 0 0 0
0 1 0 0 0 0 0 0
0 0 0 0 0 0 1 0
0 0 0 0 0 0 0 1
0 0 0 0 1 0 0 0
1 0 0 0 0 0 0 0
1 0 0 0 0 0 0 0
0 0 0 0 1 0 0 0
1 0 0 0 0 0 0 0
0 0 0 1 0 0 0 0
0 0 0 0 1 0 0 0
0 1 0 0 0 0 0 0
0 0 0 0 0 0 0 1
0 0 0 0 0 1 0 0
0 0 0 0 0 0 1 0
0 0 0 1 0 0 0 0
0 0 1 0 0 0 0 0
0 0 0 1 0 0 0 0
1 0 0 0 0 0 0 0
1 0 0 0 0 0 0 0
0 0 0 0 0 0 1 0
0 0 0 0 0 0 1 0
1 0 0 0 0 0 0 0
0 1 0 0 0 0 0 0
0 0 0 0 0 0 1 0
0 0 0 0 1 0 0 0
0 1 0 0 0 0 0 0
0 1 0 0 0 0 0 0
0 1 0 0 0 0 0 0
0 0 0 0 1 0 0 0
0 0 1 0 0 0 0 0
0 1 0 0 0 0 0 0
0 0 1 0 0 0 0 0
1 0 0 0 0 0 0 0
0 0 0 1 0 0 0 0
0 1 0 0 0 0 0 0
0 0 0 0 1 0 0 0
0 1 0 0 0 0 0 0
1 0 0 0 0 0 0 0
0 1 0 0 0 0 0 0
0 0 1 0 0 0 0 0
0 0 0 0 1 0 0 0
0 0 0 0 0 0 0 1
0 0 0 0 0 0 1 0
0 0 0 1 0 0 0 0
0 0 0 0 1 0 0 0
1 0 0 0 0 0 0 0
0 0 0 0 0 0 0 1
0 0 0 1 0 0 0 0
0 0 0 0 1 0 0 0
0 0 0 0 1 0 0 0
0 0 0 0 1 0 0 0
0 0 0 0 1 0 0 0
0 0 0 0 0 0 1 0
0 0 0 0 0 0 1 0
0 0 0 0 1 0 0 0
0 0 0 0 1 0 0 0
0 0 0 0 0 0 0 1
0 0 0 0 0 1 0 0
1 0 0 0 0 0 0 0
1 0 0 0 0 0 0 0
1 0 0 0 0 0 0 0
0 0 0 0 0 1 0 0
0 0 0 0 0 0 1 0
0 0 0 1 0 0 0 0
0 1 0 0 0 0 0 0
0 0 0 0 1 0 0 0
0 0 0 0 0 0 0 1
0 0 0 1 0 0 0 0
0 0 1 0 0 0 0 0
0 0 1 0 0 0 0 0
0 0 0 0 0 1 0 0
0 0 0 0 1 0 0 0
0 0 0 0 0 0 0 1
0 1 0 0 0 0 0 0
0 0 0 0 0 1 0 0
0 0 0 0 0 0 1 0
0 1 0 0 0 0 0 0
0 1 0 0 0 0 0 0
0 0 0 0 0 0 0 1
1 0 0 0 0 0 0 0
0 0 0 0 0 0 1 0
0 0 0 1 0 0 0 0
0 0 0 0 1 0 0 0
0 1 0 0 0 0 0 0
1 0 0 0 0 0 0 0
0 0 0 0 0 0 0 1
0 0 1 0 0 0 0 0
0 0 1 0 0 0 0 0
0 0 0 0 0 1 0 0
0 0 0 0 0 1 0 0
0 0 0 0 0 0 0 1
0 0 0 0 0 0 1 0
0 1 0 0 0 0 0 0
0 0 0 1 0 0 0 0
0 0 0 0 0 0 1 0
0 1 0 0 0 0 0 0
0 0 0 0 0 0 0 1
0 0 0 0 0 0 0 1
0 0 1 0 0 0 0 0
1 0 0 0 0 0 0 0
0 1 0 0 0 0 0 0
0 0 1 0 0 0 0 0
0 0 0 0 1 0 0 0
0 1 0 0 0 0 0 0
0 0 0 0 0 0 0 1
0 0 0 1 0 0 0 0
0 0 1 0 0 0 0 0
1 0 0 0 0 0 0 0
0 0 0 0 0 0 0 1
0 0 1 0 0 0 0 0
0 0 0 0 0 0 1 0
0 0 0 0 0 0 1 0
1 0 0 0 0 0 0 0
0 0 0 0 0 0 0 1
0 0 0 0 0 1 0 0
0 0 0 0 0 0 1 0
0 0 0 0 0 1 0 0
0 0 0 0 0 0 1 0
0 0 0 0 0 1 0 0
0 0 0 0 0 0 1 0
0 0 0 0 0 0 1 0
0 1 0 0 0 0 0 0
0 0 0 0 0 0 0 1
0 0 0 1 0 0 0 0
0 0 0 0 0 1 0 0
0 0 0 0 0 1 0 0
0 0 0 0 0 1 0 0
0 0 0 0 0 1 0 0
0 0 0 0 0 0 1 0
0 0 0 0 0 0 1 0
0 1 0 0 0 0 0 0
0 1 0 0 0 0 0 0
0 1 0 0 0 0 0 0
1 0 0 0 0 0 0 0
0 0 0 0 0 1 0 0
0 0 0 0 1 0 0 0
0 0 0 1 0 0 0 0
0 0 0 0 0 0 1 0
0 0 0 0 0 1 0 0
0 0 1 0 0 0 0 0
1 0 0 0 0 0 0 0
0 0 1 0 0 0 0 0
0 0 0 1 0 0 0 0
0 0 0 0 1 0 0 0
0 0 0 1 0 0 0 0
0 0 0 0 0 0 0 1
0 0 0 1 0 0 0 0
0 0 0 0 0 0 0 1
0 0 0 0 0 0 1 0
0 0 1 0 0 0 0 0
0 0 0 0 0 0 1 0
0 0 1 0 0 0 0 0
0 0 0 0 0 0 1 0
0 0 0 0 1 0 0 0
0 0 0 0 1 0 0 0
0 0 0 1 0 0 0 0
0 0 1 0 0 0 0 0
0 0 0 0 0 0 0 1

Capacidades:
2 0 4 0 3 4 4 4
0 0 1 0 2 0 1 0
0 3 3 4 1 0 1 2
0 3 4 2 1 1 0 4
1 1 1 0 3 4 0 0
4 0 3 2 0 3 1 1
4 0 3 1 2 0 2 3
0 0 1 4 0 4 1 3
2 1 2 4 4 1 4 2
3 1 1 1 4 4 0 2
0 3 1 2 3 1 0 2
3 0 3 3 1 2 2 2
3 0 0 3 0 0 1 3
2 4 4 2 2 1 3 4
4 0 3 1 4 1 3 0
2 2 3 1 0 4 1 4
2 0 0 0 1 2 3 1
0 3 1 0 3 3 4 4
0 0 3 0 3 0 4 3
0 0 2 0 0 2 3 4
3 4 1 2 0 1 3 2
0 4 4 2 4 0 1 3
3 2 0 0 0 4 0 2
4 0 4 4 1 1 0 4
2 1 4 0 0 4 1 4
2 2 1 0 3 4 2 2
2 1 1 3 0 4 2 0
3 0 1 1 1 1 4 0
4 4 2 2 1 4 2 4
3 0 1 0 3 3 1 3
0 4 4 2 1 0 0 4
1 3 1 0 3 2 2 0
4 0 2 4 1 1 0 2
3 3 2 4 3 0 2 0
1 4 0 2 2 0 4 3
3 2 1 1 2 3 0 2
4 0 3 0 4 4 1 3
3 3 2 1 0 3 3 4
3 2 0 3 3 2 1 4
0 3 1 4 4 2 4 1
2 3 0 1 1 2 0 0
4 4 3 0 0 0 0 2
4 0 1 4 4 2 0 3
1 4 3 1 0 0 2 4
0 3 4 3 0 4 4 0
3 4 1 0 3 1 3 4
0 4 1 4 2 2 4 4
0 2 4 3 1 0 4 2
1 1 4 2 1 2 0 4
2 4 4 2 0 3 2 3
1 0 0 3 0 3 2 1
3 1 4 0 0 0 1 4
1 3 3 3 1 4 0 3
0 2 3 4 1 3 4 4
2 1 0 0 1 0 0 0
1 3 1 4 1 2 3 1
3 2 0 1 2 3 1 2
0 3 1 2 3 4 1 0
0 0 4 1 4 3 4 2
2 0 2 0 1 2 4 4
4 0 1 4 2 3 0 1
3 2 2 1 2 0 3 4
2 1 1 3 2 3 2 4
2 3 2 4 4 4 4 4
3 0 0 4 0 4 2 3
3 2 3 3 0 3 4 0
4 3 0 2 4 4 2 2
1 4 3 4 0 4 4 2
0 3 2 1 4 3 3 1
1 4 3 1 4 3 2 4
4 4 0 1 1 0 3 3
3 0 1 1 3 2 0 0
1 0 2 2 1 0 3 1
4 2 3 1 1 1 2 0
1 3 4 4 3 4 4 4
