m: 250
n: 50
k: 6

Distancias:
5 47 9 6 69 10 5 68 57 96 41 86 63 23 23 92 72 62 77 38 96 89 31 11 26 10 13 29 28 46 59 76 57 39 51 8 98 2 20 91 40 34 42 93 85 82 46 35 28 6
14 40 66 77 69 66 28 19 15 18 89 63 55 14 4 17 21 94 98 57 96 31 53 80 72 52 84 1 9 66 89 52 1 54 18 23 91 53 35 25 51 91 30 88 80 31 31 8 15 57
82 61 10 25 93 95 54 37 29 94 85 66 30 46 67 78 85 54 93 17 45 54 89 78 80 49 88 62 73 90 37 96 68 80 5 22 98 58 90 35 31 24 66 25 70 65 57 29 39 97
67 68 27 75 14 10 33 31 11 3 33 76 85 49 81 82 60 40 37 41 24 49 77 68 33 45 3 80 11 28 29 30 70 2 68 1 65 45 52 10 2 21 17 69 19 51 47 30 16 55
19 55 43 89 74 46 44 77 21 5 92 70 98 87 45 73 55 29 61 65 92 59 64 75 44 27 25 85 62 57 83 71 31 45 24 8 34 1 20 95 35 46 48 39 64 97 66 2 31 34
32 6 49 4 10 82 26 34 46 51 49 97 2 48 70 87 36 85 61 87 7 97 44 71 8 2 94 89 89 33 35 67 56 21 16 48 86 13 51 85 74 32 27 86 56 94 77 61 80 93
63 35 40 87 21 48 41 71 59 15 18 1 32 73 35 17 97 47 47 50 2 53 89 38 70 85 65 94 83 29 62 57 35 45 75 46 29 59 25 53 85 3 16 72 44 35 38 86 35 18
88 76 32 75 3 52 40 21 85 18 1 74 25 49 52 27 72 54 89 50 81 97 26 79 64 19 59 99 11 87 32 86 12 33 38 27 96 35 73 52 5 7 90 3 55 68 18 8 60 80
36 85 46 86 10 97 74 45 99 67 33 90 29 75 20 73 83 2 25 62 45 69 99 37 74 6 33 83 19 50 92 35 49 71 61 53 56 51 79 52 32 96 35 43 1 33 37 8 74 7
59 81 7 96 43 84 16 96 61 51 3 45 52 84 74 67 43 79 94 41 46 36 66 17 45 2 53 58 71 37 16 6 86 64 28 37 12 48 44 7 11 3 40 84 69 94 8 94 54 98
77 22 21 88 27 49 5 28 86 36 82 88 22 12 75 66 81 97 19 78 68 36 13 9 53 46 7 89 74 73 40 25 30 43 8 37 52 48 76 70 62 10 36 89 4 35 41 20 19 2
30 18 35 66 67 68 53 51 53 89 92 49 2 74 55 99 78 24 14 64 44 31 95 30 70 11 13 3 26 68 56 51 92 91 14 89 62 4 38 87 29 71 47 98 83 18 84 35 46 81
28 2 57 10 22 91 84 3 6 52 32 31 15 24 82 92 98 92 94 24 62 73 18 60 49 9 41 54 10 85 91 84 81 47 12 66 39 72 88 48 61 57 61 78 63 93 81 95 90 52
14 94 21 90 27 75 85 85 71 74 46 5 69 45 78 58 68 99 69 10 45 55 70 33 27 48 47 53 24 75 84 46 34 51 25 18 80 67 20 74 26 71 48 30 68 57 50 74 52 99
64 53 7 21 26 98 1 97 49 8 50 40 32 64 68 86 57 33 31 41 14 9 70 37 10 51 94 42 57 18 68 43 99 96 84 32 48 98 63 64 66 33 48 79 75 70 60 18 76 19
11 94 60 49 27 54 30 9 31 97 84 3 25 68 21 63 80 78 94 20 15 87 5 51 12 1 8 78 15 7 88 43 77 59 6 12 5 46 32 64 74 12 55 14 48 55 32 97 52 42
1 82 4 27 35 83 44 55 76 78 57 34 78 78 33 89 90 28 73 5 67 14 60 39 30 37 30 82 91 69 24 10 44 13 78 13 11 92 5 65 60 31 58 25 87 85 88 37 63 32
25 81 86 37 98 93 55 39 72 87 28 71 74 66 81 88 74 64 27 13 52 2 23 68 81 43 63 75 40 41 54 16 71 23 5 15 41 87 88 66 93 93 52 16 74 89 74 41 36 53
85 13 98 41 48 89 81 34 20 35 20 84 11 8 74 40 82 83 83 93 1 20 20 71 78 89 68 29 80 6 17 81 77 16 77 5 40 94 26 6 40 37 2 74 63 89 36 34 1 76
51 91 49 91 62 76 71 42 13 42 28 87 77 1 26 53 99 7 12 64 85 41 71 98 15 82 16 50 24 44 35 92 28 56 51 39 35 23 70 75 55 48 79 28 15 7 61 46 59 76
7 11 18 66 52 40 99 32 62 6 77 44 1 70 49 32 35 2 63 15 44 16 37 45 20 37 82 6 72 65 7 93 85 26 33 53 59 60 88 98 76 52 83 85 52 55 43 77 6 67
85 12 5 94 76 16 92 90 17 96 38 33 68 5 85 80 86 38 84 36 46 65 91 17 82 33 90 83 11 19 78 78 7 60 78 1 76 87 68 73 82 8 35 63 89 27 89 89 91 53
29 89 30 55 99 25 19 62 50 46 88 92 35 20 23 63 51 80 46 33 72 15 29 39 13 38 37 70 71 61 6 80 88 37 35 79 52 42 7 15 54 66 89 11 15 57 90 62 51 34
83 82 65 5 35 12 30 33 67 65 51 49 98 18 81 84 60 25 50 29 89 56 26 56 79 66 65 71 57 9 81 35 66 9 38 48 58 18 76 47 22 34 5 95 67 45 52 16 84 33
15 89 91 14 76 47 3 79 91 33 94 26 70 85 84 90 11 75 52 51 32 78 84 34 26 88 71 43 3 94 31 31 45 54 11 37 30 41 91 95 29 81 97 78 92 38 64 73 63 60
28 67 96 86 43 41 44 60 82 24 56 99 96 42 89 93 66 42 70 88 17 23 44 73 9 6 82 44 15 40 50 90 78 27 10 19 38 28 36 25 10 4 23 41 60 22 4 88 29 17
39 98 54 3 76 95 27 5 72 87 58 45 58 8 83 62 37 51 74 96 57 51 76 23 57 67 15 15 66 31 25 64 88 7 57 23 79 14 97 98 44 22 3 18 30 28 10 93 76 88
84 69 75 66 36 85 61 45 97 50 24 94 86 43 40 67 80 14 98 15 84 76 66 68 41 61 39 56 65 13 30 1 60 25 68 38 7 43 26 29 74 4 34 47 93 89 41 64 70 68
57 11 59 87 80 79 41 35 27 90 56 90 89 79 94 51 91 23 64 63 87 25 62 2 86 57 2 5 69 38 6 95 66 59 87 45 85 3 45 31 86 17 92 78 96 15 91 5 35 62
40 55 7 63 62 23 94 36 87 25 99 80 67 28 21 72 65 49 36 61 69 5 93 98 30 36 32 56 30 81 21 68 47 49 54 20 16 40 87 91 93 60 11 96 17 34 54 15 64 86
47 47 40 36 27 35 74 32 18 76 42 7 68 98 50 39 14 57 18 72 7 76 68 15 30 21 46 43 78 56 4 93 7 17 37 67 17 56 58 29 72 96 43 87 33 26 27 94 46 51
35 43 87 34 12 28 92 20 45 89 28 38 85 83 1 46 31 83 71 74 30 11 32 17 48 63 59 7 69 77 38 19 57 33 80 30 10 54 71 48 80 21 94 30 24 59 56 84 70 35
24 45 90 83 64 28 35 44 24 46 20 7 44 84 58 41 35 66 64 41 41 87 67 67 57 10 60 33 47 96 19 39 38 79 44 60 99 2 57 92 47 49 3 5 73 72 26 64 24 29
88 14 42 96 57 75 18 17 98 16 21 29 87 91 57 80 85 31 44 96 45 29 33 90 8 41 16 80 66 64 45 14 36 86 22 97 36 18 97 23 52 16 79 14 72 29 74 72 47 73
69 14 9 40 99 35 91 38 73 74 9 2 50 3 32 9 8 91 93 71 86 38 73 46 21 41 5 83 83 92 15 13 35 80 4 10 54 14 91 99 39 13 27 90 56 76 18 26 73 18
35 61 68 73 18 32 15 52 59 13 40 90 78 94 46 15 29 80 12 12 40 9 85 6 87 58 77 5 88 98 32 88 48 58 76 7 68 71 80 22 42 16 55 8 1 46 76 71 17 51
72 82 95 47 18 80 24 13 9 66 69 67 5 59 70 45 79 21 95 51 99 33 40 79 79 47 9 12 37 84 22 66 91 26 56 8 78 68 11 64 4 90 31 79 72 52 34 99 53 39
80 10 32 50 96 89 36 52 97 30 33 12 35 73 61 93 51 37 30 35 78 36 57 50 3 35 79 59 82 56 40 71 69 68 37 59 17 60 57 33 27 74 49 80 78 86 1 83 2 46
82 63 12 40 81 35 60 10 20 37 93 3 93 24 88 21 25 10 9 33 31 42 30 88 26 57 60 88 99 38 38 54 68 74 84 53 5 86 41 91 51 11 58 5 29 47 36 34 89 72
99 5 71 47 31 49 77 73 16 47 3 72 65 11 99 22 73 76 5 73 96 5 96 30 27 44 60 85 69 93 62 51 27 53 81 15 72 69 4 8 88 37 40 62 8 96 3 5 11 11
70 30 78 52 20 14 98 93 34 44 65 57 25 74 17 27 98 6 73 43 29 83 69 20 29 77 7 64 40 66 89 66 86 40 28 12 89 57 8 62 28 52 12 56 92 64 99 28 40 52
23 18 94 43 18 52 79 64 20 32 62 3 78 20 70 8 15 78 28 69 34 93 91 56 42 92 26 8 50 91 48 55 59 56 49 62 48 24 87 21 83 84 4 82 46 76 43 19 43 4
75 45 55 5 18 78 67 73 5 5 40 13 18 30 80 43 3 7 55 34 22 72 35 97 21 96 99 50 76 44 72 92 34 79 2 46 67 91 87 11 97 37 87 40 26 44 73 34 25 23
35 66 62 12 50 2 35 79 38 49 2 47 47 90 17 66 43 10 43 50 66 53 46 88 71 1 13 79 73 55 59 31 88 65 30 83 14 96 71 55 91 26 38 24 39 20 13 71 49 89
74 18 29 26 35 25 93 93 40 82 33 63 54 30 81 33 1 35 32 43 3 72 52 85 15 97 17 8 59 14 45 14 15 89 23 46 57 31 80 87 12 8 39 99 18 13 56 82 29 32
1 61 70 8 56 71 43 29 97 9 29 22 53 59 9 25 74 39 67 94 70 87 76 51 46 87 31 49 95 44 46 44 81 10 85 68 3 42 83 31 33 35 71 7 36 86 95 43 64 17
32 73 55 38 90 76 77 84 52 32 75 92 16 59 51 14 48 69 81 26 93 58 4 74 92 45 22 96 61 79 35 30 97 17 34 74 89 7 79 71 80 53 96 32 27 97 7 50 73 9
19 95 81 35 26 35 70 63 47 1 26 60 97 32 13 75 13 92 47 18 24 73 21 12 2 11 94 2 57 12 40 54 92 97 15 80 97 13 37 77 81 51 34 38 75 2 80 33 92 9
32 98 40 34 14 38 19 19 14 34 69 97 37 61 80 29 38 31 55 41 73 86 97 37 80 72 22 32 18 33 36 72 86 73 17 21 94 84 77 11 82 48 35 2 95 15 13 28 66 79
72 61 25 46 57 34 28 56 43 10 56 40 18 70 70 26 6 23 5 2 57 97 16 87 69 11 52 33 18 58 46 24 63 36 11 23 46 31 80 34 49 17 47 94 49 26 96 4 1 60
95 75 12 16 66 87 65 82 89 15 48 99 44 24 62 28 81 66 92 34 66 30 41 36 66 40 50 77 51 50 1 13 23 75 82 86 97 98 86 70 53 45 1 83 11 56 62 62 26 19
14 95 76 89 65 91 38 41 62 17 78 30 44 86 31 57 91 80 15 44 43 48 34 85 89 93 9 32 77 31 34 89 26 99 91 45 73 82 60 93 30 57 94 55 56 55 58 27 21 26
54 24 60 25 36 93 85 80 36 48 2 37 87 1 44 20 18 40 88 86 87 57 51 37 66 11 14 38 68 52 46 40 25 13 78 96 84 84 19 37 3 94 24 50 74 72 17 38 59 68
85 87 43 80 28 25 68 60 55 79 80 16 4 28 16 69 73 58 21 21 38 54 93 23 93 95 65 20 88 98 64 43 88 59 96 32 34 23 51 97 45 10 92 44 19 37 15 76 10 7
75 29 71 63 31 56 6 26 93 79 42 21 13 20 12 36 23 63 54 59 52 1 91 97 82 49 55 44 8 35 37 8 43 18 2 22 66 75 70 74 28 18 92 89 64 69 77 89 73 23
37 3 97 30 26 62 36 85 62 8 11 32 67 98 23 1 75 76 56 87 6 3 59 35 90 72 4 36 45 37 84 11 60 7 32 61 84 19 47 32 59 20 62 75 49 89 76 67 24 16
10 8 15 23 89 91 19 14 80 8 41 16 52 77 46 29 14 80 4 73 1 40 26 83 63 84 65 27 72 5 30 98 10 57 82 13 20 21 14 98 87 47 79 40 4 69 59 22 6 28
3 90 39 83 95 73 95 55 10 37 24 5 12 33 55 52 70 34 39 89 77 84 84 25 45 65 83 7 36 94 16 7 6 97 80 77 57 27 82 58 69 24 44 12 94 89 33 60 26 75
23 92 62 57 26 9 89 22 73 49 90 99 83 66 7 44 40 37 38 47 76 91 98 57 36 8 73 10 35 29 33 95 58 96 98 92 40 28 6 21 33 49 2 8 79 95 40 62 40 45
10 51 68 4 51 73 22 21 4 19 37 74 82 30 77 48 89 25 86 30 39 4 12 23 93 24 8 32 98 87 40 28 13 54 25 49 77 11 74 1 16 19 91 1 7 6 83 62 94 5
96 96 61 88 6 60 75 12 75 49 63 60 67 78 63 36 98 38 46 61 12 77 87 84 71 80 17 7 8 68 60 68 53 52 28 91 29 52 45 35 24 9 55 43 14 47 43 54 73 5
80 6 86 16 62 1 36 87 19 61 5 35 86 56 61 35 17 89 33 95 44 32 97 57 10 97 25 65 12 72 3 62 34 77 91 18 94 96 25 22 66 71 1 1 59 24 40 75 71 53
76 51 21 74 76 90 25 2 66 69 17 33 19 96 51 66 88 83 1 47 1 25 42 82 92 36 35 94 22 31 29 24 39 16 74 91 62 21 7 5 50 28 94 10 50 57 61 95 38 16
32 75 57 8 71 11 40 43 32 90 60 15 24 39 43 61 18 28 66 56 4 82 46 66 25 69 45 73 21 96 96 30 67 1 56 93 86 47 72 50 63 74 14 88 32 54 95 52 25 40
70 33 28 2 7 15 21 26 98 14 60 55 8 90 93 62 20 45 20 96 78 95 17 49 30 82 25 46 84 75 71 54 34 57 23 6 38 28 30 34 77 16 71 78 34 18 18 56 32 75
92 29 20 87 46 27 22 56 4 53 6 57 32 73 86 55 33 32 80 72 95 15 92 73 69 30 2 17 61 82 95 60 92 89 10 53 17 17 2 90 61 35 38 2 52 44 2 76 88 63
46 84 84 86 73 77 64 49 32 72 65 3 34 74 57 86 89 91 75 95 72 7 3 99 67 67 6 68 87 72 83 13 87 53 46 8 38 35 5 33 55 71 62 55 37 75 9 13 34 60
66 5 40 21 6 21 22 79 97 64 82 69 24 4 69 40 14 81 15 83 86 90 70 12 65 98 17 55 92 44 52 45 44 78 66 70 76 28 45 1 64 31 60 32 43 78 55 43 97 78
87 3 37 71 98 6 38 60 9 30 37 29 96 88 59 38 48 28 91 38 9 62 80 48 23 53 69 73 43 65 87 12 63 96 20 94 2 32 70 61 13 50 38 48 41 61 20 58 61 13
77 30 81 45 77 24 82 8 42 51 54 41 4 81 40 32 95 20 65 10 20 86 70 9 3 90 96 88 45 10 91 69 71 48 99 20 92 95 96 14 75 42 2 96 33 36 27 93 84 17
95 33 2 58 37 96 91 29 81 18 26 99 92 44 14 31 27 54 62 82 98 87 51 25 89 93 56 20 87 50 57 95 56 99 4 52 89 90 10 89 78 37 17 71 3 11 52 7 52 48
67 2 29 92 97 46 58 82 38 19 97 64 68 69 38 86 3 83 18 98 1 90 38 64 40 56 81 36 52 92 60 97 71 13 72 78 19 62 45 57 31 79 92 88 10 23 44 62 29 2
97 27 13 25 26 21 82 96 72 42 41 31 1 64 64 30 96 65 68 24 6 34 73 15 51 58 55 7 20 90 56 14 40 30 96 25 85 10 7 41 7 40 32 40 49 11 49 5 55 91
27 93 9 62 69 19 61 52 52 78 58 15 46 21 20 94 72 29 26 79 42 45 12 93 61 14 4 58 13 52 38 24 65 96 76 23 88 83 10 98 90 44 20 4 59 67 65 4 33 72
42 3 1 66 7 49 33 89 91 80 97 1 80 56 75 4 38 2 6 3 17 11 85 68 43 20 82 47 25 51 1 72 28 66 79 32 48 86 96 78 18 9 70 71 77 71 91 11 3 63
40 55 1 72 12 47 51 69 83 46 88 8 97 99 86 32 67 27 61 57 74 22 2 53 10 93 22 80 35 23 4 3 23 58 82 84 4 25 94 40 88 36 35 76 10 26 14 74 38 82
87 77 6 26 16 88 1 26 67 30 9 66 83 65 3 60 13 81 25 82 36 90 36 80 92 13 75 72 98 89 42 17 61 6 94 20 14 7 85 82 96 53 59 81 84 37 33 55 50 67
6 67 27 92 67 51 78 85 68 25 16 97 63 76 13 3 21 46 79 4 98 43 73 72 82 66 5 6 74 68 84 46 47 52 17 57 96 30 58 36 86 18 88 75 83 58 91 41 37 16
89 65 11 36 22 19 7 95 60 40 94 74 14 79 14 35 54 1 70 15 12 49 22 66 19 18 94 37 86 19 12 17 87 42 94 59 68 39 41 63 22 32 19 28 91 68 37 9 63 66
95 92 5 62 50 49 66 73 58 62 68 66 38 62 68 12 68 62 79 44 59 45 84 57 73 68 19 82 57 53 41 30 57 43 57 89 23 21 76 32 78 65 6 50 58 61 82 32 44 61
91 91 32 73 88 30 55 98 1 11 14 26 80 84 22 2 33 2 56 76 89 95 65 63 80 95 90 63 38 16 20 23 30 96 62 92 99 11 36 98 16 7 98 47 92 58 6 47 64 27
1 21 53 44 16 26 53 5 21 76 48 89 91 37 58 32 92 40 75 74 55 71 4 29 16 75 42 45 80 33 82 62 22 82 28 91 14 56 97 35 60 92 97 25 71 49 19 86 13 11
1 88 52 59 3 1 89 44 38 42 44 79 74 60 6 39 42 23 17 63 19 72 55 88 66 21 69 70 76 33 2 61 99 85 19 82 78 70 85 20 53 29 10 62 52 3 76 85 21 5
21 19 47 18 96 57 11 93 31 61 83 97 83 27 10 7 5 25 92 46 18 16 76 51 57 12 99 3 88 64 75 44 35 17 87 10 3 18 46 97 42 65 75 5 58 27 87 29 42 52
3 15 49 98 14 35 90 45 45 61 43 37 28 42 46 30 61 7 35 63 39 22 56 89 67 36 49 75 60 35 24 51 15 10 22 22 80 2 25 37 1 71 95 36 79 34 24 24 41 95
57 19 98 27 41 26 53 30 3 28 81 25 31 23 47 65 7 42 54 36 8 39 74 90 72 89 21 93 68 24 6 1 48 92 6 7 12 80 23 48 48 34 23 83 60 27 14 10 81 34
8 57 88 38 44 34 13 71 92 66 36 33 94 68 71 87 27 39 69 20 52 9 64 93 10 5 12 89 78 80 74 66 64 6 45 90 27 66 42 76 12 9 56 80 8 97 56 78 57 52
31 78 42 77 38 4 83 76 60 98 64 15 86 95 35 81 86 29 9 93 71 60 16 88 6 16 37 98 93 56 79 55 10 92 83 46 42 45 90 45 23 41 73 59 27 94 84 50 30 39
12 26 59 66 48 34 89 21 34 92 74 1 98 71 25 71 24 44 75 2 30 53 67 92 96 69 33 41 58 8 65 52 22 28 60 76 45 5 4 49 60 94 94 59 76 38 56 99 41 13
98 74 11 81 8 65 26 83 5 20 14 89 74 12 6 5 99 25 60 75 66 62 7 92 45 53 12 21 1 90 41 25 49 60 95 56 96 36 26 59 21 98 99 17 55 14 30 39 15 92
47 25 90 46 56 31 42 73 34 19 61 38 32 45 61 89 82 9 69 84 30 28 20 24 81 26 48 92 2 29 73 48 88 13 60 63 70 84 80 10 24 67 4 69 41 97 66 77 37 30
80 15 37 36 16 27 59 86 70 61 81 50 8 34 6 15 44 61 33 76 98 27 20 21 63 46 40 32 45 84 42 88 80 1 96 37 68 43 64 25 80 78 98 17 40 94 70 6 62 2
87 53 14 21 95 9 81 63 24 34 78 4 32 71 16 76 55 2 53 16 59 55 38 84 25 83 73 81 91 11 69 46 56 72 54 15 50 34 98 32 30 68 36 10 15 22 53 16 57 69
90 78 24 61 1 19 33 47 65 49 93 23 60 80 14 37 54 1 73 66 30 20 69 92 8 44 47 83 62 33 1 20 9 8 49 8 30 33 18 79 13 60 10 29 18 76 17 36 40 71
13 44 53 18 43 76 99 32 56 66 75 38 16 13 52 1 3 97 5 48 40 97 50 21 62 16 53 29 25 60 60 77 11 29 91 99 17 41 11 67 65 10 41 36 57 34 88 33 69 45
7 91 72 41 90 6 53 29 21 80 53 21 1 63 93 3 52 11 25 90 32 65 52 78 27 36 65 79 12 60 89 8 82 62 9 91 16 44 26 8 89 9 24 27 87 95 71 26 24 57
60 40 48 47 24 3 69 94 94 47 44 27 97 87 9 67 96 97 76 85 21 61 42 86 63 93 45 50 74 26 75 9 7 23 83 41 80 81 52 99 43 23 86 54 73 14 33 56 47 80
79 58 68 58 88 62 65 14 38 69 23 97 4 58 21 58 51 14 11 17 87 25 33 69 7 75 52 77 62 47 88 93 97 78 54 61 49 49 86 42 36 52 66 20 15 1 98 28 14 65
43 38 39 68 52 59 51 93 88 46 5 8 86 16 8 58 60 71 8 8 34 67 85 27 14 8 58 97 22 61 31 88 12 39 86 63 78 15 30 35 70 73 9 3 4 30 30 69 21 24
22 24 48 52 68 97 4 1 15 55 41 34 14 63 18 83 44 86 4 93 57 7 19 61 73 71 91 76 3 46 69 99 80 59 34 39 76 32 52 84 44 22 81 91 78 75 73 5 56 96
2 84 40 16 58 70 89 47 55 97 60 96 55 1 31 25 16 27 24 14 86 52 47 59 96 13 12 93 54 81 74 91 38 65 18 90 5 80 42 98 23 52 49 69 58 7 14 89 57 21
82 33 11 59 76 10 64 51 35 37 77 38 47 60 83 65 93 19 93 44 12 89 54 73 97 93 63 73 65 74 86 14 75 35 95 75 46 55 87 19 2 3 69 56 44 88 75 82 47 21
44 22 20 26 95 65 75 26 46 37 40 90 87 90 23 57 88 80 40 49 40 68 88 2 93 20 78 72 90 89 12 11 30 56 10 13 64 30 42 95 88 55 35 66 36 28 26 59 63 12
87 33 40 81 93 45 8 48 20 38 36 27 55 27 48 71 90 48 57 73 86 73 78 85 92 27 43 63 64 66 35 81 68 6 2 73 22 46 47 49 34 7 52 52 74 77 46 44 56 11
23 79 21 98 43 90 13 46 23 60 97 30 47 77 38 55 18 80 94 77 63 32 31 39 54 42 65 8 7 22 97 82 90 31 82 57 17 76 55 41 69 9 41 87 1 2 79 66 87 10
37 22 96 42 12 24 60 47 97 50 15 11 69 15 22 70 80 71 23 90 69 24 72 83 59 68 22 88 92 65 10 6 53 93 58 95 94 16 40 31 20 33 23 4 96 97 94 43 1 84
98 28 11 99 91 92 82 31 16 12 63 83 67 61 77 21 50 69 8 43 71 99 86 27 88 60 89 45 94 52 73 34 54 60 72 41 47 50 21 40 68 69 11 25 28 87 85 33 28 66
36 61 7 85 44 97 11 91 67 34 42 72 87 82 51 48 11 71 21 49 22 16 16 17 55 82 95 20 58 39 3 29 43 26 9 39 27 93 86 85 30 2 14 69 46 29 80 71 6 22
92 94 12 66 48 63 96 6 85 4 8 83 83 14 41 52 52 53 54 95 26 93 12 12 66 84 30 18 61 9 91 75 63 56 40 81 16 25 57 82 57 96 12 12 26 92 95 75 50 18
19 57 22 24 37 88 87 15 67 32 81 92 15 95 75 59 94 19 23 56 56 77 51 21 50 57 60 28 93 48 27 68 65 43 77 82 71 44 45 63 84 71 92 57 77 20 9 63 69 54
38 41 66 26 72 81 49 57 27 4 59 91 74 97 93 44 48 74 11 89 23 52 89 51 38 22 61 97 10 66 80 88 31 17 69 91 62 47 80 2 61 72 37 91 64 52 21 42 22 83
37 93 45 65 15 81 39 52 64 76 68 24 58 12 37 7 69 19 66 82 29 70 54 16 53 66 65 2 27 59 49 34 61 59 21 80 9 54 24 42 76 8 19 35 28 20 23 79 40 35
16 43 18 10 39 85 79 95 31 71 32 31 10 49 94 50 45 24 94 15 34 48 6 47 61 97 12 2 56 46 47 36 23 96 57 76 38 7 51 43 21 14 54 51 65 17 33 70 91 71
51 9 24 74 6 37 2 63 90 90 28 57 80 62 64 23 46 8 84 71 34 13 45 80 76 3 16 64 67 69 96 46 47 23 54 83 57 68 38 47 63 69 5 22 89 67 95 86 3 68
28 28 85 6 86 26 80 11 58 43 21 79 94 44 64 78 61 98 60 93 48 26 90 91 18 6 20 63 45 81 67 99 76 16 31 77 67 30 77 95 70 77 78 15 75 6 58 58 78 94
51 35 50 32 11 14 10 40 63 29 1 79 82 34 28 21 5 18 30 31 54 83 90 32 50 50 37 8 89 91 85 45 10 84 48 1 44 89 2 65 72 7 37 68 39 71 11 55 36 9
73 3 76 62 62 95 34 74 79 65 58 66 33 45 59 75 42 97 49 63 22 4 64 35 53 57 77 43 65 61 42 13 59 24 13 92 40 41 73 61 4 66 36 5 78 18 95 21 46 90
59 25 11 53 72 91 43 90 95 86 47 36 38 97 67 75 86 22 56 40 57 47 62 48 57 79 41 71 6 97 36 81 25 23 14 36 77 13 2 40 59 42 96 86 46 92 56 2 21 7
27 42 49 98 87 37 27 98 3 20 36 55 92 26 69 58 25 74 40 84 61 94 67 59 59 84 6 31 89 94 1 42 67 11 30 25 96 11 25 72 97 62 1 28 78 79 87 92 36 73
2 54 10 8 98 81 7 67 64 94 19 66 94 63 27 6 49 87 60 82 7 47 84 9 92 6 7 51 11 53 69 82 67 4 29 32 74 43 1 85 45 18 40 30 39 37 38 62 9 49
12 98 26 87 59 11 87 7 48 96 16 68 90 50 87 72 83 22 28 8 58 61 74 67 16 24 91 24 54 60 63 30 23 3 33 68 91 3 36 24 3 39 49 59 11 42 35 1 24 3
33 68 74 59 73 88 40 16 58 19 8 54 58 47 91 14 33 16 7 87 34 46 54 15 54 79 78 74 46 61 11 61 43 92 97 14 3 58 32 23 4 81 9 31 75 46 26 85 88 22
1 38 65 52 13 68 2 79 18 72 9 17 1 6 40 17 24 11 84 30 66 26 43 26 4 8 87 5 94 49 56 13 99 42 87 33 14 61 21 47 37 87 54 10 68 22 10 80 19 8
65 75 35 65 71 52 63 42 63 67 24 4 69 97 57 59 41 18 55 96 10 7 3 62 69 64 90 99 58 56 87 21 54 87 4 13 98 88 37 62 27 68 30 46 79 27 21 76 67 10
93 61 70 21 35 40 26 87 63 74 40 18 42 83 47 81 96 23 85 38 90 6 70 85 80 99 52 69 35 66 68 34 78 70 16 1 66 16 26 4 74 51 12 42 24 98 19 74 9 37
65 30 62 52 34 64 99 17 65 10 10 66 57 94 14 16 30 98 63 94 34 31 55 34 52 14 28 83 48 59 10 48 8 92 59 3 95 29 81 15 91 78 48 64 75 64 6 35 6 85
84 57 37 22 62 93 57 50 6 55 73 32 1 31 47 89 31 10 5 70 4 29 86 41 82 24 13 74 34 79 2 82 91 50 31 76 96 53 25 83 63 12 77 9 83 49 1 46 6 10
74 39 18 77 13 69 55 74 32 76 50 7 22 41 9 94 74 58 26 32 30 33 91 77 43 32 35 19 2 23 48 58 36 70 80 8 43 93 58 49 11 84 57 71 7 86 11 66 11 43
70 14 27 29 25 30 78 70 59 90 25 65 5 19 31 97 76 48 20 55 15 43 86 66 31 1 82 98 35 10 18 31 12 40 45 40 36 66 26 71 57 85 63 14 36 31 3 88 94 69
26 68 95 41 7 2 13 44 73 43 60 21 87 88 25 49 15 30 86 2 78 56 2 3 58 37 88 39 23 50 65 55 35 11 51 79 84 84 73 95 63 33 14 50 46 8 68 36 91 58
72 22 61 21 91 92 66 85 39 97 68 67 49 49 93 68 32 12 90 33 84 19 94 25 19 89 45 86 86 97 57 47 98 37 54 11 34 52 28 15 63 69 56 65 28 29 11 91 78 17
8 7 45 22 43 90 73 38 17 25 61 18 20 75 67 75 38 33 32 80 2 65 73 1 60 93 97 66 43 79 62 15 89 3 42 86 59 23 80 77 91 16 44 75 44 43 56 83 4 1
35 78 52 23 16 34 90 95 96 3 23 67 66 47 42 79 88 33 83 57 17 56 66 32 19 44 95 2 94 33 28 86 92 83 5 75 8 53 16 18 64 65 75 75 8 88 36 89 91 96
65 99 23 15 75 60 33 15 51 58 50 98 33 29 61 65 43 5 52 32 71 9 15 61 36 76 68 67 19 51 97 82 19 55 44 6 9 45 88 51 63 16 56 58 9 23 61 13 93 35
97 28 90 35 54 61 7 23 69 85 20 13 4 72 5 47 26 80 33 80 64 8 62 9 32 22 16 74 28 31 84 47 21 48 13 18 8 64 97 98 94 47 7 17 36 16 46 90 42 85
71 94 79 43 9 29 4 21 13 57 11 88 97 87 52 90 64 27 97 21 97 40 72 31 81 51 90 87 27 7 74 41 78 56 41 83 21 77 1 6 4 93 94 18 95 33 67 33 34 34
58 30 78 86 9 76 87 58 19 40 75 25 53 67 24 11 69 18 16 73 50 99 39 90 25 25 4 19 42 28 28 72 47 13 11 13 30 29 45 95 5 58 8 91 2 49 38 59 39 16
90 45 81 63 18 62 68 79 77 20 77 12 57 33 11 22 45 98 43 49 21 13 62 2 31 14 88 32 15 8 13 60 9 16 43 54 73 3 79 72 14 5 62 37 9 2 77 21 23 41
85 16 94 15 73 30 72 43 64 54 93 12 73 9 67 3 39 96 7 17 5 98 86 78 37 4 59 64 4 6 6 60 2 6 24 4 30 53 11 85 78 52 52 43 60 38 33 26 85 46
37 92 90 40 92 73 58 90 31 13 13 77 52 8 6 75 10 49 25 83 86 91 4 2 23 82 16 23 3 83 83 87 53 31 24 99 57 88 65 96 5 66 65 36 78 26 6 92 20 11
79 79 3 8 68 73 50 29 97 73 31 53 15 29 54 21 15 68 47 82 32 26 28 55 30 44 87 23 23 33 54 77 84 76 22 85 62 63 87 26 37 75 39 6 65 63 43 37 38 32
39 20 92 88 31 98 34 83 93 51 94 40 8 91 72 4 53 20 18 53 12 50 20 95 43 96 81 7 24 10 60 5 40 43 36 45 82 46 93 22 59 41 89 50 55 6 83 11 36 64
28 82 89 47 8 22 37 57 33 26 23 72 4 11 76 59 24 23 75 50 15 73 14 94 68 44 38 85 67 1 23 9 16 99 19 36 44 48 16 71 55 96 31 9 38 2 5 42 21 14
30 5 82 70 34 82 18 54 54 20 40 97 50 7 84 23 98 66 11 2 7 4 57 98 25 66 62 3 14 45 83 61 77 92 26 65 83 75 40 40 18 2 64 96 31 60 11 46 15 62
11 2 67 31 88 63 37 88 26 88 13 79 69 15 27 35 63 48 57 10 49 1 51 3 60 7 5 83 3 48 32 52 72 30 86 28 40 26 1 8 13 35 40 9 47 39 7 5 81 33
19 36 10 15 47 82 92 95 97 12 27 90 83 89 98 27 24 81 12 12 62 22 60 39 22 25 88 13 16 45 38 99 61 55 1 4 39 74 27 23 62 26 82 78 58 12 57 56 81 76
42 47 61 97 53 83 50 99 53 44 84 20 46 69 87 80 73 46 47 13 56 32 34 11 34 66 60 47 74 83 65 42 17 72 30 47 35 1 9 35 87 98 29 17 92 53 81 35 25 80
45 56 30 68 87 32 60 75 21 35 85 96 83 20 39 91 31 34 16 81 38 1 89 79 91 79 7 60 55 53 29 23 75 52 77 19 34 30 48 90 55 50 65 88 86 5 46 86 5 60
27 16 60 88 4 46 60 86 60 56 64 57 87 95 48 59 99 27 6 47 82 57 2 81 35 91 5 24 77 47 36 13 1 6 29 1 86 56 66 76 6 82 50 44 53 55 41 14 66 92
1 7 62 70 18 97 21 6 80 43 75 21 2 55 36 52 8 76 47 93 6 41 41 31 24 42 96 85 29 82 87 54 37 46 9 57 76 63 78 74 57 77 65 79 78 29 53 99 41 67
43 78 35 33 20 62 87 78 56 22 12 35 70 36 5 57 16 51 12 90 23 89 34 78 47 42 94 87 73 9 88 25 78 13 57 86 85 80 78 40 79 82 18 51 67 85 78 40 75 42
84 50 51 40 24 36 41 59 68 23 87 21 17 24 17 56 43 89 10 97 56 80 1 67 50 86 90 78 45 27 46 11 80 93 87 96 73 16 83 7 47 99 13 77 3 39 16 65 56 74
55 31 14 72 91 44 3 60 76 17 33 62 97 26 25 10 94 24 51 97 20 28 5 89 15 75 83 29 67 74 27 30 46 62 22 89 22 17 75 22 16 29 63 29 90 38 34 60 3 70
78 66 17 73 43 32 61 12 33 55 17 59 60 84 13 45 64 96 11 29 35 94 70 71 93 77 56 97 73 30 28 49 73 22 49 2 86 90 69 4 90 7 98 50 36 48 5 37 25 57
10 30 78 96 95 28 17 56 63 30 2 17 1 32 49 9 25 95 65 20 56 97 93 64 16 38 41 27 16 94 20 93 57 50 26 4 62 1 53 2 93 18 53 81 74 11 83 77 95 87
48 64 59 26 59 64 12 67 47 87 35 77 50 37 30 13 35 86 44 79 55 80 72 88 86 8 85 19 45 57 74 87 45 18 78 82 60 91 87 63 7 67 50 70 86 23 51 20 90 84
55 12 35 43 19 77 63 28 64 37 89 15 25 61 24 73 42 47 67 30 23 36 23 61 73 8 96 55 31 90 74 59 93 7 75 9 41 99 7 72 70 8 96 45 8 9 52 82 31 34
51 41 73 62 34 24 13 4 90 63 32 83 58 24 99 66 89 67 76 47 51 26 20 68 60 27 29 32 74 28 21 35 61 99 37 58 91 30 39 92 55 70 61 26 4 24 85 49 21 57
66 68 73 36 83 89 57 2 91 14 81 81 34 99 67 51 80 97 35 27 69 41 17 76 9 3 33 2 12 18 51 41 16 53 7 49 86 6 46 70 22 15 94 98 56 26 73 92 83 16
43 71 26 4 88 80 72 39 72 48 14 34 67 2 18 74 28 3 14 8 53 85 64 59 49 94 58 76 77 28 65 89 48 94 96 50 44 11 90 30 71 64 32 41 52 1 37 86 25 67
88 99 89 32 85 49 39 18 94 18 67 60 92 93 53 40 94 95 67 24 69 48 76 42 40 4 87 7 11 34 7 53 26 39 12 24 80 75 20 7 22 11 66 4 95 4 40 64 11 65
63 72 85 62 3 82 71 33 32 76 47 20 85 12 61 2 27 63 50 29 42 80 57 56 86 50 39 92 50 80 58 48 58 12 43 60 89 81 50 94 21 45 87 44 77 55 23 14 16 77
71 66 97 61 17 61 27 2 43 94 87 64 44 88 51 24 33 18 68 13 17 7 59 95 68 8 32 74 60 30 11 51 74 68 24 40 42 71 15 48 7 23 68 49 89 13 58 9 35 3
70 77 6 76 51 97 46 49 13 49 43 77 32 58 76 38 20 24 87 15 21 4 9 80 38 29 30 86 19 33 67 9 58 82 27 49 1 50 50 94 45 2 92 88 55 98 87 21 40 66
25 79 60 98 88 29 7 42 34 57 41 11 78 62 25 88 88 51 58 30 63 12 95 45 68 17 44 29 33 96 97 19 97 36 58 31 37 49 29 61 13 17 28 30 7 8 13 75 94 37
93 75 43 31 38 75 24 15 78 15 66 91 56 61 91 10 24 21 19 45 68 11 69 19 80 36 98 67 92 44 60 31 81 96 64 1 23 48 37 26 37 35 12 52 33 23 83 30 12 95
78 7 92 81 17 39 29 40 27 23 11 77 11 48 20 68 22 75 39 41 60 80 17 98 96 12 8 82 81 49 8 31 42 43 67 75 29 61 77 15 12 12 24 15 90 28 21 92 85 31
22 46 30 87 67 37 62 13 49 5 51 92 26 77 56 6 50 60 95 91 37 76 4 86 88 45 70 11 74 51 10 56 72 12 57 60 76 59 39 59 30 48 55 16 88 56 30 97 70 63
51 59 16 97 12 93 7 97 83 38 51 83 12 14 87 50 67 93 56 28 90 47 42 60 88 33 85 54 59 78 77 88 55 11 67 90 19 50 21 17 50 93 92 17 42 12 5 10 24 59
43 97 35 14 28 91 85 99 35 60 53 78 39 89 26 79 21 51 36 92 90 95 13 13 27 13 63 33 77 4 39 62 76 90 1 22 14 87 13 44 44 90 48 98 39 83 55 92 91 93
78 69 28 24 55 90 16 97 65 25 61 31 62 53 40 35 99 1 34 61 99 52 25 11 53 84 23 12 51 23 14 72 39 19 65 1 69 74 91 89 12 1 77 23 14 29 14 91 94 54
27 72 8 95 65 13 43 71 39 70 73 24 58 65 8 27 13 80 64 25 35 43 72 89 85 54 14 28 46 19 68 63 88 36 81 32 18 82 65 24 76 73 62 52 50 13 14 53 33 36
66 43 16 28 3 15 1 67 20 95 14 51 88 85 29 95 86 86 13 49 5 83 67 69 28 90 81 45 83 54 21 44 25 74 34 60 35 14 20 7 74 27 98 31 21 27 61 12 28 5
80 63 46 80 16 93 86 44 22 37 11 98 94 40 12 74 38 35 9 11 59 91 50 65 80 2 62 18 33 69 21 72 35 8 8 62 33 7 91 45 95 60 38 51 63 50 3 5 5 23
21 3 7 77 54 95 38 71 95 27 13 56 75 10 67 16 7 60 46 85 3 90 12 98 35 8 1 60 55 10 98 72 26 39 99 60 73 26 21 81 58 1 2 93 23 26 66 52 16 95
92 95 3 46 28 67 35 25 60 70 27 50 94 73 65 83 44 50 15 2 19 24 52 23 28 7 9 68 48 10 9 34 47 65 49 76 58 39 87 89 84 69 23 44 69 31 85 86 59 49
98 42 70 67 64 32 20 36 95 25 98 93 91 64 24 10 67 89 18 77 66 40 1 31 58 60 56 42 87 83 71 91 64 62 29 11 48 49 66 78 5 32 30 12 30 82 52 14 83 92
67 25 53 76 43 80 39 32 24 57 4 62 56 20 61 73 91 15 24 27 89 62 67 24 1 38 48 23 87 2 47 84 12 7 8 21 45 75 98 59 99 37 85 36 7 87 49 92 71 43
14 11 16 41 2 31 96 35 5 45 63 16 40 88 89 16 11 25 55 31 25 23 22 16 98 5 19 7 77 16 54 35 72 90 27 85 24 90 19 52 86 26 2 62 20 13 26 53 33 9
41 92 7 47 66 53 15 3 23 39 3 32 18 38 72 60 78 25 54 27 58 33 17 91 63 19 96 70 6 87 89 66 8 61 90 97 87 86 14 32 12 60 3 15 56 2 93 66 43 66
12 55 66 44 75 35 9 2 13 59 82 8 39 24 70 62 88 26 43 6 61 72 18 65 71 43 46 50 7 84 23 81 98 13 87 30 68 85 27 37 99 69 28 1 61 69 51 29 95 31
50 61 97 82 82 76 73 30 48 1 41 28 29 40 34 82 31 85 89 13 89 59 75 59 90 54 20 48 11 39 39 55 65 12 11 52 23 92 29 85 50 73 80 98 17 63 26 1 92 96
60 77 91 62 10 22 12 40 52 26 20 24 85 59 43 72 83 19 46 34 94 67 26 95 69 15 59 64 6 13 63 46 29 81 86 62 22 14 83 95 98 31 87 50 28 91 82 8 43 40
31 72 34 16 35 41 82 10 59 88 78 25 24 73 17 68 52 28 3 2 52 80 17 25 41 10 1 64 41 58 8 91 98 60 97 25 83 24 65 88 50 92 33 82 94 40 85 77 51 39
26 30 61 63 77 30 53 44 54 91 61 2 93 51 49 90 60 30 95 27 27 88 56 14 13 88 87 97 87 22 53 34 5 93 48 80 50 11 77 64 6 81 93 11 67 36 2 8 63 40
11 21 9 10 86 62 31 20 9 77 70 70 39 11 58 47 67 39 32 20 1 91 90 56 4 41 69 62 56 82 38 81 16 53 72 76 77 25 35 38 47 31 10 20 28 5 94 24 1 75
36 70 47 53 15 91 7 16 82 44 20 82 42 95 41 15 62 9 36 60 80 52 18 51 77 24 95 27 77 6 62 83 10 45 17 2 46 6 33 89 12 65 68 22 22 30 26 52 4 40
29 30 97 4 8 26 31 57 90 6 29 26 95 81 53 99 77 65 40 22 17 40 99 78 58 72 69 43 92 39 23 8 83 5 95 54 37 92 76 73 83 15 30 29 57 30 78 45 17 40
23 54 43 93 24 39 38 49 1 3 89 93 38 49 25 6 56 86 70 67 53 74 17 67 78 45 32 67 35 70 46 57 30 48 63 28 77 47 99 6 2 64 32 88 89 78 27 43 49 20
3 57 48 1 66 63 36 49 6 33 51 99 15 14 90 39 43 77 11 39 71 55 83 85 32 2 43 54 42 31 63 85 47 91 83 82 36 73 46 31 92 96 51 18 67 6 59 46 72 77
82 48 56 75 62 33 96 10 39 27 26 66 69 92 58 13 33 61 13 34 1 58 44 49 47 59 33 3 32 46 24 47 89 36 94 74 84 45 54 22 90 10 43 81 51 43 23 52 89 84
36 44 60 84 77 45 55 60 9 14 6 8 57 24 58 90 83 53 64 87 2 60 3 71 17 92 6 43 15 64 18 93 32 60 20 20 91 98 67 74 35 75 20 87 77 50 48 80 62 58
42 87 80 51 25 36 34 33 41 42 20 19 89 61 53 94 93 76 18 96 83 5 76 12 71 32 16 64 89 95 84 61 61 36 64 26 81 55 81 20 31 22 18 5 47 33 98 4 92 70
47 29 50 64 6 46 19 19 9 35 85 61 48 22 48 24 53 24 28 57 21 85 36 46 34 22 14 7 21 19 98 18 79 3 95 78 43 20 47 29 27 48 80 11 20 98 2 9 77 98
25 79 88 19 64 75 84 67 89 6 58 85 36 33 86 96 69 94 72 15 86 63 14 3 9 41 93 46 84 4 12 44 15 24 14 28 28 21 94 16 34 47 72 3 53 21 3 85 42 7
71 60 12 81 42 52 97 60 68 7 56 1 67 32 37 34 34 57 7 47 73 89 12 19 32 87 43 46 40 10 26 47 19 92 82 11 65 9 89 87 43 56 67 49 86 18 10 48 20 10
8 43 18 48 63 54 37 29 45 45 15 65 9 11 7 14 54 77 67 41 8 33 2 45 78 12 46 66 89 28 30 88 38 99 43 84 25 74 64 45 32 48 68 64 63 14 21 15 72 52
57 41 67 60 11 85 60 9 35 30 36 64 37 19 3 99 34 69 76 32 39 86 98 54 28 10 7 11 81 27 31 37 29 32 3 32 2 17 14 70 74 31 53 38 91 1 24 23 77 74
9 44 64 58 60 15 92 67 79 12 38 84 30 41 91 18 50 94 54 58 62 49 71 59 44 87 92 33 13 65 87 55 3 81 2 24 65 14 26 73 67 70 95 27 65 68 97 50 20 21
39 67 73 21 97 78 89 15 28 55 82 79 70 38 68 88 8 27 93 92 64 39 94 11 23 84 97 6 81 48 70 21 51 55 19 46 5 9 20 53 78 43 37 11 86 53 89 54 14 77
56 24 17 96 56 87 34 41 99 40 28 17 79 81 77 78 27 84 50 75 64 81 48 37 67 80 49 72 36 70 80 65 62 75 52 61 99 8 12 65 6 31 15 56 27 36 34 98 55 14
34 22 3 78 55 80 16 28 21 23 66 67 44 56 99 12 46 33 42 56 31 30 6 73 58 50 95 35 23 46 92 3 53 59 12 73 88 6 65 11 74 18 8 21 23 19 48 52 91 35
22 10 97 95 54 46 53 53 37 1 86 96 85 50 41 53 67 28 19 57 85 13 23 79 12 75 66 19 50 83 6 61 11 46 76 42 24 14 35 21 25 43 62 19 85 18 50 47 4 94
37 52 96 85 3 45 68 88 66 95 62 67 74 38 12 5 39 44 33 92 96 39 79 35 3 75 76 63 21 5 60 72 85 3 47 38 76 29 81 42 14 70 5 62 46 73 29 44 61 54
12 90 86 28 81 12 10 27 66 48 89 80 10 67 66 29 92 10 5 86 79 26 46 61 12 95 42 60 51 76 98 45 81 69 93 25 44 82 59 13 87 56 66 15 17 35 76 73 89 91
24 56 22 65 49 22 7 26 91 30 55 31 45 58 93 40 35 79 61 10 39 96 44 64 36 68 52 44 2 24 28 15 57 48 42 64 89 15 47 81 57 63 17 18 40 41 76 37 81 39
87 86 30 27 92 78 27 42 49 51 95 94 45 42 61 1 86 89 82 79 36 42 85 3 16 73 55 82 73 69 62 46 92 54 50 8 27 60 63 63 36 1 39 52 27 69 99 28 27 52
83 84 46 65 93 14 16 4 37 61 53 79 28 36 43 63 11 39 85 2 4 41 11 36 42 79 53 15 77 73 49 55 48 22 44 30 95 12 45 56 31 23 83 72 96 76 77 36 50 87
43 96 2 19 2 83 40 88 93 69 75 37 65 6 87 95 55 27 65 12 75 96 7 95 78 10 37 74 35 45 78 22 21 55 93 16 40 15 58 75 79 34 33 97 86 43 50 55 71 98
28 67 23 73 55 9 88 25 84 91 72 8 84 65 81 95 2 81 78 31 89 36 79 10 52 71 90 77 95 90 13 1 6 14 77 32 74 11 87 47 42 67 23 84 53 52 53 32 55 70
84 53 75 8 30 3 48 65 18 26 32 11 90 30 86 9 7 66 76 98 52 78 13 64 41 47 69 26 9 96 92 81 76 47 18 27 76 49 24 79 97 66 99 87 84 3 70 91 33 78
33 5 48 24 47 76 21 72 25 99 76 55 47 98 42 11 85 37 45 77 12 13 60 82 16 86 17 8 91 56 19 37 59 74 16 87 64 95 1 75 96 49 91 87 50 67 44 99 74 28
21 33 92 37 36 71 75 5 47 77 4 32 59 42 78 78 40 52 40 31 43 8 38 49 12 69 97 93 24 2 66 61 14 74 19 62 44 82 14 66 95 35 40 60 79 78 15 36 91 2
46 99 63 68 64 57 86 68 83 4 74 38 85 69 88 25 89 79 82 26 84 9 77 51 99 74 35 95 41 51 4 59 88 35 42 99 73 14 97 23 16 36 21 30 17 60 68 76 91 60
83 31 74 28 41 43 79 70 54 32 51 67 99 84 96 87 36 38 36 2 94 47 91 18 87 72 42 7 14 86 8 45 67 11 65 27 77 13 51 52 76 68 82 76 81 58 67 2 56 25
25 79 36 38 20 70 93 67 93 43 84 25 68 30 73 95 30 12 30 83 24 47 45 65 21 39 37 34 93 69 41 29 92 6 73 16 39 93 8 18 97 81 52 54 28 83 80 12 19 89
42 54 72 42 92 66 36 70 10 48 55 43 93 12 75 1 66 8 69 52 43 16 13 70 5 99 17 12 39 35 54 48 71 68 13 72 69 28 78 27 75 80 8 90 4 34 82 96 42 54
67 16 77 38 38 13 12 67 92 7 70 55 67 18 75 98 90 80 62 60 13 9 19 15 54 54 54 93 55 81 81 84 6 45 26 90 67 43 24 34 21 72 85 72 20 66 3 78 64 37
50 38 23 40 42 85 60 89 85 37 1 54 61 80 40 48 40 53 93 70 59 9 59 21 28 82 63 21 2 25 85 3 98 41 93 80 31 38 55 45 10 95 71 69 31 6 68 19 56 43
25 41 10 26 18 69 39 78 91 44 8 99 46 56 44 86 94 60 55 88 51 59 58 25 68 15 34 86 42 88 94 12 28 41 62 2 56 13 84 51 54 20 70 98 50 68 31 68 24 64
49 64 34 13 41 13 79 97 78 61 17 14 6 91 96 77 98 9 93 98 35 14 99 20 94 26 87 13 65 37 39 41 8 37 89 94 8 16 1 39 47 48 40 13 94 69 81 6 1 26
36 38 1 50 98 70 27 43 29 5 24 80 45 35 2 26 65 26 21 18 13 4 30 1 33 26 78 8 16 29 52 82 14 28 62 88 20 59 65 41 49 84 78 50 87 67 60 68 45 11
75 64 41 37 38 2 99 17 3 29 92 36 23 72 49 6 58 12 52 34 77 2 11 45 94 44 5 11 93 84 43 96 23 15 52 92 47 84 14 71 25 3 31 83 99 96 83 90 1 36
79 69 32 96 53 89 1 10 61 54 42 18 66 61 70 57 45 33 98 95 65 63 44 80 8 8 80 23 60 20 13 16 12 47 87 34 79 40 79 40 53 95 84 92 86 37 74 30 69 73
94 12 19 25 17 83 16 52 20 93 68 77 35 48 7 57 77 19 52 15 91 48 12 2 81 76 92 27 68 59 71 28 28 24 36 94 49 55 39 66 5 9 58 43 81 69 69 24 34 60
7 43 83 28 29 52 40 42 87 15 66 59 57 93 8 27 68 89 6 39 15 16 51 39 14 96 45 72 68 49 47 7 6 55 65 37 22 49 43 39 86 30 69 62 37 99 48 84 14 70
73 98 38 21 48 43 22 84 43 43 91 99 56 13 64 43 22 71 47 8 28 27 98 97 35 60 71 17 30 64 55 56 11 93 50 75 44 76 50 84 41 30 75 73 88 93 34 8 36 23
12 23 67 74 96 97 44 81 65 63 17 58 14 57 18 30 9 82 26 65 88 92 37 70 9 72 58 15 31 81 47 49 14 5 21 70 81 83 49 47 55 79 49 86 68 92 2 48 98 25
55 96 96 28 54 24 20 7 84 24 24 39 33 73 75 57 19 43 88 47 61 15 69 14 44 63 21 29 88 68 14 19 47 71 29 30 87 83 7 93 93 20 82 25 41 4 47 65 35 36
68 1 98 31 31 9 23 19 27 99 5 70 4 18 51 43 68 35 44 26 3 46 37 65 79 31 57 24 77 72 33 52 42 7 28 18 94 82 61 44 77 27 19 54 44 20 56 21 79 87
77 60 53 1 51 76 17 14 77 64 51 61 98 24 81 79 33 3 62 83 87 62 85 10 99 53 43 5 53 46 66 44 34 5 16 68 4 27 98 52 94 74 34 41 97 62 46 70 95 96
47 84 26 79 89 99 79 54 15 3 82 88 74 9 46 40 26 60 42 44 85 98 1 74 3 1 38 43 35 50 24 25 12 35 58 42 4 26 32 33 58 26 42 34 51 72 63 37 4 73
42 91 58 34 26 78 40 79 14 32 25 7 89 65 70 12 39 47 26 21 29 51 74 70 88 95 64 68 58 36 46 56 19 96 11 16 61 24 20 33 63 16 18 2 42 80 54 88 17 75
9 81 56 15 30 56 72 53 73 66 46 62 53 40 85 35 68 69 49 44 64 15 89 70 1 98 13 41 79 5 93 52 74 34 74 98 36 7 55 46 92 43 7 94 92 3 89 91 79 37
52 11 32 89 80 27 34 71 64 94 70 96 29 33 29 38 44 69 22 60 42 2 53 69 42 44 83 39 49 94 42 28 99 75 1 34 2 39 38 58 7 88 9 36 56 56 75 16 81 10
98 45 7 52 33 9 28 90 39 47 5 30 89 54 90 62 16 48 40 89 82 46 55 21 93 29 91 58 51 17 20 11 39 11 94 56 36 67 71 80 73 3 12 61 79 23 52 83 77 40
89 49 84 39 72 9 99 81 59 95 31 53 78 64 52 77 10 90 61 58 21 48 72 12 69 45 83 36 63 22 16 14 81 50 79 14 53 92 75 18 31 43 42 94 41 62 28 49 46 89
80 3 32 80 20 88 29 59 97 73 64 44 2 24 42 42 67 8 91 60 15 47 39 71 37 38 37 21 81 8 65 58 62 78 57 70 68 56 73 78 13 87 91 88 11 77 85 81 6 2
18 88 91 67 82 70 97 79 54 18 35 6 80 84 85 46 78 22 59 35 36 49 37 25 71 55 5 28 75 8 7 44 58 87 37 39 50 56 3 10 34 28 83 69 37 20 37 44 10 84
65 46 73 1 74 49 48 30 59 98 82 73 93 21 10 66 17 72 16 65 60 94 83 27 78 23 79 2 96 68 85 47 71 96 70 20 52 88 38 65 64 49 38 8 75 49 82 39 23 97
12 65 21 80 64 45 99 83 77 40 51 59 97 76 39 88 91 84 10 32 59 76 93 6 96 48 39 9 61 66 22 21 6 28 98 32 65 91 83 84 18 96 8 7 55 74 41 17 23 54
97 85 75 52 68 30 84 98 19 21 66 99 99 65 80 87 85 11 31 68 30 20 9 55 66 32 48 72 12 3 97 97 26 52 11 78 53 66 56 95 10 48 13 65 38 19 98 77 79 96
21 62 45 45 96 29 73 65 91 66 91 32 25 62 92 77 87 79 48 73 80 67 4 80 59 14 46 24 1 12 96 13 67 89 99 17 57 94 46 53 38 5 53 33 57 3 14 87 27 17
23 71 63 32 65 89 67 34 81 51 19 98 24 56 95 66 89 69 75 97 56 72 6 99 59 45 7 70 28 17 16 67 93 69 35 86 20 29 21 87 51 58 78 83 55 8 22 88 49 1
85 34 34 39 68 10 81 25 26 79 34 87 58 6 72 88 66 16 68 4 51 71 81 91 33 65 81 31 79 18 92 48 16 66 97 37 49 42 24 6 70 52 28 44 29 14 1 95 77 75
52 98 61 52 36 80 72 50 32 65 9 74 95 66 28 93 9 43 90 43 28 33 63 7 84 76 88 16 22 99 50 60 52 89 89 33 7 80 98 41 62 62 96 62 6 54 56 10 56 83
68 47 27 15 42 33 75 97 58 3 48 73 59 5 90 50 82 99 83 65 45 9 44 6 89 60 98 56 65 98 84 42 55 52 25 78 18 88 79 3 18 60 6 66 50 92 12 3 87 53
50 65 61 50 88 52 11 42 83 31 40 90 79 2 54 9 85 98 20 91 65 45 21 20 32 22 91 47 77 19 72 24 64 53 77 84 31 14 35 92 91 29 89 76 81 91 54 1 27 33
10 75 24 16 69 91 38 71 11 33 6 51 27 47 30 4 67 8 88 62 56 16 17 80 17 57 53 52 53 49 63 5 14 79 17 78 87 98 34 69 71 56 96 83 11 84 80 42 23 33
65 74 67 31 89 57 84 8 59 25 78 17 36 70 47 9 97 15 37 67 61 13 40 5 12 90 65 77 26 36 97 15 4 60 76 42 43 95 43 32 83 45 79 69 16 64 48 55 13 66

Demandas:
0 0 0 0 0 1
0 0 0 1 0 0
0 0 0 0 0 1
0 0 1 0 0 0
0 0 0 1 0 0
1 0 0 0 0 0
0 0 0 0 1 0
0 0 0 1 0 0
0 0 1 0 0 0
0 0 0 0 0 1
0 0 1 0 0 0
0 0 1 0 0 0
0 0 1 0 0 0
0 0 0 0 1 0
0 1 0 0 0 0
0 0 0 0 1 0
0 1 0 0 0 0
0 1 0 0 0 0
0 0 1 0 0 0
0 0 0 0 1 0
1 0 0 0 0 0
0 1 0 0 0 0
0 0 0 1 0 0
0 0 0 1 0 0
0 0 1 0 0 0
0 0 0 1 0 0
1 0 0 0 0 0
0 1 0 0 0 0
1 0 0 0 0 0
0 0 0 0 0 1
0 0 1 0 0 0
0 0 0 0 1 0
0 0 0 0 0 1
0 0 0 1 0 0
0 0 0 0 1 0
0 0 0 1 0 0
0 0 0 1 0 0
0 1 0 0 0 0
0 0 0 0 1 0
0 1 0 0 0 0
0 0 0 1 0 0
0 0 1 0 0 0
0 0 0 1 0 0
1 0 0 0 0 0
0 0 0 1 0 0
0 0 1 0 0 0
0 0 0 0 0 1
0 0 1 0 0 0
0 1 0 0 0 0
0 0 0 0 1 0
0 0 0 1 0 0
0 1 0 0 0 0
0 0 0 1 0 0
0 1 0 0 0 0
0 0 0 0 1 0
1 0 0 0 0 0
0 0 1 0 0 0
0 0 0 0 1 0
0 0 1 0 0 0
1 0 0 0 0 0
0 1 0 0 0 0
0 0 1 0 0 0
0 0 0 1 0 0
0 0 1 0 0 0
0 0 0 1 0 0
0 0 0 0 1 0
0 0 1 0 0 0
0 0 0 0 0 1
0 0 1 0 0 0
0 1 0 0 0 0
0 0 0 1 0 0
1 0 0 0 0 0
0 0 1 0 0 0
0 0 0 0 0 1
0 0 0 1 0 0
0 0 1 0 0 0
0 0 0 1 0 0
0 0 1 0 0 0
0 0 1 0 0 0
0 0 0 1 0 0
0 1 0 0 0 0
1 0 0 0 0 0
0 0 1 0 0 0
0 0 0 1 0 0
0 0 0 0 1 0
0 0 0 0 1 0
0 0 0 1 0 0
0 0 0 0 0 1
0 0 0 0 1 0
0 0 0 0 1 0
0 1 0 0 0 0
0 0 0 0 0 1
1 0 0 0 0 0
0 0 0 0 0 1
0 1 0 0 0 0
0 0 1 0 0 0
1 0 0 0 0 0
0 0 0 0 0 1
0 0 0 1 0 0
1 0 0 0 0 0
0 0 0 1 0 0
0 0 0 0 0 1
0 0 0 1 0 0
0 0 0 0 0 1
0 0 0 0 0 1
0 0 0 0 1 0
0 1 0 0 0 0
0 0 0 0 1 0
0 0 0 0 0 1
1 0 0 0 0 0
0 0 0 1 0 0
0 0 0 1 0 0
0 0 0 1 0 0
1 0 0 0 0 0
0 1 0 0 0 0
0 0 0 0 0 1
0 0 0 0 0 1
0 0 0 0 0 1
0 0 1 0 0 0
0 0 0 0 0 1
0 1 0 0 0 0
0 0 0 0 1 0
0 1 0 0 0 0
0 0 1 0 0 0
0 0 0 0 1 0
0 0 0 0 1 0
0 0 1 0 0 0
0 0 0 0 1 0
0 0 0 0 1 0
0 0 1 0 0 0
0 0 1 0 0 0
1 0 0 0 0 0
0 1 0 0 0 0
0 0 0 0 1 0
0 0 1 0 0 0
1 0 0 0 0 0
1 0 0 0 0 0
0 0 0 0 0 1
0 0 1 0 0 0
0 1 0 0 0 0
0 1 0 0 0 0
0 0 0 1 0 0
0 0 0 1 0 0
0 0 0 0 0 1
0 0 1 0 0 0
0 0 0 0 0 1
0 0 0 0 1 0
1 0 0 0 0 0
0 1 0 0 0 0
0 0 1 0 0 0
0 0 0 0 0 1
0 0 1 0 0 0
0 0 0 0 0 1
0 1 0 0 0 0
0 0 0 0 1 0
1 0 0 0 0 0
0 1 0 0 0 0
0 0 0 0 1 0
1 0 0 0 0 0
0 0 0 0 1 0
0 1 0 0 0 0
0 1 0 0 0 0
0 0 0 0 1 0
0 0 1 0 0 0
0 1 0 0 0 0
0 0 0 1 0 0
0 0 0 0 0 1
0 1 0 0 0 0
0 0 1 0 0 0
0 0 0 1 0 0
0 0 0 1 0 0
0 0 1 0 0 0
0 0 0 0 1 0
0 0 0 0 0 1
0 0 0 1 0 0
0 0 0 0 0 1
0 0 0 1 0 0
0 0 0 1 0 0
0 0 1 0 0 0
0 0 0 1 0 0
1 0 0 0 0 0
0 0 1 0 0 0
0 1 0 0 0 0
0 1 0 0 0 0
0 0 0 0 1 0
0 0 0 0 0 1
0 0 0 1 0 0
0 0 0 0 1 0
0 0 0 0 0 1
0 0 0 0 1 0
0 0 1 0 0 0
0 1 0 0 0 0
0 0 0 1 0 0
0 0 1 0 0 0
0 0 1 0 0 0
0 1 0 0 0 0
0 0 0 0 0 1
0 1 0 0 0 0
0 0 0 0 1 0
0 0 0 0 0 1
0 0 0 0 1 0
0 0 0 0 0 1
1 0 0 0 0 0
0 0 0 0 0 1
1 0 0 0 0 0
1 0 0 0 0 0
0 1 0 0 0 0
1 0 0 0 0 0
0 0 1 0 0 0
0 0 0 0 0 1
0 1 0 0 0 0
0 0 0 1 0 0
0 0 0 0 1 0
0 1 0 0 0 0
0 0 0 0 0 1
0 0 1 0 0 0
0 0 0 0 1 0
0 1 0 0 0 0
1 0 0 0 0 0
0 0 1 0 0 0
1 0 0 0 0 0
0 1 0 0 0 0
0 0 0 0 1 0
0 0 0 1 0 0
0 0 0 0 1 0
0 1 0 0 0 0
0 0 0 1 0 0
0 0 1 0 0 0
0 0 0 0 0 1
0 0 0 1 0 0
0 0 0 0 1 0
0 1 0 0 0 0
0 0 0 0 0 1
1 0 0 0 0 0
0 0 0 0 0 1
0 0 0 0 1 0
0 0 0 1 0 0
0 1 0 0 0 0
0 1 0 0 0 0
0 0 1 0 0 0
0 0 0 0 0 1
0 1 0 0 0 0
0 0 1 0 0 0
0 0 0 1 0 0
1 0 0 0 0 0
0 0 0 0 1 0
0 1 0 0 0 0
0 0 0 0 1 0
0 0 0 1 0 0
1 0 0 0 0 0

Capacidades:
1 2 2 2 3 0
1 4 4 3 0 3
3 3 3 0 2 1
0 2 0 0 4 2
0 3 3 1 1 1
3 0 0 1 3 0
3 1 2 3 2 0
0 2 3 1 3 1
3 3 2 0 3 2
1 1 1 3 2 4
0 3 0 0 3 3
4 4 3 2 2 1
2 1 1 0 1 2
2 1 2 2 1 4
4 2 1 1 0 1
3 0 4 4 1 3
3 0 0 3 4 1
2 3 4 2 0 3
4 2 0 4 2 0
2 2 3 0 4 2
3 0 1 4 1 3
2 0 4 1 4 2
1 4 3 0 1 4
3 0 4 0 2 1
4 1 0 4 1 0
0 1 4 3 0 2
0 2 4 2 2 3
0 3 3 0 1 1
3 2 0 4 1 1
4 4 3 1 3 1
2 3 0 0 0 4
4 0 4 1 1 1
2 3 4 3 2 3
4 3 4 3 4 1
2 0 1 1 1 2
1 4 0 4 4 2
1 2 0 4 0 1
1 3 0 4 0 3
4 2 3 4 1 2
4 4 0 3 4 3
3 3 2 2 3 2
3 1 0 0 4 3
2 3 0 0 4 2
2 4 3 0 2 3
2 1 2 4 4 1
4 4 1 3 0 0
3 2 3 3 4 2
2 4 1 3 0 1
2 1 2 2 0 4
4 4 3 0 2 4
