m: 100
n: 20
k: 6

Distancias:
28 27 46 53 56 89 1 77 99 80 69 69 79 79 72 5 82 63 72 35
89 17 10 67 89 73 14 39 19 81 32 16 15 18 56 84 91 73 87 77
95 78 48 89 96 17 88 69 87 17 80 68 63 92 49 32 64 64 30 57
4 63 69 28 85 80 43 52 47 51 80 22 16 34 69 82 12 63 30 28
80 82 70 73 91 42 77 66 91 37 54 6 67 29 97 43 7 56 52 13
41 22 2 80 42 23 2 89 64 16 23 20 35 53 48 9 26 62 28 13
40 14 68 72 93 90 86 4 30 8 48 27 22 50 60 33 68 37 59 93
27 70 64 49 57 15 90 93 19 96 52 28 43 84 69 42 99 20 52 84
48 19 10 38 40 69 51 16 73 89 83 23 1 43 38 51 50 79 75 76
10 12 53 44 71 22 9 77 70 77 77 95 39 86 20 88 41 95 43 67
11 28 96 90 62 66 42 90 15 86 64 63 73 91 27 73 33 6 3 51
87 81 9 40 5 91 72 41 74 71 78 33 55 15 30 45 97 57 83 37
91 61 40 89 84 46 66 96 3 66 81 55 10 85 34 11 51 40 67 4
12 21 68 56 44 54 2 75 90 56 53 98 11 24 66 88 42 76 39 2
78 10 64 62 60 17 59 97 76 25 31 7 63 45 18 23 15 90 13 20
77 92 64 18 46 44 78 17 15 31 13 11 91 41 79 79 55 12 7 8
63 71 88 95 89 77 11 42 33 59 54 29 96 69 18 89 67 79 39 30
14 44 71 48 11 74 79 66 63 66 8 83 63 71 10 30 34 63 14 6
54 36 38 53 25 37 47 74 57 31 76 71 91 84 14 20 37 38 1 30
56 41 53 72 55 35 25 8 23 55 4 27 93 59 60 20 12 84 87 2
48 22 74 73 54 87 98 69 31 89 89 78 62 47 74 80 46 59 20 90
53 12 95 58 2 17 26 5 26 32 92 83 71 38 23 74 50 83 57 29
31 42 14 92 47 49 26 12 53 34 67 29 30 1 80 38 5 89 88 38
37 10 17 28 30 51 2 46 12 81 71 53 29 87 24 72 21 65 32 93
97 62 37 87 81 20 37 12 59 75 57 1 18 63 74 10 53 2 17 91
5 90 86 19 59 63 27 21 44 81 1 68 62 91 9 42 62 33 55 65
6 78 6 6 72 73 17 83 95 70 39 98 86 42 41 67 26 1 67 9
13 94 61 64 78 19 32 22 1 71 72 76 70 91 33 70 15 92 21 94
35 18 40 7 3 46 16 56 65 57 92 24 39 72 32 97 51 52 48 64
50 70 81 81 97 60 43 19 1 41 97 27 97 74 64 38 14 42 73 46
85 5 99 95 59 26 36 89 34 38 74 19 41 72 39 30 94 85 62 77
76 73 85 30 78 19 59 80 56 37 14 89 27 10 68 74 59 28 42 99
59 35 25 7 7 72 60 82 76 16 93 89 88 4 74 81 37 99 7 3
34 88 23 73 94 81 45 4 68 37 50 22 16 51 32 81 67 66 36 10
12 61 67 5 57 18 72 6 5 69 34 28 53 55 32 76 34 94 43 40
57 45 38 8 91 53 28 8 36 49 70 66 46 3 38 12 91 17 76 69
81 41 30 97 97 11 85 24 74 91 41 22 77 20 17 55 96 28 27 28
69 97 85 72 16 33 22 41 41 29 26 38 53 91 91 74 32 55 8 82
65 75 1 39 31 33 93 65 13 15 90 24 78 97 61 64 89 42 97 78
93 71 90 91 20 99 89 15 27 93 39 82 98 73 2 68 61 76 67 35
3 81 27 70 96 67 96 65 76 80 56 26 93 16 8 41 59 76 70 88
7 61 3 97 75 69 32 79 3 50 35 50 73 63 66 50 35 55 78 11
25 45 22 45 31 64 97 94 20 64 29 74 10 96 50 37 43 80 97 50
12 42 28 20 56 54 35 20 69 59 35 24 30 28 52 67 92 6 19 96
52 39 40 3 87 68 99 96 19 24 23 5 26 92 61 9 53 87 53 20
50 34 18 32 45 88 43 26 51 70 80 54 23 48 29 31 29 12 24 24
58 19 69 83 68 90 87 50 66 26 97 33 88 61 47 90 18 3 89 93
22 86 69 47 21 98 72 10 65 89 98 50 9 67 50 62 75 87 68 48
9 21 32 98 21 43 51 31 16 13 7 15 52 7 74 46 40 62 64 49
96 6 20 53 28 25 58 43 76 32 30 82 32 31 94 9 73 49 91 51
27 96 83 61 53 97 51 94 18 76 29 38 77 28 48 85 41 55 86 8
60 55 42 59 3 48 23 98 62 30 66 61 79 12 99 52 13 56 23 60
74 50 51 18 27 91 85 80 6 3 23 86 37 69 66 30 19 69 30 51
47 50 46 12 65 20 70 51 73 88 35 98 49 33 8 66 9 53 54 39
15 74 63 25 64 58 89 28 98 11 77 69 57 53 30 93 42 50 99 41
45 64 65 43 67 10 39 83 58 15 55 8 34 59 40 23 47 25 81 45
4 83 71 40 51 10 24 93 5 74 68 17 22 78 57 55 43 72 95 98
22 11 44 17 79 58 5 29 47 20 75 22 88 49 64 49 41 99 83 60
16 91 41 98 80 81 14 86 95 12 29 80 94 28 73 42 16 87 57 43
85 1 28 87 19 90 74 28 21 52 47 97 53 97 19 45 48 15 67 22
51 51 70 12 31 48 5 86 92 97 35 38 28 14 76 15 73 77 92 25
84 37 17 18 55 90 6 3 45 70 44 73 65 62 94 48 50 6 7 5
82 31 6 89 1 67 83 28 41 31 77 2 25 11 70 35 62 45 13 86
82 1 76 54 10 99 14 65 1 15 13 5 99 27 15 66 97 55 48 62
23 8 28 86 89 65 50 97 86 6 79 1 8 75 51 78 91 50 86 30
45 44 18 71 43 23 53 82 33 84 15 41 49 42 85 2 9 66 63 43
16 32 86 72 45 6 32 8 77 75 69 23 78 80 51 58 52 62 69 6
56 21 85 20 76 48 72 50 73 85 36 86 96 10 83 66 94 7 27 53
35 24 26 27 15 80 84 21 61 51 15 3 34 24 72 5 62 93 82 60
42 31 38 11 28 94 18 69 16 41 37 55 59 54 59 73 49 54 71 74
86 6 66 76 68 38 46 52 28 87 29 23 71 96 34 33 19 59 13 43
67 41 65 97 90 15 94 86 13 2 91 78 4 93 17 49 83 29 94 12
45 13 15 31 69 95 14 39 25 91 62 65 59 53 3 27 86 59 43 4
15 26 14 98 15 33 80 73 80 96 3 80 8 85 2 67 97 48 16 20
84 17 76 85 94 31 8 34 36 70 40 53 65 5 75 95 41 56 44 95
25 96 85 13 70 57 54 82 2 2 5 60 48 31 25 76 19 78 23 96
51 16 13 16 86 42 47 44 75 79 69 17 40 91 43 80 62 60 19 72
74 94 73 84 61 53 23 31 62 70 48 74 43 58 69 91 71 77 77 33
40 6 29 8 22 8 13 21 67 51 44 77 61 37 16 57 87 45 17 92
23 76 33 95 86 32 55 74 32 63 50 85 59 79 56 28 98 55 22 7
28 65 93 2 9 36 10 10 86 46 86 9 13 99 32 49 1 49 64 93
97 39 50 22 22 65 93 16 28 75 2 79 9 89 23 66 38 40 99 21
18 72 40 60 88 10 66 27 18 77 33 34 59 63 91 94 71 75 99 40
65 74 25 96 17 85 63 97 87 25 51 50 6 63 84 35 4 66 81 58
17 25 9 20 97 87 52 96 89 53 48 58 66 96 3 2 22 20 71 1
54 52 76 27 5 60 85 50 42 87 9 47 73 39 17 82 87 64 45 99
94 16 98 76 50 32 26 16 7 45 72 18 21 12 2 83 56 37 4 14
41 24 12 69 97 18 3 1 43 1 85 26 83 80 77 84 57 6 36 25
46 9 21 84 54 3 10 72 57 65 83 79 70 55 85 56 14 64 42 67
67 81 67 8 65 88 65 60 8 84 68 86 45 83 44 88 96 8 89 68
99 23 85 28 9 97 47 94 81 49 84 29 89 59 72 71 78 90 56 83
61 71 11 17 42 12 24 57 90 33 21 4 83 94 90 39 56 77 82 12
65 90 62 24 79 7 2 96 34 51 43 30 2 91 4 82 38 85 14 73
77 10 29 98 62 13 30 45 50 4 4 57 23 49 73 17 42 19 88 53
68 97 71 16 43 46 33 15 32 69 20 64 77 94 54 32 80 56 46 46
41 49 52 24 72 33 78 38 19 87 9 57 49 48 34 47 67 21 70 59
15 64 61 23 22 42 93 13 90 30 97 26 73 92 56 56 17 97 82 91
90 45 6 55 4 23 54 87 56 18 27 4 65 72 27 68 47 94 88 75
76 90 18 61 88 60 66 99 18 68 34 58 51 40 60 79 62 42 44 93
9 88 73 64 24 50 63 42 36 64 37 65 66 91 8 55 35 6 93 95

Demandas:
0 0 0 0 1 0
0 0 0 1 0 0
0 0 0 0 1 0
0 1 0 0 0 0
0 0 0 1 0 0
1 0 0 0 0 0
0 0 0 0 0 1
0 0 0 1 0 0
0 0 0 0 1 0
0 0 0 1 0 0
0 0 0 0 0 1
0 1 0 0 0 0
1 0 0 0 0 0
0 1 0 0 0 0
0 0 0 0 1 0
0 0 1 0 0 0
0 0 0 1 0 0
0 0 1 0 0 0
0 0 0 0 0 1
1 0 0 0 0 0
0 1 0 0 0 0
0 0 1 0 0 0
0 1 0 0 0 0
0 0 0 0 1 0
0 1 0 0 0 0
0 0 0 0 0 1
1 0 0 0 0 0
0 0 0 0 1 0
0 0 0 0 1 0
0 0 0 1 0 0
1 0 0 0 0 0
0 0 1 0 0 0
0 0 1 0 0 0
0 1 0 0 0 0
0 0 0 0 0 1
0 0 1 0 0 0
0 0 0 0 0 1
0 0 0 1 0 0
1 0 0 0 0 0
0 1 0 0 0 0
0 0 0 0 1 0
0 0 1 0 0 0
0 0 0 0 1 0
0 0 1 0 0 0
0 0 1 0 0 0
0 0 0 0 0 1
0 0 1 0 0 0
0 0 0 0 1 0
0 1 0 0 0 0
0 1 0 0 0 0
0 0 0 0 1 0
0 0 1 0 0 0
0 0 0 0 1 0
0 0 0 0 1 0
0 0 0 1 0 0
1 0 0 0 0 0
0 0 0 0 0 1
0 0 0 0 1 0
0 1 0 0 0 0
0 0 1 0 0 0
0 0 0 0 1 0
0 0 0 0 1 0
0 0 1 0 0 0
0 0 0 1 0 0
0 0 1 0 0 0
1 0 0 0 0 0
1 0 0 0 0 0
0 0 1 0 0 0
1 0 0 0 0 0
1 0 0 0 0 0
0 1 0 0 0 0
0 0 0 0 0 1
0 1 0 0 0 0
0 1 0 0 0 0
0 0 0 0 1 0
1 0 0 0 0 0
0 0 1 0 0 0
0 0 1 0 0 0
0 0 0 0 0 1
1 0 0 0 0 0
0 0 0 0 0 1
0 0 0 1 0 0
0 1 0 0 0 0
1 0 0 0 0 0
0 1 0 0 0 0
0 0 0 0 1 0
0 0 1 0 0 0
0 0 0 1 0 0
0 0 0 0 1 0
0 1 0 0 0 0
0 1 0 0 0 0
1 0 0 0 0 0
0 0 0 0 1 0
1 0 0 0 0 0
1 0 0 0 0 0
0 0 0 0 0 1
0 0 0 0 1 0
1 0 0 0 0 0
0 0 1 0 0 0
0 0 1 0 0 0

Capacidades:
2 3 3 0 3 3
3 4 4 2 4 3
3 2 2 0 4 0
1 2 4 4 0 1
0 2 3 3 3 0
4 4 4 4 0 2
4 2 2 0 1 1
0 3 0 4 4 4
3 2 2 4 2 3
3 3 2 0 3 1
1 1 3 2 2 2
4 1 3 3 0 2
1 0 2 2 0 1
4 3 4 0 3 1
0 3 3 4 4 1
2 3 0 3 3 1
3 0 2 1 1 4
3 4 3 1 1 2
4 2 4 3 2 2
3 2 1 1 1 2
