m: 100
n: 30
k: 6

Distancias:
18 77 55 91 96 93 38 7 89 52 44 39 14 62 78 31 99 42 40 86 22 35 91 72 13 15 41 68 35 95
60 3 60 89 88 13 18 86 86 89 56 9 8 35 87 84 24 59 7 79 61 62 27 15 55 19 79 40 30 12
65 91 34 50 51 57 86 79 31 71 46 55 32 49 42 51 45 19 1 47 24 93 35 24 35 86 20 93 92 18
15 8 6 63 71 8 15 48 51 57 80 6 94 37 78 27 11 28 84 34 25 28 33 22 93 27 87 82 27 34
35 31 90 55 13 34 69 27 80 47 21 55 95 57 56 35 80 86 94 10 62 81 24 21 37 36 34 56 88 31
2 31 36 46 99 55 34 11 76 16 89 77 29 60 58 80 47 62 37 4 78 39 66 77 6 70 83 1 15 82
41 44 4 12 41 84 50 73 40 10 84 32 45 62 14 8 92 5 75 18 34 11 21 56 19 47 32 34 75 85
97 74 45 33 56 82 38 5 82 83 17 41 40 91 43 81 89 17 53 35 99 57 8 56 93 53 57 90 22 40
33 64 53 99 31 81 74 44 17 28 50 53 33 32 76 1 82 52 9 78 69 88 30 31 10 12 6 43 12 72
49 69 24 1 11 49 62 31 28 21 37 14 25 11 15 69 68 38 55 97 19 92 40 33 95 98 89 51 69 87
2 65 10 85 75 84 89 80 74 17 81 26 4 31 83 93 63 82 35 35 75 3 64 8 51 20 78 13 78 6
53 65 78 48 88 75 97 84 59 81 23 57 4 79 64 90 6 62 10 94 7 2 73 81 79 95 82 7 45 22
22 3 2 6 96 44 52 97 95 6 15 44 89 25 42 40 12 97 2 34 28 44 62 88 35 31 70 35 11 90
71 76 19 85 49 30 13 8 44 29 92 50 8 10 28 66 68 77 88 86 4 52 64 12 91 32 83 10 4 80
52 29 72 47 24 98 10 69 75 30 17 60 44 77 98 27 50 94 18 54 34 45 2 69 55 22 29 4 68 61
75 9 78 84 95 90 6 66 17 80 74 73 69 97 53 35 15 90 59 34 14 45 23 36 54 28 38 47 38 41
11 18 93 21 12 61 76 45 28 25 60 6 25 22 34 71 97 59 24 45 32 57 8 1 46 59 52 37 16 82
71 76 46 55 4 54 65 77 24 49 25 15 15 16 31 74 95 84 42 81 16 23 21 99 35 5 73 71 95 73
49 80 28 13 33 72 40 30 7 11 12 52 32 58 41 95 65 44 96 22 83 64 45 83 61 6 40 42 10 28
98 29 39 74 31 30 7 31 31 39 62 11 81 89 2 42 73 91 1 64 88 68 13 11 30 99 14 59 11 1
70 92 44 2 61 5 18 28 24 12 82 22 8 97 96 88 54 99 63 50 73 41 7 76 97 13 48 72 47 77
54 86 54 64 9 86 88 95 25 29 22 32 42 65 67 90 56 33 88 35 89 48 73 51 61 95 99 66 48 94
65 62 99 21 71 89 61 55 7 45 11 63 38 45 69 38 24 62 58 91 14 25 88 91 58 88 32 35 76 59
64 80 67 29 57 77 23 80 38 98 65 46 34 48 61 40 14 66 16 48 53 70 18 67 67 34 77 31 37 18
53 7 35 64 67 69 55 36 43 14 49 61 13 44 51 49 94 48 66 88 90 15 80 81 88 65 37 65 25 85
48 9 49 60 19 26 87 12 45 22 71 46 4 71 67 10 17 38 62 5 82 36 13 18 44 26 84 37 55 82
59 34 73 62 37 95 31 2 96 42 17 51 67 11 38 5 47 90 80 36 74 98 66 85 96 88 60 2 93 46
41 19 85 35 62 62 72 50 72 7 67 72 13 45 5 23 25 42 58 83 33 75 37 81 20 96 89 62 12 88
90 90 32 29 51 42 70 83 16 79 76 94 58 63 10 59 59 21 56 97 57 94 74 22 61 7 72 66 84 72
19 90 44 5 78 39 11 65 81 79 29 68 84 57 72 94 48 44 86 67 84 9 47 59 29 48 86 10 18 7
63 80 90 90 85 95 78 99 7 21 50 41 50 30 88 51 55 80 75 32 95 85 59 67 27 54 64 80 78 44
26 26 49 52 10 63 77 21 64 46 58 35 89 9 72 90 95 76 66 85 4 96 1 51 60 10 96 81 15 2
73 38 7 65 28 50 6 19 2 2 77 99 76 81 69 42 36 86 22 1 46 20 92 81 17 71 98 69 23 94
11 32 23 93 87 38 42 44 89 53 53 94 65 70 17 56 50 54 31 84 97 32 30 5 95 33 13 34 24 79
20 58 36 69 41 72 79 12 36 14 83 56 97 1 71 6 37 70 88 47 10 29 27 59 67 58 2 23 22 75
89 61 76 89 1 50 40 23 63 57 35 22 41 14 48 58 7 96 30 34 82 19 52 88 55 81 47 39 30 40
73 74 83 27 90 46 72 69 88 77 72 94 94 11 95 8 16 34 54 20 97 39 43 15 96 76 46 34 26 9
67 80 71 17 91 27 5 56 96 46 65 51 51 60 55 32 14 91 1 47 6 15 11 78 84 8 96 71 90 18
80 38 8 58 37 28 84 83 42 64 47 59 88 5 48 69 49 91 90 2 51 78 54 47 10 28 87 91 80 26
5 60 94 76 76 91 87 29 62 48 35 32 3 70 37 62 40 55 49 89 81 5 33 98 32 9 94 93 85 37
54 65 18 15 65 16 66 45 87 53 87 76 91 70 6 74 12 61 43 41 21 36 32 59 32 8 20 98 50 83
12 29 4 7 28 54 34 61 14 43 60 14 80 44 35 63 98 24 9 97 85 6 10 99 48 96 91 53 55 13
70 85 44 44 22 68 74 8 50 55 91 76 31 11 75 5 83 15 15 30 50 5 22 10 79 31 70 50 87 98
21 99 61 18 4 63 46 49 59 99 62 31 70 13 1 13 2 2 31 47 44 4 80 48 67 27 21 84 61 78
31 52 41 46 23 76 61 46 5 2 86 18 25 68 35 43 25 87 61 20 44 48 27 81 71 88 18 82 8 46
28 94 83 8 51 74 7 20 11 87 25 2 79 16 56 78 75 46 94 64 11 7 90 29 50 9 9 7 42 95
51 3 60 50 36 43 10 43 71 2 21 61 80 81 32 88 21 99 55 25 84 26 13 16 89 16 9 76 54 59
34 17 94 23 84 37 22 30 82 36 54 95 78 23 23 4 69 27 17 61 99 74 46 8 56 26 77 55 81 72
1 90 46 24 15 87 45 55 29 29 18 44 55 11 21 40 22 41 21 4 84 32 85 46 9 2 19 90 59 60
44 84 50 72 20 14 61 67 4 88 76 93 33 32 37 99 12 63 53 39 24 22 97 23 39 73 64 43 21 66
89 25 43 39 81 91 47 63 78 86 36 28 72 50 31 2 13 71 8 41 73 4 7 48 98 44 37 7 16 22
71 5 58 48 4 70 2 91 5 83 80 71 10 72 42 12 41 15 19 27 16 61 60 35 35 93 2 97 28 57
64 59 77 15 4 51 76 62 10 47 86 32 14 9 28 90 76 46 87 85 87 73 34 17 67 1 88 80 92 92
69 29 83 95 13 54 80 76 34 10 47 53 3 32 85 26 16 44 76 6 69 76 34 90 14 48 64 93 23 11
11 10 90 75 90 82 90 24 80 77 9 49 3 26 57 86 39 80 7 93 78 17 87 38 19 41 23 22 44 79
26 66 3 3 60 75 81 38 35 6 6 80 63 10 50 9 2 35 91 89 53 41 74 53 62 42 46 91 58 38
84 91 16 45 76 27 23 18 98 78 15 51 80 73 28 52 61 80 85 8 10 27 23 23 66 76 7 87 48 41
91 3 31 59 16 36 62 68 21 2 6 25 15 1 71 98 77 94 74 33 83 66 30 48 39 14 4 90 66 39
38 37 37 92 37 70 42 88 62 71 66 35 22 70 54 62 69 23 19 36 29 51 21 31 89 50 26 2 75 43
92 27 38 89 74 31 82 93 19 63 12 8 3 50 56 46 17 20 93 35 28 98 8 38 57 62 72 34 1 76
24 60 98 79 50 94 50 60 91 52 93 85 96 20 33 33 34 43 83 87 62 61 23 98 52 88 18 60 11 33
57 54 7 8 31 41 63 45 83 79 37 14 13 86 65 51 31 63 45 64 16 52 16 27 45 62 59 61 61 47
34 32 25 40 58 73 97 73 88 78 83 12 46 95 11 34 1 52 18 15 99 56 74 14 54 86 11 35 64 63
12 73 25 40 71 65 28 54 38 97 91 8 82 80 52 88 77 49 46 60 86 78 96 1 29 17 50 75 44 87
24 96 70 12 70 37 8 62 23 84 14 62 28 27 24 39 56 38 98 95 22 47 31 68 22 20 36 70 4 98
7 10 24 67 4 69 90 91 27 12 53 28 79 11 13 27 18 51 1 97 1 69 17 28 12 17 97 37 96 22
11 5 8 74 2 26 70 99 48 94 19 87 50 12 67 28 74 52 74 12 17 68 17 44 64 7 78 32 29 93
46 4 17 32 8 67 36 23 26 90 90 98 88 85 54 50 75 63 90 45 10 51 34 48 22 92 79 93 8 80
82 65 36 57 30 94 92 24 89 21 41 6 74 93 91 95 16 42 34 55 58 17 97 65 48 69 82 52 75 47
9 47 81 58 60 65 96 93 16 83 5 79 59 77 69 35 80 95 46 75 49 34 53 4 84 91 28 48 84 86
23 48 18 28 26 11 93 27 17 68 84 59 81 44 75 59 68 57 47 45 45 85 59 96 46 82 27 95 52 82
50 9 36 41 18 61 59 19 24 74 2 86 16 20 33 85 16 10 17 44 77 28 70 44 96 47 60 57 92 60
92 70 63 32 23 69 6 38 65 79 72 50 73 19 34 20 80 71 81 1 24 11 71 44 29 35 63 68 10 59
76 20 36 15 86 79 96 72 2 14 63 79 39 80 93 87 25 40 14 90 55 18 24 58 5 82 33 54 99 34
33 45 93 73 65 7 1 57 60 1 40 14 32 59 79 89 96 82 93 35 83 77 51 97 98 1 39 33 49 48
7 93 66 75 31 21 10 85 47 76 98 32 44 87 73 68 15 59 76 63 86 85 93 80 57 18 92 26 58 79
54 93 92 88 65 89 14 71 54 22 59 27 26 56 89 13 14 72 8 69 13 51 77 27 10 60 37 64 5 16
92 85 5 40 82 61 83 41 74 93 4 70 90 76 52 77 98 31 66 86 49 77 29 49 22 72 77 39 55 61
8 38 53 20 10 13 56 77 63 99 92 15 82 37 24 84 24 16 97 38 48 99 10 32 3 14 46 16 39 59
58 69 60 16 98 64 37 83 69 56 36 75 65 28 41 64 21 20 8 30 65 53 75 37 48 91 23 23 8 36
65 14 16 22 57 83 50 52 51 78 4 19 51 23 73 12 38 18 73 40 97 92 94 29 35 42 33 45 17 1
71 70 1 67 43 99 68 89 42 60 46 98 47 78 76 88 36 91 24 24 98 36 20 15 98 66 8 5 12 35
71 19 88 89 79 84 68 93 71 84 18 62 44 47 42 82 48 12 61 13 39 44 61 40 18 46 48 50 74 88
84 4 63 8 53 69 13 29 77 75 44 58 84 83 54 14 89 93 32 50 83 33 72 61 60 5 9 4 78 53
32 31 96 11 83 10 33 3 14 55 15 85 55 16 22 90 87 77 52 94 4 5 61 32 36 29 80 23 66 38
80 67 26 71 55 16 56 28 32 52 26 76 96 20 38 20 82 98 95 81 78 82 74 13 15 86 70 87 89 33
11 28 34 22 66 66 32 11 48 98 98 4 25 24 98 70 58 7 98 8 20 72 32 22 8 8 36 98 3 38
58 53 45 43 2 8 84 79 36 59 42 13 91 75 26 98 99 18 53 83 74 64 7 69 33 88 69 76 32 83
33 69 74 13 25 96 77 40 11 88 67 12 4 31 90 96 68 9 41 59 39 61 28 64 10 88 45 19 8 78
65 34 3 78 27 93 21 61 91 52 5 73 32 75 81 43 52 63 34 43 90 45 87 70 3 3 27 24 41 9
15 58 35 49 78 28 97 46 23 49 32 10 78 75 45 30 73 47 47 13 90 54 44 29 6 66 12 88 43 29
56 16 13 67 77 10 98 99 60 6 71 37 12 47 5 60 83 24 31 18 74 38 3 46 26 24 46 61 12 56
18 54 71 95 38 12 79 65 71 3 68 11 59 15 53 66 61 23 42 61 19 27 24 34 18 76 91 75 42 69
16 68 59 46 62 39 28 20 11 24 55 1 7 68 53 35 91 15 7 83 23 49 60 47 29 44 56 59 72 98
41 69 86 36 90 4 89 31 93 30 38 47 86 3 65 96 2 91 17 59 33 59 76 35 38 7 52 23 46 63
73 74 75 89 3 18 92 2 18 40 11 68 88 18 36 26 45 40 80 40 34 50 19 93 8 26 12 53 35 67
13 31 22 58 73 27 32 53 54 8 24 68 35 45 71 11 19 95 5 74 65 32 86 38 29 94 95 3 9 40
11 45 25 37 92 7 34 86 64 40 18 53 78 8 90 4 65 83 43 85 20 36 45 92 44 43 20 15 32 52
87 93 35 56 76 37 23 99 57 82 44 21 95 32 40 36 9 91 32 26 54 91 79 23 98 8 15 62 66 84
47 64 60 77 74 54 44 41 18 90 81 41 38 45 18 56 63 36 4 24 97 20 1 52 14 44 81 46 74 93

Demandas:
0 0 0 1 0 0
0 0 0 1 0 0
1 0 0 0 0 0
1 0 0 0 0 0
1 0 0 0 0 0
0 0 0 0 1 0
0 1 0 0 0 0
1 0 0 0 0 0
0 0 1 0 0 0
0 0 0 0 0 1
0 0 1 0 0 0
0 0 0 0 0 1
0 0 0 0 0 1
0 0 0 0 0 1
0 1 0 0 0 0
1 0 0 0 0 0
1 0 0 0 0 0
0 1 0 0 0 0
0 0 1 0 0 0
0 0 0 0 1 0
0 0 1 0 0 0
0 1 0 0 0 0
0 0 0 1 0 0
0 0 0 0 1 0
0 0 0 0 0 1
0 0 0 0 1 0
0 1 0 0 0 0
0 0 1 0 0 0
0 0 0 0 0 1
0 1 0 0 0 0
0 0 0 1 0 0
0 1 0 0 0 0
0 0 0 0 0 1
0 0 0 0 0 1
0 0 0 0 1 0
0 0 1 0 0 0
0 0 0 0 0 1
0 1 0 0 0 0
0 0 1 0 0 0
0 0 0 0 1 0
0 0 1 0 0 0
0 1 0 0 0 0
0 1 0 0 0 0
0 0 1 0 0 0
0 0 0 1 0 0
0 0 0 0 1 0
0 0 0 1 0 0
0 0 0 0 1 0
0 1 0 0 0 0
0 0 0 0 0 1
0 0 0 0 1 0
0 0 1 0 0 0
0 0 0 1 0 0
1 0 0 0 0 0
1 0 0 0 0 0
0 0 0 1 0 0
0 0 0 0 0 1
0 1 0 0 0 0
0 1 0 0 0 0
0 0 1 0 0 0
1 0 0 0 0 0
0 0 0 1 0 0
0 1 0 0 0 0
0 0 0 0 0 1
0 1 0 0 0 0
0 0 1 0 0 0
0 0 0 1 0 0
0 0 1 0 0 0
0 0 0 0 1 0
0 0 0 0 1 0
0 0 0 0 0 1
0 0 0 0 1 0
0 0 0 0 0 1
0 0 1 0 0 0
1 0 0 0 0 0
0 0 0 1 0 0
0 1 0 0 0 0
1 0 0 0 0 0
1 0 0 0 0 0
0 1 0 0 0 0
0 0 0 0 1 0
0 0 0 1 0 0
1 0 0 0 0 0
0 0 0 0 0 1
0 0 0 1 0 0
0 0 0 0 0 1
0 0 0 0 0 1
0 1 0 0 0 0
0 0 0 1 0 0
0 1 0 0 0 0
0 0 0 0 1 0
0 0 1 0 0 0
0 0 1 0 0 0
0 0 0 0 0 1
0 0 1 0 0 0
0 0 0 0 1 0
0 1 0 0 0 0
0 0 0 0 0 1
0 0 0 0 0 1
0 0 0 0 0 1

Capacidades:
0 0 3 0 1 1
3 0 4 1 1 0
4 3 0 3 1 4
1 1 1 1 2 3
4 3 2 0 0 0
4 0 2 0 4 0
4 3 3 0 3 3
0 1 0 1 2 3
4 3 3 3 0 4
2 4 2 3 3 2
3 1 3 4 1 3
2 1 0 0 2 0
1 0 1 0 1 2
1 4 4 1 4 0
0 0 3 4 4 0
0 2 0 0 0 2
1 3 1 2 4 0
2 3 0 0 4 2
0 0 2 2 3 0
0 0 1 1 0 2
0 2 1 4 4 3
0 1 2 0 3 4
1 1 2 1 4 3
2 4 2 0 4 1
1 4 0 4 2 2
2 1 0 1 2 1
0 2 3 2 0 4
4 4 3 3 1 1
4 1 3 4 3 3
4 2 2 0 1 0
