m: 250
n: 50
k: 6

Distancias:
75 58 39 40 6 94 4 56 78 80 77 93 16 23 95 43 18 97 75 80 65 19 55 19 75 50 41 92 44 82 38 60 56 20 95 51 40 58 78 61 3 22 89 39 92 83 30 70 79 32
55 20 9 46 3 60 39 67 20 49 11 70 60 98 98 33 91 58 58 41 55 17 30 75 22 27 30 3 96 61 34 10 84 82 37 11 59 59 73 56 87 51 65 33 81 21 16 83 99 26
16 15 14 47 96 12 57 90 18 55 42 30 49 10 33 67 43 51 62 65 11 32 13 65 86 60 98 42 55 93 50 5 47 75 60 63 52 78 43 62 98 27 89 32 99 48 72 49 15 55
97 15 26 97 82 46 54 11 60 1 49 13 87 21 89 76 81 19 11 10 42 43 92 90 98 33 57 20 83 92 39 30 61 87 99 72 29 69 21 79 53 31 36 48 51 17 30 94 75 61
36 16 71 91 68 22 8 60 81 78 44 13 80 77 17 77 30 26 47 99 86 97 65 22 12 22 41 97 92 6 88 11 71 51 15 60 44 64 46 88 29 94 78 88 69 26 16 24 69 83
91 6 23 69 91 98 25 92 85 75 77 91 36 15 60 47 91 1 32 45 6 3 66 75 69 80 45 56 76 22 25 46 78 9 48 38 31 22 56 81 21 40 73 82 10 40 73 55 25 83
94 8 60 42 34 23 38 38 80 58 37 36 15 33 98 91 56 5 83 15 46 4 20 40 45 32 62 63 17 76 10 31 30 86 92 71 17 40 76 38 13 65 31 3 72 48 35 68 43 84
14 84 8 45 6 41 95 30 37 3 34 57 89 80 66 12 18 56 33 74 11 89 6 72 21 36 34 94 94 94 5 96 52 9 21 3 38 97 84 5 19 56 41 36 3 82 36 62 40 88
52 12 28 45 7 6 92 46 52 52 8 43 40 56 45 80 13 50 74 8 37 43 89 2 97 9 78 46 4 63 51 95 68 73 19 25 24 7 55 77 45 81 3 5 96 39 88 38 90 5
98 5 95 49 84 20 92 42 35 47 39 15 97 33 13 3 21 68 3 8 88 70 4 6 6 56 44 87 47 78 57 2 68 13 67 42 44 46 75 49 76 65 71 87 10 63 20 54 74 96
58 8 14 12 28 76 68 37 6 37 31 62 71 45 17 87 2 55 50 73 99 86 55 6 7 96 3 95 54 79 40 97 79 32 68 88 86 74 11 22 12 48 58 58 22 73 22 24 68 65
67 80 66 73 93 22 28 99 45 30 68 79 6 99 42 3 77 66 51 49 4 85 82 91 48 74 39 76 22 47 5 41 98 97 57 8 56 30 12 85 91 56 98 25 28 72 14 85 56 15
83 51 98 29 30 17 27 52 49 47 83 41 56 83 61 54 46 2 74 82 18 78 93 11 10 40 20 16 88 98 87 52 64 82 39 45 54 9 30 54 22 12 28 57 1 47 46 79 38 50
90 49 56 23 40 90 26 42 81 12 59 55 65 99 20 56 23 30 70 28 13 5 62 54 74 27 73 1 88 34 8 70 96 95 29 4 61 52 20 87 91 92 81 24 42 21 23 10 86 94
87 64 47 54 90 1 9 84 66 37 64 57 23 8 75 60 63 26 49 54 34 31 5 71 30 63 24 61 67 90 12 37 92 26 61 73 26 40 67 68 87 34 13 62 22 21 9 19 74 50
75 72 38 52 90 33 24 69 45 40 82 8 74 9 6 96 98 83 30 66 86 78 71 55 84 4 12 77 28 8 49 60 74 87 93 97 23 33 71 35 64 48 53 32 12 82 20 32 82 53
36 36 59 17 95 55 39 57 83 31 52 71 81 23 27 37 5 95 6 62 55 22 47 2 12 16 9 10 99 93 11 34 23 82 93 25 37 37 59 77 22 37 93 31 93 89 58 45 26 77
60 42 35 88 91 82 44 92 66 98 40 49 90 87 1 46 1 45 98 94 48 39 89 52 98 47 82 24 73 30 30 29 30 65 84 34 19 74 25 93 94 95 85 69 38 87 49 24 39 50
47 50 23 72 7 92 59 99 70 19 64 86 6 89 37 31 3 59 45 80 6 22 16 50 57 43 8 29 5 83 80 33 35 16 43 23 96 59 16 8 71 70 20 49 23 32 44 38 45 32
66 44 31 50 30 90 4 46 51 21 23 64 17 75 64 60 17 3 67 39 14 68 27 11 52 4 21 45 15 83 34 11 97 39 15 23 12 45 41 29 95 3 94 88 29 29 77 4 57 49
34 87 43 58 61 30 66 90 65 17 30 1 39 47 74 31 51 40 22 30 55 68 43 91 68 11 75 43 98 42 83 24 38 30 16 49 10 76 5 70 16 8 14 4 49 12 95 87 86 58
98 84 68 85 69 37 31 31 57 25 32 44 11 57 36 37 70 15 65 63 70 4 75 72 15 97 33 10 94 71 10 38 34 14 28 64 15 98 27 12 46 99 81 54 71 38 66 35 78 13
9 54 12 21 77 34 59 71 24 94 90 12 84 71 7 37 78 35 94 56 82 35 20 28 43 56 83 41 58 94 84 91 3 20 42 79 72 45 71 14 28 98 51 8 68 55 83 4 86 4
54 95 23 53 24 2 65 84 29 17 97 81 61 94 82 9 3 34 90 90 42 40 89 38 29 64 82 32 96 6 81 91 79 69 13 27 5 40 72 12 22 79 40 75 48 69 58 94 9 2
62 7 89 36 8 29 74 59 50 14 31 41 45 4 90 42 59 44 40 58 62 62 30 44 57 69 7 58 47 65 15 16 58 19 45 66 80 6 96 57 37 65 11 21 70 93 93 95 89 65
43 58 47 6 19 63 38 18 20 79 19 1 97 85 63 30 42 85 3 84 3 53 48 8 51 11 70 86 46 91 71 21 19 36 9 51 62 21 31 34 79 69 23 74 86 3 91 54 18 55
86 23 7 37 44 39 3 26 24 16 60 39 42 92 57 5 12 25 46 4 32 81 78 11 27 85 43 82 1 71 5 68 69 40 60 51 7 87 57 36 17 54 98 10 13 72 17 9 85 75
76 69 30 38 3 19 6 68 42 29 16 6 43 59 68 19 94 62 52 24 90 23 34 50 21 24 10 74 29 35 31 76 22 39 67 61 88 34 14 73 8 1 39 77 79 99 32 61 92 77
21 47 14 26 20 87 70 45 93 68 22 8 62 99 13 24 63 80 32 9 9 6 50 88 39 63 93 40 48 24 89 46 26 1 5 83 24 87 32 57 8 74 45 39 15 90 30 66 68 22
17 75 7 1 35 58 89 18 29 5 86 4 89 79 77 16 70 8 63 10 93 14 6 35 99 35 64 58 21 42 1 43 60 2 24 95 55 82 88 44 62 37 36 83 21 66 88 52 7 70
69 83 77 98 1 63 62 34 89 5 92 37 14 80 65 39 80 89 99 84 40 92 30 13 50 84 30 36 39 99 3 52 54 37 89 7 27 13 62 41 27 67 87 44 2 97 79 9 48 87
41 51 12 57 71 99 27 74 44 33 30 72 51 15 69 55 23 33 14 46 3 81 82 11 7 16 89 40 69 85 16 34 55 91 39 96 25 11 27 73 92 4 76 72 54 66 94 69 67 25
16 68 43 18 58 76 13 66 78 64 48 3 84 82 57 18 45 70 24 99 30 55 13 60 26 7 33 98 62 21 93 91 78 92 25 81 31 6 6 46 27 56 4 71 62 63 96 73 89 6
4 62 71 21 92 50 62 77 7 25 35 56 45 98 7 55 54 76 38 55 22 51 17 23 56 36 79 48 19 26 31 59 92 80 9 85 38 1 59 80 38 77 72 69 93 63 78 4 89 58
1 3 69 66 72 28 82 18 23 23 48 5 18 65 22 47 89 44 34 31 80 39 83 24 99 4 29 78 42 96 99 38 45 59 75 24 68 85 33 16 19 87 88 41 67 54 24 54 11 23
83 51 15 53 60 81 1 58 74 22 42 59 86 97 18 5 82 4 79 53 12 93 20 80 97 46 86 23 25 57 29 9 18 41 16 65 31 86 84 36 8 55 65 36 36 1 83 31 98 72
18 87 41 10 19 9 40 62 59 18 99 98 65 21 62 23 8 81 44 81 69 61 45 58 1 16 94 26 68 70 78 81 36 70 8 93 26 94 39 98 5 92 45 89 63 14 16 83 9 8
32 68 3 91 39 47 95 45 25 22 53 41 82 59 87 34 83 22 57 66 36 73 44 58 63 20 89 30 16 91 95 56 5 74 27 54 81 70 3 43 25 72 88 73 87 25 64 74 25 73
89 30 47 37 7 41 65 23 18 19 63 26 24 81 67 46 20 94 46 52 26 39 16 23 30 34 15 12 75 25 71 97 94 56 14 10 19 81 69 71 29 44 4 62 43 95 64 73 2 17
87 24 41 30 20 77 70 91 31 74 28 85 26 68 90 64 88 85 20 24 45 28 20 80 55 58 87 96 68 44 67 58 73 59 5 85 4 45 80 22 65 19 12 59 60 72 67 12 63 77
53 87 75 81 31 61 38 72 22 24 43 65 70 33 21 12 11 9 63 64 87 23 32 5 9 50 28 42 72 42 34 50 29 6 82 76 8 55 63 97 13 48 87 52 87 51 79 35 17 9
12 25 32 1 31 11 18 79 22 79 10 35 93 86 94 38 67 33 93 82 84 38 31 37 48 76 25 92 96 70 27 57 60 76 65 53 49 37 31 34 97 4 57 77 24 83 2 10 41 31
26 59 90 92 80 51 51 43 67 29 72 28 8 66 6 44 1 66 68 36 95 76 68 93 92 77 48 30 39 95 47 67 47 35 49 97 19 72 46 28 60 80 54 17 60 17 38 89 78 51
26 84 81 96 94 24 5 33 31 5 85 54 21 88 70 72 67 29 44 24 61 60 36 26 59 43 37 67 30 56 65 10 86 58 83 40 10 78 58 19 30 56 43 82 48 19 61 46 73 5
6 75 99 84 32 51 8 74 80 30 76 18 59 92 46 34 71 87 29 35 85 46 62 36 32 98 59 46 62 81 20 75 89 84 71 2 31 6 23 16 9 7 59 66 19 25 36 46 85 13
48 96 89 8 26 92 59 17 86 42 84 7 63 26 26 66 71 60 68 55 18 96 89 21 46 74 96 55 75 17 34 78 46 47 29 34 50 48 77 55 25 27 72 90 53 82 13 51 80 62
2 54 12 92 68 85 41 5 95 66 87 3 76 83 7 28 65 48 6 68 40 38 95 80 19 56 68 60 62 42 99 12 50 78 33 53 44 95 83 36 49 12 98 66 26 9 76 4 17 14
52 3 53 77 97 30 81 33 41 39 39 81 11 83 25 79 52 70 52 33 8 60 73 8 24 30 71 57 93 94 61 47 29 8 30 51 20 99 68 49 81 40 68 61 73 99 66 65 12 97
56 89 85 56 83 47 19 55 92 53 49 6 19 12 90 30 15 19 30 42 65 87 81 38 13 97 9 55 32 6 40 11 70 93 45 95 71 74 20 91 12 13 81 42 57 84 86 68 85 82
85 29 12 79 44 21 3 78 94 55 68 15 76 23 70 37 82 90 17 60 74 2 34 52 72 15 93 40 45 83 15 35 43 98 38 54 89 5 16 30 21 46 95 91 80 43 71 94 39 52
36 25 43 24 90 48 29 41 93 7 82 44 45 9 63 59 24 80 33 81 43 37 76 40 68 86 57 97 29 32 20 50 81 30 17 76 40 43 48 23 46 58 78 11 22 75 52 22 87 16
22 70 41 45 18 93 43 12 95 68 32 20 80 44 34 54 35 31 5 74 39 54 93 66 51 24 58 54 39 90 62 58 13 88 33 97 83 47 44 43 26 50 84 49 62 26 33 72 97 17
74 3 4 73 53 19 54 56 30 37 36 41 92 44 14 89 33 30 58 68 98 10 26 52 86 3 52 74 32 62 81 31 45 89 91 29 19 71 80 52 72 94 11 75 82 39 80 55 24 59
26 47 66 53 36 13 13 43 49 42 79 30 82 8 97 32 91 42 73 85 54 17 76 72 99 92 96 71 39 82 62 82 62 93 22 51 16 80 46 27 1 71 53 72 57 81 93 98 93 68
40 50 37 66 32 35 59 24 43 2 73 78 5 68 66 46 86 89 76 27 42 21 74 77 81 82 31 22 67 2 37 21 44 27 46 5 59 20 43 35 73 17 76 45 28 55 70 85 89 85
83 90 27 28 45 85 42 80 20 84 96 88 98 79 57 32 32 25 63 75 79 43 98 43 53 77 35 54 30 3 60 43 15 52 4 92 10 62 7 58 31 30 14 33 78 71 61 19 6 23
58 82 33 77 69 36 92 77 98 26 10 57 59 72 52 84 77 33 3 87 13 13 82 97 84 16 69 71 59 31 91 51 10 40 94 17 67 49 60 41 31 90 80 97 70 40 96 84 74 49
25 83 37 37 82 93 41 50 36 3 97 38 47 17 73 19 32 53 16 73 22 40 20 12 56 90 49 10 18 9 67 81 51 24 62 79 97 22 90 90 14 28 32 13 85 62 69 73 44 10
77 17 67 91 40 60 29 5 50 20 18 62 38 33 59 33 64 86 21 45 43 67 68 16 27 91 9 36 48 86 17 28 13 40 9 15 79 96 84 90 50 94 9 30 10 29 75 15 37 92
82 69 64 93 86 28 35 7 87 43 87 91 50 64 48 31 13 91 51 91 2 81 91 84 40 5 78 6 53 38 26 84 92 8 70 20 46 89 77 30 76 62 10 56 27 76 97 85 96 93
14 40 3 60 84 54 54 52 61 31 35 76 76 77 45 28 98 65 21 14 15 55 6 55 54 51 85 48 81 85 12 77 62 15 50 62 11 96 96 7 86 23 88 76 23 51 10 62 18 65
19 33 50 58 23 54 63 68 61 86 13 72 18 73 61 20 66 16 94 77 30 11 92 70 61 6 33 10 47 74 44 27 23 40 53 49 57 26 28 5 43 54 25 13 41 12 30 47 2 44
5 27 22 74 44 80 53 25 10 42 4 35 36 75 87 29 14 6 90 14 20 55 26 98 28 98 36 51 4 76 62 32 75 58 37 74 10 2 68 21 2 98 55 86 48 31 4 5 21 93
18 45 28 16 39 76 74 5 26 25 35 55 29 74 38 94 36 87 9 14 59 22 7 65 17 66 13 18 72 4 82 71 31 23 28 62 39 8 67 83 92 12 16 25 20 37 14 92 11 38
23 63 23 50 43 59 62 72 77 75 98 7 49 29 73 30 54 37 50 66 65 9 21 53 29 78 52 37 13 34 67 32 62 54 98 54 27 61 12 2 42 5 11 27 94 11 81 87 42 70
10 54 83 93 37 30 92 46 64 92 10 62 8 46 50 23 9 46 49 70 54 91 35 36 17 99 24 49 70 13 85 73 65 39 70 85 16 82 62 44 6 24 41 10 35 29 22 55 15 49
4 87 81 27 40 47 89 72 91 35 61 22 70 99 84 6 26 99 15 5 12 88 17 7 26 43 11 98 2 38 14 46 65 15 72 37 25 9 33 64 8 19 67 60 32 91 22 41 55 91
54 29 63 70 37 57 83 16 73 50 10 64 3 15 75 94 36 73 30 77 31 92 68 94 25 12 78 29 54 13 36 1 91 6 12 33 58 9 45 81 56 14 91 4 25 91 5 89 12 52
88 73 39 24 14 33 22 43 28 71 23 78 20 87 21 63 96 5 67 18 85 1 85 6 11 57 42 71 53 16 21 73 14 83 30 30 64 93 17 15 80 63 44 8 30 57 3 52 71 7
62 51 97 14 57 51 45 40 76 99 45 21 98 11 55 93 42 82 17 67 7 89 50 52 24 73 46 88 54 9 79 33 8 71 82 17 49 70 82 23 8 6 51 49 22 91 96 43 64 36
85 65 68 92 94 4 42 68 68 62 95 57 27 56 18 61 63 1 33 24 83 45 22 44 77 32 68 47 23 60 82 46 29 2 13 87 46 91 1 50 96 29 91 87 69 69 48 38 93 26
45 5 55 82 96 19 95 35 63 32 74 37 85 31 13 12 79 98 10 2 69 18 89 38 86 72 56 25 42 74 15 47 26 20 13 84 83 62 53 19 96 9 54 39 75 8 74 68 64 80
34 82 24 84 42 33 54 35 76 33 68 22 3 1 77 21 75 82 74 69 8 26 17 16 77 41 44 34 2 8 15 14 83 73 64 46 74 57 86 73 90 74 22 93 42 62 1 40 17 93
21 2 39 42 26 82 90 9 3 22 13 49 23 92 94 10 73 23 27 40 56 89 48 57 97 28 42 33 62 34 90 81 88 83 88 78 54 48 61 96 95 86 68 3 33 28 5 45 3 75
21 8 14 16 65 88 32 83 19 84 47 39 52 28 75 99 37 42 43 50 98 50 94 12 8 87 40 44 45 85 23 49 92 65 48 60 62 61 80 41 27 37 77 93 40 78 86 82 12 23
89 46 57 61 23 51 99 42 78 24 49 50 35 94 82 68 77 8 82 47 5 5 99 76 44 61 53 44 19 70 90 14 73 80 70 6 5 5 99 44 52 54 7 17 59 63 59 56 68 97
38 54 69 54 71 7 34 61 1 72 14 7 37 13 69 50 30 51 64 48 23 5 91 67 66 97 60 30 87 47 53 48 69 64 94 54 94 33 41 73 94 66 49 82 15 62 24 76 79 41
49 33 96 71 57 77 34 66 71 7 12 29 34 24 67 24 56 68 9 31 25 55 63 19 12 54 26 56 77 43 18 54 45 55 93 41 97 82 66 29 80 48 38 3 48 53 5 90 90 18
16 45 63 99 92 90 55 53 3 50 20 67 61 89 56 79 54 36 35 43 82 41 18 24 17 16 99 60 68 81 3 75 60 80 15 26 61 83 77 66 90 93 4 18 90 40 86 95 62 97
16 42 13 71 35 82 16 21 36 66 76 51 84 89 23 62 91 85 34 70 67 50 65 6 86 48 17 49 98 86 7 88 86 59 17 88 38 90 38 35 76 74 51 43 28 68 45 71 63 86
21 63 76 3 87 53 82 42 87 84 15 12 57 83 63 70 32 27 20 31 37 98 29 43 11 20 8 32 88 85 5 71 59 97 17 82 23 39 3 69 52 62 84 7 86 87 9 37 54 50
63 73 50 55 16 36 64 47 60 24 23 54 53 66 87 55 29 48 79 74 87 39 4 36 35 30 50 81 16 85 77 62 2 10 7 54 47 46 3 85 13 54 87 20 74 91 34 78 55 65
56 97 70 95 86 83 68 17 42 45 84 94 86 13 67 36 17 15 46 62 61 61 33 64 6 36 3 88 52 3 72 24 48 75 92 65 13 57 94 33 25 60 48 69 12 80 92 34 75 59
67 33 72 55 68 57 5 69 1 69 10 26 16 76 58 7 98 45 55 42 31 62 33 34 85 58 4 48 27 26 3 7 48 26 31 31 29 74 72 24 74 59 44 22 27 1 59 83 24 53
95 80 51 65 59 59 4 90 45 5 31 97 12 47 74 13 50 22 88 89 33 61 49 12 37 1 23 96 31 50 94 88 63 64 40 71 79 26 41 95 48 56 45 15 20 29 84 1 29 37
41 51 45 75 72 62 5 49 62 55 65 86 27 68 73 81 78 10 86 16 89 30 84 20 1 29 82 16 23 96 42 50 62 37 92 40 85 30 67 81 14 25 81 7 98 41 85 48 62 25
4 6 97 64 13 21 8 59 66 32 27 32 92 78 98 44 50 41 96 13 1 21 34 93 48 84 83 53 28 93 17 95 72 8 47 38 14 18 52 76 38 32 32 57 82 71 19 72 38 9
32 54 93 83 36 91 38 7 13 29 82 98 65 17 36 53 71 8 81 31 13 21 88 7 37 5 82 52 80 58 43 68 47 22 20 47 7 33 74 51 81 87 36 16 58 44 43 51 18 85
45 89 35 15 6 49 24 49 56 15 22 8 16 12 93 73 48 40 69 82 36 52 72 73 87 70 23 73 11 36 97 37 73 68 84 83 20 52 43 98 76 84 70 79 60 72 49 37 84 92
40 39 33 81 66 59 93 23 35 14 62 44 75 86 13 45 45 2 24 96 47 43 36 37 7 9 79 87 44 46 50 49 68 35 9 14 15 21 42 60 88 4 42 58 89 59 1 85 81 82
16 72 31 79 36 79 26 90 93 65 92 41 61 93 51 62 28 65 49 84 18 88 12 45 2 68 59 61 22 35 26 78 10 53 1 88 82 7 61 29 83 33 37 16 94 92 17 1 57 79
86 65 13 88 95 48 82 97 79 98 20 67 28 22 40 38 52 70 8 35 31 21 78 92 47 22 74 51 75 73 55 69 37 68 10 9 47 35 67 20 85 48 54 54 72 40 85 94 4 54
96 11 94 73 24 73 79 90 72 12 98 78 45 72 17 23 54 77 10 66 12 79 45 96 29 8 9 71 74 83 53 41 30 68 20 32 18 13 83 25 37 8 12 25 14 68 93 15 95 21
76 96 4 51 53 41 15 13 81 11 51 65 62 93 21 43 7 61 31 28 93 86 83 43 82 88 65 75 67 61 45 67 54 55 31 96 64 31 51 21 61 83 60 87 26 44 37 12 73 63
37 49 7 77 4 14 22 5 8 69 52 21 63 95 88 96 95 18 93 30 65 55 8 16 36 71 58 29 1 79 48 67 12 45 95 57 94 55 38 7 99 61 54 53 16 98 13 2 66 28
67 6 81 48 27 95 29 82 46 75 84 20 39 99 94 56 20 54 70 51 14 63 72 90 72 59 86 9 84 38 55 28 36 62 66 11 35 96 87 68 26 84 73 70 26 32 91 26 65 31
86 9 50 97 4 85 74 14 61 52 55 85 62 44 50 57 62 78 51 67 65 23 56 20 43 42 78 50 78 48 26 8 7 80 2 61 74 61 28 19 84 7 87 24 70 19 92 97 21 24
28 66 58 40 92 80 48 33 48 10 2 6 20 24 38 39 28 12 52 3 62 42 96 88 12 16 85 51 65 3 4 68 77 33 66 94 9 41 54 59 98 52 93 94 46 2 95 64 42 38
81 90 89 98 64 85 67 98 76 50 21 39 44 46 23 66 76 48 67 76 12 91 84 19 31 6 89 31 64 20 23 6 69 68 3 99 73 84 18 23 58 32 39 50 61 70 7 75 48 83
97 16 49 75 89 39 97 62 33 17 48 7 70 38 8 10 95 30 9 98 64 5 96 42 68 19 13 28 7 29 63 56 32 29 8 42 54 82 71 84 45 52 8 92 42 38 47 53 10 78
91 63 69 89 5 55 86 89 3 23 24 55 79 54 29 82 27 26 66 93 4 44 19 46 32 32 19 48 57 83 38 25 89 88 85 22 72 25 51 82 32 16 44 41 4 27 81 4 42 51
53 32 84 18 29 87 45 26 70 8 16 19 34 52 54 37 46 62 52 81 95 1 7 1 48 68 82 47 17 35 16 62 84 67 63 61 73 90 7 79 87 60 54 88 9 58 24 81 99 50
51 53 8 32 41 72 66 67 86 51 63 61 61 38 7 89 23 69 82 74 84 90 49 18 86 9 97 2 20 92 84 46 96 9 62 52 21 6 75 26 82 5 41 8 47 87 27 57 47 30
49 60 4 78 64 29 53 58 11 62 65 68 51 34 10 98 42 59 96 4 19 79 22 49 38 73 63 90 6 58 25 25 63 57 39 71 95 59 79 55 26 55 19 42 60 21 78 72 95 26
53 26 65 31 40 26 34 18 28 62 56 91 85 65 16 13 98 29 2 63 70 35 75 36 35 87 65 18 56 82 47 36 3 87 76 4 84 98 72 81 79 95 24 81 28 56 76 28 47 37
8 43 52 85 35 27 37 5 74 83 79 66 9 20 33 89 85 33 5 43 27 27 36 38 28 63 87 43 63 7 63 56 84 58 56 76 87 83 73 5 1 1 25 61 50 47 11 10 74 2
79 89 77 20 44 3 48 23 87 83 72 37 68 45 47 35 39 54 46 74 58 65 39 69 8 29 79 89 96 53 97 44 60 85 78 93 99 35 73 37 50 54 46 54 11 30 57 14 98 29
64 34 85 83 35 55 14 64 75 77 74 81 69 71 92 54 50 93 14 33 89 32 44 72 5 17 49 93 48 40 90 85 21 99 76 5 96 89 91 88 78 40 37 18 6 4 66 7 71 33
58 21 34 91 98 57 39 41 82 90 2 94 90 86 49 70 51 87 29 74 59 18 65 74 82 70 75 54 72 4 34 19 31 14 76 40 43 2 96 31 26 75 11 63 9 71 40 11 10 49
47 52 65 2 70 67 61 97 72 70 15 82 63 18 43 57 34 5 46 1 32 87 35 67 76 31 4 96 68 20 55 81 4 61 68 1 16 45 38 57 75 66 36 8 59 12 93 34 7 10
95 21 67 2 69 86 34 97 83 35 87 58 69 86 84 22 91 44 89 50 20 12 81 59 58 42 85 43 50 82 70 51 38 4 85 37 58 41 17 53 28 64 18 44 55 66 55 99 18 47
76 40 92 22 29 12 84 14 98 25 75 24 71 31 55 32 47 52 89 33 52 56 49 60 81 52 13 47 67 49 62 2 54 87 43 21 86 69 34 52 39 67 34 29 44 28 54 31 32 46
76 31 41 92 1 3 95 97 79 86 84 32 22 97 26 32 69 76 22 27 97 42 80 47 58 91 80 14 86 16 83 41 65 82 50 20 63 70 94 40 52 71 6 90 48 91 26 86 48 78
3 71 28 81 18 60 77 66 5 52 64 83 33 83 42 43 32 97 13 17 28 14 18 87 3 81 95 19 83 51 84 64 63 15 48 73 76 98 8 75 12 90 55 60 65 84 25 18 67 7
48 74 36 16 84 6 41 14 54 31 67 13 5 89 76 21 71 29 29 23 53 8 20 45 57 11 69 61 40 68 4 34 15 62 39 65 53 39 50 24 44 39 74 4 24 68 14 91 70 5
36 45 16 2 23 62 21 97 18 74 57 19 5 37 65 53 77 49 60 82 93 61 63 94 86 86 70 5 36 44 26 9 28 35 35 55 33 22 70 14 25 81 32 11 19 93 66 98 94 92
83 5 72 56 99 69 17 78 10 89 4 33 6 77 19 57 33 94 30 49 91 27 36 59 42 43 33 44 58 21 44 5 26 37 97 58 66 72 60 31 57 1 73 8 37 83 46 61 81 58
60 30 49 7 82 74 7 83 81 64 48 28 95 87 57 14 45 57 83 32 45 10 12 65 84 99 49 74 19 16 93 77 61 11 49 5 94 53 53 25 56 77 52 37 40 21 72 43 52 26
98 5 22 4 14 10 43 54 92 90 32 40 6 60 45 10 77 71 18 46 57 43 96 61 56 57 11 56 48 26 54 97 13 3 93 33 89 51 26 32 3 23 66 85 78 43 57 99 42 73
17 35 83 8 93 13 26 83 38 87 85 80 43 63 83 80 15 46 22 68 98 21 12 8 46 65 8 57 30 18 21 9 48 30 97 41 68 13 34 6 35 30 1 81 75 56 94 44 56 44
19 48 23 84 46 77 21 17 17 16 20 19 88 23 44 89 70 87 20 92 77 87 46 39 19 71 74 33 64 4 36 11 68 2 37 98 30 26 46 37 28 84 69 51 55 32 18 58 14 51
16 11 3 31 60 97 16 95 58 76 84 93 79 85 43 18 21 52 70 79 80 53 37 15 65 70 54 69 2 78 10 84 71 5 94 86 24 22 49 24 68 48 13 68 24 12 60 45 7 57
82 61 14 35 68 18 50 33 88 73 81 73 60 22 8 52 82 55 80 22 76 73 69 8 5 53 20 75 14 69 6 98 36 98 93 67 33 15 93 80 30 7 31 75 48 67 36 25 88 40
64 7 57 91 21 33 14 89 59 83 3 20 56 60 22 18 34 76 61 57 63 5 81 10 51 98 70 19 57 96 66 9 90 87 53 25 3 46 32 1 88 63 78 33 22 58 28 46 50 1
77 9 42 22 95 32 31 43 34 88 62 9 35 18 23 59 35 91 56 42 60 19 60 38 23 54 8 49 32 80 46 9 27 71 61 79 12 77 24 90 89 77 11 20 30 12 76 48 23 19
21 89 97 97 85 59 5 24 15 29 57 37 54 17 77 16 12 96 1 21 59 69 64 16 21 88 24 1 99 70 84 98 86 51 28 63 34 23 1 18 84 87 93 14 1 35 63 43 46 19
80 42 57 95 39 90 68 50 2 90 91 16 97 39 55 63 86 33 18 31 47 75 59 81 59 58 20 30 47 2 9 98 42 50 36 72 43 88 13 55 82 13 36 65 79 19 89 19 13 89
63 42 53 66 19 13 96 18 3 30 45 61 12 31 10 12 52 6 61 61 56 82 68 24 71 37 87 39 48 23 61 58 56 43 37 46 7 9 14 18 14 3 51 5 2 56 27 96 75 29
57 22 71 74 85 39 60 55 99 55 67 51 3 80 93 46 16 93 23 23 19 42 33 6 92 85 9 9 17 92 22 72 13 51 48 98 50 45 65 35 44 86 80 46 14 97 19 17 57 38
5 84 52 49 44 77 12 44 7 44 55 91 15 26 36 47 79 40 77 28 91 55 28 46 25 15 11 70 8 41 68 6 5 3 7 68 67 6 17 58 19 88 90 39 48 94 87 24 86 88
89 12 46 44 28 85 43 5 33 45 37 19 82 7 85 50 79 7 3 6 52 29 11 17 83 85 40 97 87 86 66 67 48 93 82 3 3 6 81 30 7 28 65 40 91 62 17 77 71 60
21 36 95 31 59 52 35 31 49 97 31 37 3 24 69 91 29 89 73 44 65 55 73 21 96 24 51 30 46 61 48 82 23 30 49 27 79 23 34 59 23 85 75 40 35 96 67 83 9 15
51 49 5 67 23 43 50 50 80 37 93 31 36 62 91 16 14 8 72 10 4 54 75 52 95 2 81 25 16 34 38 19 54 79 35 47 31 9 1 98 39 40 71 83 28 93 78 92 33 42
40 43 41 23 48 94 51 16 26 45 41 43 89 3 6 41 2 73 42 11 46 22 96 72 10 48 27 10 39 42 18 53 97 15 64 55 10 48 32 54 41 54 4 48 89 96 34 83 41 85
54 56 11 4 73 62 73 96 14 94 88 58 80 74 18 64 85 70 67 18 31 38 53 6 97 64 16 32 5 60 13 7 14 51 27 67 76 32 63 90 75 23 81 19 58 99 56 1 54 38
45 57 35 12 8 95 67 76 41 75 59 61 53 30 28 54 39 18 84 7 44 59 67 37 49 30 50 1 23 48 17 22 20 1 29 19 35 97 37 78 87 77 17 87 60 63 34 19 10 42
75 47 94 53 40 86 97 55 82 36 39 78 13 32 80 69 79 10 28 4 50 87 57 41 16 43 91 8 64 35 59 88 67 89 61 42 92 77 78 90 74 34 33 50 9 31 44 90 40 11
34 60 55 91 48 26 95 96 55 70 33 5 69 81 58 88 3 95 51 30 18 62 89 84 56 43 62 33 18 28 34 48 58 21 7 16 85 88 77 41 30 65 40 84 72 89 26 35 10 81
31 71 92 78 7 63 13 77 60 1 89 48 15 27 8 74 34 27 90 15 33 31 99 83 23 47 44 28 36 64 2 22 30 88 67 97 78 52 85 14 41 27 2 10 71 51 81 14 43 13
36 87 49 3 3 10 20 28 56 70 86 14 13 39 57 47 77 35 39 1 71 82 25 71 44 20 7 73 13 45 6 91 54 28 1 79 31 95 57 92 45 32 85 1 97 44 79 39 57 7
64 48 42 84 31 24 47 47 62 84 79 13 85 61 32 83 24 92 2 91 47 28 13 10 3 36 29 11 26 15 2 17 85 45 3 48 63 23 95 13 96 22 79 66 22 8 76 28 1 7
61 68 38 22 13 72 82 49 49 27 90 63 68 18 29 23 22 31 95 21 65 52 56 25 72 43 34 19 18 66 64 16 79 28 73 28 57 76 81 51 75 93 49 48 72 79 77 90 77 61
95 83 45 79 58 88 17 76 35 78 20 64 69 51 36 44 79 59 5 81 9 41 66 35 18 70 76 64 66 93 24 38 22 95 38 2 22 32 31 2 78 26 16 56 51 49 65 40 2 25
75 8 56 83 12 53 69 18 26 46 51 75 10 66 95 8 76 73 7 92 8 55 66 68 76 65 17 25 93 4 95 92 17 71 80 89 22 72 2 42 20 70 82 73 28 21 13 16 36 96
49 92 20 35 56 28 31 62 31 76 35 14 89 94 99 65 28 66 84 75 46 30 34 41 52 44 98 42 66 50 88 18 95 26 24 11 51 55 60 59 48 66 78 90 58 33 98 81 42 80
6 14 14 26 90 48 63 11 50 54 61 71 62 33 10 5 15 36 59 35 53 43 72 49 2 33 19 42 24 24 54 14 80 74 2 99 3 26 33 60 71 60 57 29 89 97 31 99 21 20
24 47 3 17 28 91 19 46 31 75 42 17 17 46 83 6 94 52 28 23 50 45 45 94 51 97 47 19 68 18 63 19 79 21 60 56 17 90 80 36 73 56 52 4 58 25 77 20 26 41
69 56 15 60 59 33 12 32 40 6 58 94 97 56 68 57 51 15 37 34 19 87 83 84 36 78 38 6 72 37 42 78 67 71 66 79 52 15 44 50 13 29 47 60 94 83 8 71 89 86
41 57 17 77 25 20 76 70 58 67 52 51 33 99 89 74 15 37 54 66 61 58 36 9 22 75 94 63 98 48 43 73 51 55 40 27 78 49 59 98 66 7 84 64 27 71 26 60 23 34
77 23 87 39 78 34 24 20 47 59 14 80 25 39 27 30 58 63 82 32 16 70 52 50 17 25 5 17 68 58 52 29 99 26 45 92 50 76 34 49 53 66 48 32 99 4 57 19 48 3
83 35 89 45 20 69 56 44 23 13 50 2 63 46 68 29 51 69 74 91 35 21 2 56 44 59 11 95 83 58 40 26 18 89 28 94 60 78 29 49 93 58 28 68 18 1 77 68 76 84
71 93 47 42 14 46 93 27 30 61 85 47 73 32 95 59 76 49 33 40 44 93 61 69 97 59 33 40 23 26 50 14 38 83 68 4 23 35 95 82 15 21 87 49 40 56 38 95 68 38
56 93 11 55 18 52 88 53 4 77 70 55 77 48 51 17 91 13 62 54 89 63 31 7 80 35 1 14 49 85 82 44 27 45 22 37 78 21 92 42 96 22 2 55 82 84 50 13 62 36
60 48 98 86 45 98 67 10 13 27 8 95 33 73 91 15 14 82 33 18 21 23 85 78 44 46 63 29 68 26 46 53 79 75 6 24 97 39 44 16 42 54 72 22 34 58 75 68 26 50
95 22 25 56 53 61 28 59 86 39 81 79 96 48 25 6 21 46 23 79 66 28 36 82 34 37 31 51 32 65 14 67 8 17 88 70 67 79 65 39 28 74 8 98 39 26 40 84 13 55
41 93 33 99 27 70 26 5 4 16 35 2 26 60 87 91 91 52 99 23 37 48 67 72 14 95 89 89 28 15 64 9 28 87 22 20 23 46 8 1 92 69 89 6 78 34 68 57 25 84
76 18 92 24 21 89 40 41 19 75 77 35 56 51 44 21 82 53 26 28 23 14 94 83 28 40 9 79 52 93 21 10 66 21 39 33 56 66 36 58 5 67 54 9 15 26 56 71 81 57
18 67 48 97 64 35 2 47 17 11 60 51 39 66 66 5 61 44 41 2 25 98 6 58 93 12 57 64 66 86 18 85 87 69 78 90 48 79 22 90 12 97 98 64 48 49 58 22 81 27
33 31 92 36 79 69 42 69 82 83 57 99 51 97 77 6 30 89 92 55 14 22 17 47 35 18 74 87 40 20 78 92 28 79 88 46 44 24 91 34 9 78 67 56 22 94 68 67 34 66
92 18 26 31 21 28 56 4 80 73 61 24 74 13 59 90 99 80 42 47 42 20 3 15 85 49 12 54 69 38 76 26 29 25 36 60 58 94 92 69 86 84 93 25 68 84 2 92 54 86
67 36 66 76 29 22 42 98 84 40 48 75 86 95 76 26 38 9 76 64 11 19 11 48 86 72 83 20 57 93 89 42 92 56 44 16 18 33 73 57 30 40 30 30 67 25 40 52 94 28
78 90 23 1 47 22 35 3 70 77 25 83 12 60 67 20 3 55 52 12 12 50 71 90 47 93 56 11 76 19 87 85 46 35 10 88 18 48 61 99 12 8 80 8 50 40 9 91 65 52
32 1 77 93 43 67 43 56 56 24 83 17 5 6 57 54 90 5 61 88 66 91 27 2 85 55 29 27 71 32 52 28 39 3 69 6 46 27 55 61 88 68 30 50 77 68 85 95 91 4
39 44 78 86 15 23 10 10 4 55 94 54 86 94 22 13 37 7 29 87 41 99 74 46 49 56 2 96 39 1 27 6 16 93 91 97 69 66 63 37 93 79 96 15 10 84 52 85 6 10
31 87 37 56 30 11 30 16 76 37 60 13 68 20 74 63 78 47 11 79 57 5 87 97 85 72 91 22 31 38 6 58 46 43 95 46 89 23 61 72 76 22 69 84 35 72 87 14 70 34
52 68 99 14 95 27 73 93 77 44 56 92 24 3 75 15 14 43 53 25 64 98 67 13 50 79 88 93 39 76 28 28 46 2 6 28 72 20 35 74 49 35 72 90 25 77 99 6 72 35
38 14 9 25 52 84 80 36 63 18 24 99 4 82 53 52 67 53 19 13 53 62 34 16 1 2 95 76 84 64 9 59 99 92 27 27 18 25 23 69 4 65 91 73 12 25 8 76 74 25
50 88 19 40 65 26 56 44 36 61 22 53 66 25 56 96 44 40 23 76 69 13 13 86 56 70 86 68 74 97 88 99 97 13 55 35 46 55 3 33 93 96 61 14 65 17 26 63 24 9
91 63 75 28 53 89 42 11 58 13 26 86 60 46 59 32 61 72 10 85 31 26 46 74 92 84 45 8 49 77 90 55 53 23 56 93 72 6 98 92 68 58 85 54 83 37 16 95 85 85
49 48 24 42 40 35 44 83 3 12 39 60 5 44 26 1 91 40 59 18 42 90 80 78 20 48 31 49 94 38 20 90 52 27 40 5 99 79 94 77 84 71 1 63 98 51 8 12 22 65
63 91 48 33 32 45 78 31 63 63 35 58 21 49 71 60 62 71 99 83 53 57 52 37 23 37 7 2 84 13 1 37 10 46 53 95 43 38 31 18 79 79 75 91 44 67 50 3 85 68
59 30 83 8 26 7 64 49 80 75 90 44 31 7 1 88 50 7 17 91 6 14 34 32 29 12 55 20 33 89 87 82 4 64 68 94 80 36 64 37 22 45 34 97 39 34 53 55 61 35
60 44 76 53 68 32 46 47 24 80 48 44 64 33 87 37 90 16 56 59 34 88 27 15 31 64 87 73 18 5 51 28 65 9 53 25 16 73 79 81 43 53 3 86 22 28 97 56 81 93
79 57 89 12 66 78 35 88 31 16 70 77 35 26 4 2 61 57 2 58 65 4 66 46 36 40 90 69 39 48 67 2 4 77 55 78 81 25 42 13 17 45 12 72 80 99 56 91 5 82
76 59 75 27 82 48 81 39 4 20 44 42 25 6 26 21 26 13 17 32 96 8 35 83 68 34 73 47 6 57 86 17 35 20 82 15 27 62 3 28 87 74 9 69 73 99 84 29 35 69
5 32 19 2 19 78 13 72 34 89 82 30 29 50 80 64 75 3 31 12 82 51 62 41 54 7 44 42 96 4 62 3 9 25 67 37 42 8 42 90 82 39 58 34 74 49 69 2 77 57
93 2 84 26 1 4 23 19 95 80 29 93 86 82 31 82 13 91 13 44 82 51 25 15 66 15 92 69 78 17 77 69 20 53 55 65 84 91 1 24 75 50 61 92 11 65 58 19 24 97
80 94 66 7 70 41 91 72 95 48 28 71 14 12 44 98 4 48 31 52 83 1 2 53 76 14 8 10 50 99 12 71 13 54 19 23 89 88 42 50 90 36 68 10 61 59 93 70 45 54
48 22 22 57 92 2 15 71 24 31 12 29 18 5 54 45 59 59 72 22 72 4 35 15 36 94 95 94 31 43 46 6 9 94 93 93 32 91 73 21 56 49 13 7 96 2 39 39 99 40
85 48 8 76 23 25 9 91 72 42 43 41 99 68 27 13 93 79 27 66 40 85 73 58 86 17 39 29 57 70 39 41 11 63 16 99 55 62 71 11 27 32 45 63 37 82 96 89 3 72
3 10 48 20 2 62 7 50 45 57 94 99 91 12 56 71 54 52 36 26 12 44 69 77 63 4 58 19 52 40 60 16 52 58 38 97 84 39 94 4 57 22 59 38 21 35 42 85 29 25
53 2 80 68 41 45 91 65 71 92 16 39 58 91 78 99 59 82 80 93 57 13 23 11 26 57 63 88 4 73 98 60 98 98 94 60 79 91 77 33 95 75 21 25 44 51 90 45 45 74
57 26 58 31 81 66 22 81 60 27 18 37 2 96 70 73 7 47 42 78 93 25 70 59 21 69 80 47 2 65 23 54 72 1 43 26 19 76 35 27 64 83 58 7 74 52 62 54 92 44
20 90 17 33 46 78 10 70 36 89 69 11 32 32 19 43 65 7 13 59 21 61 32 48 96 87 24 85 63 59 66 49 43 36 23 73 71 48 50 18 15 4 52 87 44 49 62 30 60 22
91 42 72 59 10 30 23 19 34 48 34 72 63 79 17 50 99 22 62 12 13 43 5 33 98 65 69 53 72 71 51 98 37 68 70 71 98 87 11 91 12 94 54 79 49 36 83 47 99 92
59 28 34 39 61 1 44 56 74 90 8 26 36 63 65 31 79 5 69 52 27 51 44 41 81 25 78 53 68 5 61 8 89 83 60 82 73 3 53 76 87 88 34 47 85 25 46 24 77 86
68 5 32 57 50 53 7 94 18 48 66 30 69 1 71 91 48 62 3 99 18 1 47 50 68 6 47 47 37 85 59 10 33 78 3 42 11 83 78 92 97 27 31 73 97 92 32 9 35 23
40 22 65 82 60 60 80 10 25 47 37 2 21 32 58 48 16 42 61 32 44 67 59 30 6 95 5 45 74 11 65 47 13 2 90 8 2 99 93 69 12 64 42 91 55 25 73 51 96 85
67 75 28 11 70 31 16 86 92 35 33 85 53 58 52 39 70 7 99 4 70 84 15 57 55 29 71 60 78 54 44 69 43 2 82 93 23 21 66 71 70 89 14 81 98 32 57 63 56 73
31 66 18 19 73 39 54 32 11 93 47 72 50 49 62 81 53 17 61 80 59 94 59 55 55 5 50 12 19 38 21 46 38 73 81 75 10 37 9 13 96 34 77 91 16 37 27 29 5 29
9 26 76 21 94 13 5 91 60 97 56 31 30 29 96 15 63 18 37 68 37 85 47 66 30 43 38 62 68 80 53 48 19 64 40 79 76 67 50 72 77 45 59 98 71 49 28 74 4 97
2 36 67 1 68 82 59 76 67 16 8 70 22 33 17 1 5 28 28 21 64 77 42 40 57 35 93 98 7 10 20 40 97 48 61 63 16 13 29 88 15 50 99 1 31 89 90 20 18 89
80 3 18 34 76 77 17 40 20 31 35 32 16 20 80 86 1 35 36 30 52 50 43 14 91 24 90 81 71 82 61 45 10 74 33 92 30 31 8 65 12 45 66 68 33 97 17 62 38 73
47 74 45 45 70 61 93 93 50 54 46 58 73 42 15 57 86 93 69 6 38 28 11 56 42 74 49 96 96 61 22 71 89 18 40 90 9 92 83 70 48 33 94 98 61 6 96 62 37 47
96 46 48 6 99 5 99 75 61 12 40 33 97 9 38 61 67 86 72 83 3 16 60 38 39 4 39 56 30 42 26 44 90 7 5 62 37 7 18 92 21 52 28 40 5 98 63 23 79 33
39 54 82 43 43 92 75 30 95 81 44 7 72 84 47 64 75 20 97 72 26 81 71 6 75 5 24 97 75 77 57 1 38 91 68 4 14 47 62 92 5 89 4 60 95 36 52 59 87 60
74 30 74 92 5 5 37 96 94 75 58 84 80 58 42 21 32 26 23 46 14 71 45 83 89 25 50 13 89 5 11 21 58 12 67 49 10 55 73 31 24 51 60 63 93 83 14 67 56 3
39 24 79 77 91 32 49 16 73 43 15 96 2 99 4 39 68 64 43 50 27 53 81 47 43 26 60 67 13 46 59 3 51 65 58 35 86 98 24 87 41 26 24 64 11 12 52 12 58 20
20 9 93 83 40 70 38 81 46 97 58 19 26 75 80 90 69 76 93 74 63 22 86 30 58 29 31 23 91 32 97 92 67 15 8 93 81 57 54 39 31 37 22 45 18 40 21 28 45 92
12 13 50 75 51 31 85 27 66 31 24 39 83 8 14 91 99 56 63 5 99 64 62 24 42 68 14 30 29 81 31 44 50 53 97 26 12 19 75 32 82 25 25 76 66 55 88 5 88 54
17 94 59 93 47 66 3 19 24 70 45 59 28 96 60 31 27 16 99 38 1 70 93 32 33 49 88 13 90 88 98 38 63 67 28 22 22 92 19 77 10 39 29 76 63 25 20 87 31 26
98 50 71 80 63 21 46 8 39 70 53 67 28 12 29 17 46 95 39 91 43 56 39 68 25 48 49 27 45 24 81 24 76 28 58 12 43 46 80 8 67 5 85 59 66 15 92 13 90 84
55 70 77 55 27 44 91 3 41 69 94 23 81 31 62 11 82 80 9 89 59 70 84 35 97 82 4 93 32 22 89 49 47 51 49 67 94 98 34 80 27 44 63 69 54 49 94 57 39 11
52 35 13 13 68 27 53 53 77 38 7 78 75 78 55 86 25 95 32 31 89 52 96 22 3 59 23 3 40 15 9 73 93 21 79 22 80 71 40 9 38 30 86 42 70 39 73 97 61 77
22 83 12 42 2 67 11 12 13 42 94 3 5 82 47 34 74 30 34 67 68 99 68 18 45 34 57 73 34 78 5 47 1 29 8 65 42 95 72 52 36 24 79 93 89 96 1 6 77 45
84 83 42 24 86 94 40 15 72 73 85 35 99 69 74 70 49 98 83 83 94 7 71 74 81 6 33 99 9 87 65 59 38 83 57 30 86 92 98 34 89 23 61 7 64 43 63 88 59 63
17 82 65 18 79 55 44 68 40 53 80 89 28 63 75 28 28 42 77 46 71 59 39 68 79 71 62 19 80 62 25 22 76 96 75 81 23 28 29 25 33 85 60 13 15 2 26 10 31 33
79 73 11 95 53 41 76 68 84 37 77 22 56 78 89 26 96 59 1 39 94 71 67 99 76 27 87 51 37 90 17 87 61 39 35 53 95 52 59 50 54 79 47 89 24 44 91 48 60 86
59 8 45 69 7 70 87 98 55 78 67 85 51 10 16 86 63 40 30 42 41 27 36 15 76 48 5 5 21 36 88 75 87 15 75 27 75 17 13 60 54 64 68 67 76 82 93 55 27 24
93 63 69 59 97 88 20 15 92 72 43 87 99 41 74 63 7 14 39 56 97 61 22 74 82 68 37 97 29 32 3 51 42 96 44 80 99 77 12 72 71 57 95 75 21 76 52 77 45 38
15 53 55 46 20 87 82 23 11 81 32 19 28 16 92 57 42 7 20 12 30 78 47 1 44 40 73 61 57 99 78 73 35 17 83 71 54 92 93 2 48 23 74 37 80 15 95 31 36 5
47 95 81 25 3 43 4 52 67 23 82 65 21 33 38 34 44 91 53 84 50 30 4 56 67 30 20 53 1 12 55 80 55 48 84 43 78 30 90 53 52 24 93 95 24 96 67 43 83 56
84 25 80 9 60 16 64 3 95 95 14 88 76 37 94 68 36 11 56 71 97 72 18 44 40 61 89 3 71 25 83 9 73 89 38 18 92 55 67 15 75 1 78 50 31 70 67 11 78 47
76 38 40 27 71 19 1 85 66 88 20 73 39 9 55 8 23 64 17 14 74 82 53 57 26 4 41 97 28 27 50 43 49 69 17 37 17 63 7 72 86 71 58 15 18 27 67 70 57 64
81 86 71 12 84 40 94 99 21 36 31 92 63 81 97 47 26 27 20 96 78 90 36 11 3 6 59 7 53 93 42 28 97 3 68 4 20 81 81 65 69 43 54 80 2 93 92 84 74 63
78 62 93 61 16 93 21 41 96 72 34 94 18 26 74 33 22 51 18 59 45 47 48 49 45 31 57 87 35 20 91 28 3 58 39 92 52 5 75 76 47 8 97 18 94 63 34 26 78 24
78 11 87 42 93 85 19 10 22 46 63 82 50 52 60 44 87 61 76 14 24 81 75 39 30 5 31 3 21 21 2 27 74 34 70 10 54 11 83 15 85 4 44 47 57 52 90 81 52 27
91 31 92 35 54 89 97 80 93 65 78 72 13 93 36 30 93 5 41 50 86 10 17 70 37 89 28 55 82 91 60 16 19 20 97 25 44 55 74 68 88 51 67 76 72 11 47 75 48 9
39 80 47 23 5 59 85 34 82 71 77 81 63 23 24 1 53 37 93 38 35 27 1 78 31 28 46 79 37 85 43 29 28 31 86 79 5 25 84 97 95 87 7 5 89 63 31 85 37 80
16 97 77 33 80 58 40 59 73 51 49 50 10 55 12 6 63 97 59 67 19 66 58 93 34 40 25 42 8 28 19 94 17 57 23 30 96 17 29 45 60 38 50 8 21 23 33 54 36 45
95 41 66 57 69 38 86 70 32 27 86 18 82 53 96 14 55 91 11 26 64 31 42 48 78 49 12 30 16 51 65 88 58 88 35 74 51 5 26 46 31 14 21 71 20 8 22 56 75 97
96 76 85 33 85 71 1 33 15 74 11 74 14 82 51 42 95 55 73 12 77 94 96 63 23 27 52 20 4 55 95 87 70 87 53 20 90 52 72 29 17 70 41 56 74 84 7 6 75 3
97 11 21 13 39 28 13 48 61 57 12 17 66 69 3 36 59 44 24 30 71 22 51 39 5 38 7 48 69 14 60 98 9 54 57 88 46 8 17 80 2 43 88 55 7 1 21 71 77 35
62 32 50 3 92 17 46 75 2 39 16 93 81 50 54 34 45 7 66 74 96 15 19 42 3 65 57 47 9 51 37 19 99 12 71 48 65 74 24 93 43 51 4 88 91 84 95 8 91 50
74 19 75 14 7 10 4 8 97 50 5 22 99 55 3 91 73 90 70 28 55 55 35 75 87 2 35 26 2 17 4 50 44 24 79 44 72 74 30 41 56 42 90 76 99 73 2 80 21 44
36 11 18 55 25 10 21 15 82 88 68 4 50 84 98 79 25 5 30 69 66 14 9 7 61 92 37 87 83 75 69 18 58 38 23 9 17 92 87 26 1 12 81 77 32 61 65 96 62 56
91 28 87 71 13 63 48 32 21 26 60 72 51 69 53 98 79 86 52 27 11 52 50 42 64 86 27 37 31 55 2 73 11 82 63 89 7 91 99 59 75 98 89 52 18 81 51 14 98 39
61 79 6 73 86 63 18 57 33 51 27 85 58 43 16 11 72 61 36 79 50 59 71 82 16 12 61 69 12 46 5 90 21 62 29 78 4 1 88 49 77 37 14 50 69 36 68 35 33 9
67 29 56 9 37 37 48 84 87 39 69 20 79 29 27 46 50 45 88 6 13 86 23 10 14 31 64 79 62 78 88 10 53 9 77 6 20 32 63 93 49 38 8 49 56 91 51 24 14 9
50 55 83 75 73 75 36 71 15 33 74 25 47 32 34 53 35 19 35 30 2 95 49 90 58 73 99 10 1 31 80 78 92 55 54 25 95 68 69 69 50 59 48 91 54 47 7 39 92 67
47 44 18 71 87 50 16 29 83 28 46 94 82 54 39 21 35 82 68 4 98 32 86 93 18 79 70 8 17 44 90 78 55 18 5 90 33 90 22 56 83 41 23 98 24 86 29 72 27 76
24 73 47 20 96 66 22 47 39 10 17 72 87 40 17 30 13 52 79 14 85 59 24 69 51 38 31 28 20 38 87 99 81 12 81 37 57 51 56 85 34 58 48 77 25 52 23 19 75 34
9 7 52 29 29 32 38 13 35 77 37 89 78 79 66 6 15 40 80 32 57 96 9 9 90 46 68 96 63 66 98 68 54 57 24 64 21 61 26 80 13 62 20 84 90 90 5 69 2 7
36 52 48 78 1 14 28 51 31 51 49 96 90 69 55 1 75 49 94 71 29 43 84 79 50 80 99 56 2 79 47 11 59 94 13 72 67 4 68 46 23 60 54 57 48 74 86 34 1 25
78 83 58 78 29 61 52 11 42 54 99 32 92 37 8 5 6 45 18 49 80 28 38 70 56 8 1 39 77 64 47 76 73 4 51 7 59 21 99 51 28 76 80 67 30 63 36 42 51 65
90 44 28 77 23 58 23 91 15 91 13 5 56 61 81 86 13 43 51 54 79 32 87 93 18 43 23 93 82 50 2 78 70 18 9 4 88 35 67 54 34 93 33 34 62 32 97 6 93 2
23 50 54 18 55 43 55 17 80 99 17 71 84 51 75 14 66 23 29 22 79 28 9 95 95 78 4 44 28 63 8 71 5 80 66 38 35 18 31 76 94 97 4 81 45 80 97 26 7 41
50 44 44 52 46 9 47 43 19 37 9 86 2 66 71 17 46 91 84 41 73 87 33 27 44 81 59 22 93 68 8 52 54 44 78 89 64 35 64 88 8 98 7 51 15 15 20 8 62 86
76 60 21 23 99 34 56 53 32 93 38 54 92 13 11 99 40 95 45 65 66 50 8 30 53 63 72 26 2 86 2 10 29 22 34 4 53 29 33 91 75 57 44 21 78 77 4 87 79 95
53 25 5 29 15 52 16 21 13 49 58 86 53 59 58 20 68 66 1 75 82 23 39 70 49 29 18 74 87 8 90 54 1 76 11 53 16 41 78 58 57 5 38 29 23 54 56 92 10 88
62 23 36 5 25 8 13 63 70 42 84 85 18 33 73 33 61 93 90 95 32 12 98 12 38 12 74 63 87 94 36 43 76 5 51 49 15 68 1 55 56 13 24 18 14 57 25 66 25 15
14 54 24 35 14 98 74 44 77 99 88 43 64 2 13 33 44 99 77 84 7 13 34 10 34 62 79 74 99 80 64 16 19 3 8 49 1 39 76 79 18 83 23 43 55 59 43 25 38 81
4 34 35 46 33 8 65 1 8 43 6 80 2 35 24 91 99 26 19 48 96 85 60 93 98 79 25 85 33 39 56 13 81 86 90 34 26 11 13 58 57 94 21 1 85 37 29 28 13 16
29 68 50 7 84 19 22 77 81 11 15 19 95 18 38 80 83 84 94 54 48 11 94 70 97 48 27 90 8 55 7 69 49 92 17 76 51 57 64 48 88 4 24 42 57 68 46 70 62 99
76 39 72 95 13 93 71 50 86 40 52 31 30 44 7 22 39 38 11 69 51 62 87 46 86 8 35 98 76 91 49 90 11 49 51 22 91 7 28 17 6 83 79 37 83 59 57 50 62 24
33 15 75 9 7 43 5 67 67 7 82 58 52 40 58 32 96 37 94 39 57 11 92 84 29 92 5 9 74 45 51 51 91 26 93 43 56 82 25 52 9 68 81 17 73 40 89 41 22 34
8 23 91 79 9 25 51 24 22 34 16 88 2 35 8 56 51 86 70 62 1 19 24 79 35 38 53 10 70 64 9 80 69 60 43 95 96 84 97 90 75 70 26 34 16 50 97 69 73 93
85 27 12 67 42 44 10 26 26 77 55 38 22 18 6 99 3 89 83 36 80 10 47 54 18 98 18 82 78 60 47 11 87 50 94 25 65 68 30 80 10 88 53 32 42 33 84 39 93 82
38 69 61 55 81 92 15 53 71 53 98 99 99 70 54 32 71 71 99 70 24 79 5 74 53 41 42 2 28 61 34 92 72 75 92 73 12 56 94 48 34 2 88 95 27 24 31 96 4 65
98 24 39 22 31 20 3 2 26 41 18 91 14 42 97 86 53 15 64 3 51 23 85 71 51 90 18 97 87 16 95 79 8 2 32 63 74 64 5 41 12 95 43 74 7 30 68 66 9 49

Demandas:
0 1 0 0 0 0
0 0 1 0 0 0
0 0 0 1 0 0
0 0 0 0 1 0
1 0 0 0 0 0
0 1 0 0 0 0
0 0 0 0 0 1
0 0 1 0 0 0
0 0 0 0 0 1
1 0 0 0 0 0
1 0 0 0 0 0
0 0 0 0 1 0
0 0 0 0 1 0
0 0 1 0 0 0
0 1 0 0 0 0
0 1 0 0 0 0
0 0 0 0 1 0
0 0 0 0 0 1
0 0 1 0 0 0
0 0 0 0 0 1
0 0 1 0 0 0
0 0 0 1 0 0
1 0 0 0 0 0
0 0 0 1 0 0
0 0 0 1 0 0
0 0 0 1 0 0
0 0 0 0 0 1
0 0 0 0 0 1
0 1 0 0 0 0
0 0 0 0 1 0
0 0 0 1 0 0
0 0 0 0 0 1
0 0 0 1 0 0
1 0 0 0 0 0
0 0 0 1 0 0
1 0 0 0 0 0
1 0 0 0 0 0
0 0 1 0 0 0
0 0 0 1 0 0
1 0 0 0 0 0
0 1 0 0 0 0
1 0 0 0 0 0
0 0 0 0 0 1
1 0 0 0 0 0
0 0 0 1 0 0
1 0 0 0 0 0
0 1 0 0 0 0
0 0 1 0 0 0
0 0 1 0 0 0
0 0 0 0 1 0
0 0 0 0 0 1
0 1 0 0 0 0
0 1 0 0 0 0
1 0 0 0 0 0
0 0 0 1 0 0
0 0 0 0 1 0
0 1 0 0 0 0
0 0 0 0 0 1
0 0 1 0 0 0
1 0 0 0 0 0
0 0 0 0 0 1
0 0 0 0 0 1
0 0 0 0 1 0
0 0 0 1 0 0
1 0 0 0 0 0
0 0 0 0 1 0
1 0 0 0 0 0
0 0 1 0 0 0
0 1 0 0 0 0
1 0 0 0 0 0
0 0 0 0 0 1
0 0 0 0 1 0
0 0 0 1 0 0
0 0 0 1 0 0
0 0 1 0 0 0
1 0 0 0 0 0
0 1 0 0 0 0
0 0 1 0 0 0
0 1 0 0 0 0
1 0 0 0 0 0
1 0 0 0 0 0
0 0 0 0 0 1
0 0 0 1 0 0
0 0 0 0 0 1
0 0 0 1 0 0
0 1 0 0 0 0
0 0 0 1 0 0
1 0 0 0 0 0
1 0 0 0 0 0
0 0 0 0 0 1
0 0 0 0 1 0
0 1 0 0 0 0
0 1 0 0 0 0
0 0 1 0 0 0
0 0 0 0 1 0
0 0 0 1 0 0
0 0 0 1 0 0
0 0 0 1 0 0
0 0 0 0 1 0
0 0 0 0 0 1
0 1 0 0 0 0
1 0 0 0 0 0
0 0 0 0 1 0
0 0 0 0 1 0
0 0 0 1 0 0
0 0 0 0 1 0
0 0 0 1 0 0
1 0 0 0 0 0
0 0 0 1 0 0
0 1 0 0 0 0
0 0 1 0 0 0
1 0 0 0 0 0
0 0 0 1 0 0
0 0 1 0 0 0
1 0 0 0 0 0
0 1 0 0 0 0
0 1 0 0 0 0
0 0 0 1 0 0
0 0 0 0 0 1
0 0 1 0 0 0
0 0 0 0 0 1
0 1 0 0 0 0
0 0 1 0 0 0
0 0 1 0 0 0
0 0 1 0 0 0
0 1 0 0 0 0
0 1 0 0 0 0
0 0 0 0 1 0
0 0 0 0 1 0
0 0 0 0 0 1
0 0 0 0 1 0
1 0 0 0 0 0
1 0 0 0 0 0
0 0 0 0 0 1
0 0 0 0 0 1
0 0 1 0 0 0
0 0 0 0 0 1
0 0 0 0 0 1
0 0 1 0 0 0
0 0 0 1 0 0
0 0 1 0 0 0
0 1 0 0 0 0
0 1 0 0 0 0
0 0 0 1 0 0
0 0 0 0 0 1
0 0 0 0 1 0
0 1 0 0 0 0
0 0 0 0 1 0
0 0 0 0 0 1
0 0 0 1 0 0
1 0 0 0 0 0
0 1 0 0 0 0
0 1 0 0 0 0
0 0 0 0 0 1
0 1 0 0 0 0
0 0 0 1 0 0
0 0 0 1 0 0
1 0 0 0 0 0
0 0 0 0 0 1
0 1 0 0 0 0
1 0 0 0 0 0
0 0 0 0 0 1
1 0 0 0 0 0
0 0 1 0 0 0
0 1 0 0 0 0
0 0 1 0 0 0
0 0 0 0 1 0
1 0 0 0 0 0
0 0 0 0 0 1
0 0 0 0 1 0
0 0 0 1 0 0
0 1 0 0 0 0
0 1 0 0 0 0
1 0 0 0 0 0
0 0 0 0 0 1
0 1 0 0 0 0
0 0 0 1 0 0
0 0 0 1 0 0
0 0 0 1 0 0
0 1 0 0 0 0
0 0 1 0 0 0
0 0 0 0 1 0
0 1 0 0 0 0
0 0 0 0 0 1
0 0 0 1 0 0
1 0 0 0 0 0
0 0 0 1 0 0
0 0 0 1 0 0
0 0 0 0 0 1
0 0 1 0 0 0
0 0 0 0 1 0
1 0 0 0 0 0
0 0 0 0 1 0
0 0 0 1 0 0
1 0 0 0 0 0
0 0 1 0 0 0
0 0 0 0 0 1
0 1 0 0 0 0
0 0 0 1 0 0
0 0 0 0 0 1
0 0 1 0 0 0
0 0 0 0 1 0
0 0 0 0 0 1
0 0 0 0 1 0
0 0 1 0 0 0
1 0 0 0 0 0
0 0 0 0 0 1
1 0 0 0 0 0
0 0 0 0 1 0
0 0 0 0 0 1
0 0 0 1 0 0
0 1 0 0 0 0
0 0 1 0 0 0
1 0 0 0 0 0
0 0 0 0 0 1
0 1 0 0 0 0
1 0 0 0 0 0
1 0 0 0 0 0
0 0 1 0 0 0
0 0 1 0 0 0
0 1 0 0 0 0
1 0 0 0 0 0
0 0 1 0 0 0
0 1 0 0 0 0
1 0 0 0 0 0
0 0 0 1 0 0
0 0 0 1 0 0
0 0 0 0 1 0
1 0 0 0 0 0
0 0 0 0 0 1
1 0 0 0 0 0
0 1 0 0 0 0
0 0 0 1 0 0
0 1 0 0 0 0
0 0 1 0 0 0
1 0 0 0 0 0
0 0 0 0 0 1
1 0 0 0 0 0
0 0 0 0 0 1
0 0 1 0 0 0
0 1 0 0 0 0
0 0 0 0 1 0
0 0 0 0 0 1
1 0 0 0 0 0
0 0 0 0 1 0
0 1 0 0 0 0
1 0 0 0 0 0
0 0 1 0 0 0
0 0 1 0 0 0
0 0 0 0 1 0

Capacidades:
4 2 4 3 4 4
1 2 1 2 1 2
4 2 1 4 4 3
1 2 0 3 4 1
0 1 0 3 3 0
4 1 0 3 3 4
3 1 0 1 3 4
2 4 1 4 3 0
1 2 1 3 4 0
1 3 0 4 3 0
2 4 0 1 1 4
1 2 4 1 1 0
0 2 1 0 0 4
0 4 1 2 3 2
4 4 0 0 1 4
0 1 1 2 4 3
3 3 0 1 3 0
3 2 4 2 0 0
4 4 2 0 0 2
4 2 3 0 3 4
0 2 2 0 1 2
1 0 4 0 4 2
0 0 0 2 0 4
3 2 3 1 0 1
2 3 3 2 3 0
4 3 3 4 3 1
0 3 3 4 4 2
1 0 0 2 1 0
1 3 3 1 1 3
3 1 4 2 3 4
3 1 0 0 4 4
3 2 0 4 3 2
3 1 1 1 0 4
4 2 0 1 2 4
2 0 2 4 1 4
2 1 0 0 4 1
4 4 3 4 1 1
1 3 4 3 1 1
3 4 2 4 0 1
2 1 0 2 2 3
0 2 3 3 2 3
3 4 4 1 4 2
1 4 3 3 3 1
1 0 0 0 0 1
0 3 1 2 2 3
3 0 2 2 3 3
0 1 4 2 0 4
1 3 0 4 0 3
1 4 0 1 4 4
1 2 2 4 0 1
