m: 250
n: 50
k: 8

Distancias:
75 90 98 77 68 75 80 22 52 6 80 8 21 82 11 80 51 81 43 42 36 58 33 76 5 83 93 82 76 98 12 34 75 6 18 17 52 33 23 53 4 15 60 23 51 75 15 85 8 36
90 22 68 38 53 93 74 97 50 99 25 62 56 28 54 43 24 52 23 54 75 38 5 87 32 13 26 81 73 51 64 14 3 84 37 62 61 78 56 11 79 48 42 49 18 90 85 71 64 57
41 3 43 9 87 45 12 89 87 36 75 7 50 7 21 11 52 29 69 39 21 66 39 4 43 2 91 73 98 96 6 95 4 29 59 62 85 64 11 44 15 55 38 18 32 55 82 30 25 64
68 52 47 33 56 25 48 37 97 42 76 56 62 90 4 10 60 63 33 84 81 90 37 13 44 28 20 67 18 12 99 90 97 75 12 99 60 53 7 50 46 21 85 87 55 56 3 25 90 28
43 6 26 36 57 21 65 35 41 37 56 38 41 73 2 5 10 10 77 16 87 34 66 81 70 81 10 46 11 38 11 41 88 62 19 85 62 13 86 19 92 2 82 77 16 76 92 55 36 2
49 56 98 7 77 36 63 72 48 71 89 19 19 18 41 81 50 66 19 89 79 99 48 33 41 73 30 53 10 96 74 2 56 65 65 48 43 95 45 53 80 87 75 90 15 23 1 11 11 67
48 45 57 39 79 37 20 84 81 34 12 95 67 78 79 48 6 89 63 64 4 20 61 29 39 59 83 74 29 7 16 56 90 44 21 25 41 91 66 60 16 76 58 50 5 55 12 39 62 7
19 52 43 72 31 12 83 36 6 96 51 74 38 87 78 67 81 25 44 95 22 8 82 66 83 60 39 64 11 99 36 29 47 16 37 22 81 71 62 44 13 48 6 70 82 19 80 89 59 83
72 71 36 43 23 27 52 42 17 18 22 99 83 72 22 93 54 59 2 62 41 88 85 80 54 96 68 81 87 64 61 94 53 48 36 9 51 12 55 73 26 30 91 71 90 26 33 42 62 3
42 68 35 18 32 88 1 86 31 27 42 17 83 96 88 25 71 70 47 83 87 4 73 76 74 27 4 30 79 60 1 37 75 9 78 24 13 78 87 41 44 10 67 94 16 40 96 90 34 86
20 50 77 65 8 95 19 50 59 4 25 9 17 30 41 53 77 38 41 45 32 87 86 65 17 27 18 26 37 38 1 20 60 33 71 42 60 81 77 26 30 91 53 1 20 37 7 73 95 54
92 48 16 21 79 12 20 49 13 44 38 91 25 69 39 21 61 66 22 62 57 75 37 76 64 56 93 37 95 69 15 87 81 74 71 33 38 31 27 53 39 92 51 47 43 93 82 10 29 28
40 57 21 70 62 1 2 26 51 83 64 35 6 84 53 67 18 42 23 48 35 31 96 95 5 41 11 62 25 55 81 42 22 35 70 92 81 67 17 72 6 46 13 46 11 23 96 59 77 27
49 97 9 49 32 1 71 47 56 54 42 29 41 6 15 33 98 79 34 51 22 80 33 73 52 85 45 57 58 49 85 60 34 25 10 29 1 53 15 23 16 86 11 1 46 63 46 79 74 99
74 6 31 75 54 4 68 77 96 65 1 61 71 38 97 41 41 73 85 59 35 44 32 38 92 80 10 3 51 84 31 30 38 73 68 7 71 59 69 96 37 25 25 39 91 77 8 47 66 81
91 82 2 38 69 31 10 83 78 69 35 19 59 18 24 8 89 64 65 37 89 11 10 10 29 18 87 80 64 46 67 86 53 95 82 8 68 36 74 90 93 38 43 20 28 15 31 38 92 8
11 2 21 88 2 95 94 2 73 40 69 75 45 22 79 21 82 33 65 79 89 69 90 65 31 25 13 21 52 35 54 50 47 32 5 5 4 14 27 8 1 18 95 92 13 92 66 36 61 53
49 30 82 20 13 85 72 88 77 24 23 17 37 26 90 81 27 31 14 18 94 95 51 21 56 47 91 12 32 49 4 3 17 34 17 42 65 69 78 2 94 17 24 34 59 67 24 71 79 60
80 24 3 74 89 36 5 58 99 63 8 70 83 78 92 31 45 56 60 60 32 25 56 29 52 36 8 33 25 88 13 82 58 10 36 7 44 77 8 2 85 86 77 7 85 13 44 93 71 72
10 50 4 17 88 45 71 86 83 2 45 2 48 82 9 67 74 58 34 27 22 95 47 4 50 23 25 57 15 82 79 38 61 35 67 95 36 11 5 90 78 53 43 94 76 99 50 4 90 26
63 44 20 84 14 91 88 9 6 90 26 77 86 64 93 77 15 43 42 12 62 44 65 50 60 68 14 14 54 80 10 78 49 60 97 92 49 4 60 85 82 11 9 95 62 92 20 15 68 40
82 1 11 25 8 98 58 15 16 26 62 66 40 36 66 95 33 72 71 92 77 29 9 35 34 36 46 90 45 86 56 90 94 70 92 96 11 36 1 69 36 3 96 51 44 73 59 57 35 82
10 81 56 80 23 41 7 32 88 13 1 13 81 82 84 1 15 63 36 17 12 94 7 22 93 34 19 26 10 91 47 24 6 36 61 62 80 99 87 62 52 2 88 29 14 62 57 81 44 93
3 32 71 29 60 25 89 25 14 62 11 10 76 36 68 75 87 54 90 15 55 32 53 97 43 53 79 26 94 45 14 75 36 81 40 27 95 23 31 74 50 67 37 15 41 57 1 74 79 49
34 53 59 48 91 84 63 11 3 74 57 94 55 26 86 58 90 13 21 66 87 66 71 26 29 30 87 20 99 64 20 22 28 45 19 99 6 31 11 40 48 98 13 66 72 51 75 49 2 30
14 11 61 53 28 2 58 93 75 74 99 18 91 58 32 60 53 98 8 56 31 72 93 67 34 48 3 38 10 49 89 89 52 41 38 78 12 49 28 6 61 73 95 71 14 53 85 19 14 46
11 62 65 9 81 97 20 67 38 3 28 17 83 7 48 2 90 18 92 59 54 10 60 40 89 37 33 80 39 22 88 38 75 18 54 8 39 59 98 25 21 3 81 8 64 61 49 20 42 84
41 69 73 98 23 28 92 79 76 9 2 38 46 56 77 73 16 77 84 57 97 74 56 92 2 47 93 94 63 80 49 95 44 54 20 89 52 94 40 63 3 95 71 92 45 46 59 9 96 7
68 38 4 73 95 53 98 2 29 31 89 48 10 73 44 97 70 31 9 13 5 98 75 97 60 13 62 58 78 14 86 39 14 97 62 81 80 57 37 17 47 62 76 49 85 30 18 23 80 97
19 97 71 4 57 42 44 69 81 46 41 82 1 60 85 78 52 96 76 48 24 17 71 34 37 74 27 65 13 95 40 60 10 95 4 47 77 38 33 19 12 14 47 93 80 24 16 58 38 15
33 30 62 50 27 90 62 72 90 33 84 10 77 16 29 63 45 93 25 83 24 2 99 39 12 15 64 6 28 32 29 79 59 70 21 54 33 86 94 91 50 82 69 28 91 83 18 65 67 50
70 92 10 23 63 5 62 7 66 96 81 63 96 8 64 40 18 78 78 18 91 86 60 3 91 49 70 21 84 63 35 56 63 16 74 79 54 43 31 73 59 8 76 96 44 15 70 97 15 40
20 73 78 95 91 64 23 28 1 40 46 92 8 53 25 72 66 44 60 87 70 44 7 4 51 51 32 89 79 63 26 34 75 95 98 85 11 7 68 89 1 85 26 1 50 8 60 45 4 27
62 18 69 37 5 30 38 77 55 23 14 55 68 50 89 60 3 51 64 87 58 85 71 73 61 66 46 16 96 68 34 12 76 88 85 44 87 13 1 99 5 25 55 96 48 23 22 1 14 81
86 51 14 7 9 70 83 91 71 31 10 63 74 49 83 97 2 93 81 62 93 89 22 99 1 47 57 98 62 82 92 29 84 80 19 41 42 88 98 67 83 58 57 63 15 22 39 88 82 73
18 67 26 7 59 16 60 13 38 38 11 66 87 28 42 78 71 51 42 70 31 84 55 68 8 5 8 63 67 55 3 58 71 39 73 45 90 15 89 83 37 20 56 79 82 28 20 82 89 12
66 13 67 48 75 48 25 43 79 20 48 8 88 55 99 8 44 76 77 43 59 37 72 78 72 68 94 92 90 54 45 47 30 10 79 25 37 43 32 12 71 91 55 35 32 34 39 75 11 8
26 17 22 54 52 53 17 55 80 28 33 77 69 55 84 93 73 51 49 59 64 97 22 81 10 18 95 62 63 3 10 85 47 90 36 17 10 37 28 74 91 97 76 98 64 89 21 45 30 66
20 23 69 64 49 64 34 30 23 18 14 5 51 74 24 5 58 67 83 2 60 94 39 86 29 5 93 15 36 23 35 82 44 71 91 15 85 64 46 29 26 53 62 86 21 74 50 96 51 12
89 95 86 21 12 61 48 85 37 68 72 86 97 96 51 25 24 69 63 92 66 10 87 19 3 27 80 80 45 9 98 56 77 41 29 3 50 98 95 63 23 17 46 80 46 8 38 1 35 68
98 97 42 58 90 24 84 20 50 75 65 25 15 23 56 71 74 95 28 35 81 61 64 46 12 42 89 12 78 6 14 45 82 62 25 18 75 61 33 40 29 98 3 11 45 84 16 29 63 16
26 83 78 48 56 88 2 60 75 32 83 36 59 83 7 68 27 20 17 10 44 90 37 30 8 88 67 51 96 94 84 14 90 18 60 2 53 49 32 88 67 93 89 13 10 2 6 22 18 28
29 57 6 65 34 6 93 71 88 13 88 38 25 52 36 26 33 72 27 83 29 14 38 20 79 5 91 37 34 92 16 23 4 57 15 66 29 50 92 68 65 89 47 4 40 45 85 69 51 31
45 42 99 65 7 89 36 96 32 40 12 30 92 85 30 15 62 35 13 18 47 73 14 59 53 30 93 98 37 4 12 25 79 86 42 61 10 93 10 43 54 22 74 11 8 10 86 63 83 93
63 50 2 82 31 64 1 14 69 87 65 70 45 87 40 23 11 28 77 25 80 17 31 52 46 53 12 37 53 47 42 76 44 48 25 41 36 68 99 58 80 82 54 7 60 79 44 79 65 31
79 66 55 90 91 58 2 65 78 62 51 37 85 55 65 41 55 1 29 79 99 19 22 11 99 54 92 78 43 26 40 80 95 80 46 4 12 14 46 79 51 74 98 61 68 98 27 28 49 74
60 86 69 98 92 82 1 27 79 87 95 82 63 4 67 58 31 74 4 57 51 82 26 34 10 94 81 36 94 50 72 39 8 39 38 1 65 79 68 96 66 73 12 44 18 43 57 84 36 32
84 44 93 48 14 15 40 84 95 29 9 71 30 71 40 79 98 41 37 89 87 79 16 46 43 56 22 14 34 10 79 49 47 31 94 31 40 84 86 49 9 69 96 36 5 20 57 58 28 90
4 67 49 96 84 73 95 32 24 56 88 81 45 55 73 57 20 78 64 93 58 38 59 54 68 20 43 83 17 31 7 16 95 67 23 29 79 3 85 42 16 75 27 16 84 10 53 44 50 75
46 41 97 74 99 11 73 8 63 15 22 20 2 17 55 89 51 24 98 68 30 2 36 50 90 40 99 8 42 28 4 88 32 43 98 26 91 94 52 47 61 34 87 97 87 76 88 46 72 79
9 74 49 99 29 29 29 26 58 58 44 74 82 37 74 83 79 58 98 92 66 84 46 32 88 85 23 27 17 84 63 10 87 78 83 9 74 51 16 11 62 67 27 33 70 96 33 6 88 93
70 27 80 25 27 91 77 22 23 40 23 56 31 77 43 66 8 34 97 39 6 54 86 50 62 63 65 78 23 36 99 33 66 64 32 34 10 86 64 70 32 29 16 53 43 89 59 4 47 51
8 69 53 63 81 31 68 54 27 67 96 10 41 60 36 93 96 65 64 75 45 97 56 20 57 28 47 31 1 88 57 4 12 98 63 56 49 3 36 38 54 30 72 54 49 16 19 20 27 8
18 86 41 99 32 95 69 79 34 67 47 82 68 82 64 41 13 94 98 83 39 25 71 48 9 92 44 11 98 30 38 59 46 51 21 89 38 7 22 7 27 20 18 81 52 72 42 56 11 13
91 79 31 40 47 88 5 78 7 51 60 21 29 25 31 86 31 62 38 89 96 10 85 31 56 21 47 75 71 56 7 24 99 72 23 41 90 32 91 87 13 29 92 20 29 76 17 26 85 30
59 25 94 33 84 99 76 57 59 35 80 97 11 13 74 43 31 6 72 72 59 1 94 12 31 85 28 68 91 32 78 85 35 44 37 65 7 24 66 66 16 38 96 49 9 42 5 5 18 47
32 43 73 72 74 93 13 84 36 64 62 11 73 86 17 3 50 11 57 83 10 88 25 68 68 20 47 51 3 26 84 23 90 92 59 15 45 43 99 45 41 50 2 32 75 88 98 82 98 78
2 25 45 65 91 24 66 51 78 16 39 57 1 87 94 33 64 33 76 48 96 42 17 67 66 60 82 40 54 33 71 9 41 87 95 23 58 8 77 35 7 14 81 50 16 83 82 54 66 2
90 55 65 36 38 20 53 53 6 67 58 43 1 18 9 29 67 8 95 96 25 31 54 1 48 33 40 41 28 99 67 61 22 14 14 75 37 93 91 64 60 60 78 38 72 31 43 61 34 83
48 33 32 92 16 12 87 43 26 29 91 59 2 70 46 34 25 91 92 66 63 52 75 86 23 49 40 5 91 26 22 79 27 63 18 27 64 62 9 62 27 57 47 42 17 14 5 62 5 31
68 92 28 77 1 52 57 28 18 62 79 36 71 73 38 46 45 86 78 58 30 38 84 59 46 3 82 96 72 58 81 19 45 22 47 29 49 72 16 78 33 89 70 48 85 30 49 6 95 98
65 11 94 99 76 22 63 18 27 95 23 70 2 47 83 25 72 58 98 82 36 65 92 72 59 16 49 9 2 14 99 75 48 1 60 77 85 3 70 19 98 71 22 34 93 84 1 69 52 64
78 45 78 11 89 91 33 72 58 47 38 81 96 20 58 13 72 73 92 75 40 99 47 84 23 53 58 48 20 20 87 87 16 21 34 13 88 5 91 39 22 52 42 81 60 9 70 2 59 28
27 23 11 44 20 92 22 32 12 29 16 57 4 4 71 50 7 89 48 97 2 6 27 16 18 46 94 65 41 91 22 77 99 55 68 33 57 61 38 85 14 83 14 29 36 29 77 96 59 72
21 27 83 1 97 22 95 63 46 10 19 1 95 15 56 37 42 80 12 40 89 69 27 73 90 43 9 5 10 3 36 35 33 33 88 78 61 31 42 49 40 3 75 33 99 5 5 31 17 20
34 70 93 42 22 82 52 99 87 28 36 1 11 58 49 27 74 17 66 82 86 75 57 95 34 5 86 40 95 61 34 7 36 86 35 6 54 84 25 90 42 5 69 12 87 51 16 5 30 63
5 88 47 39 15 73 24 49 75 98 19 74 99 12 92 2 21 1 63 29 1 64 12 94 59 52 51 30 18 4 79 72 57 57 57 43 77 34 97 46 36 13 25 6 33 87 81 16 79 60
90 27 4 42 57 58 2 32 19 94 10 92 86 38 22 47 36 95 92 45 37 7 15 55 18 13 91 74 19 96 89 58 23 46 71 72 21 18 17 46 74 96 81 20 89 1 42 42 74 98
44 87 98 93 73 11 81 9 32 77 88 58 28 85 85 40 35 68 96 76 83 85 7 7 74 45 61 88 18 6 44 62 99 78 97 98 72 19 1 38 1 70 44 3 66 40 32 61 11 50
49 41 79 32 73 3 22 56 78 47 22 72 95 9 31 86 82 19 26 74 15 31 80 1 79 11 36 63 78 84 20 92 5 67 22 20 38 93 97 6 95 13 97 97 19 53 88 50 7 16
75 20 45 56 52 57 47 5 53 73 80 22 91 99 14 60 20 60 37 55 1 82 18 61 59 28 60 90 48 60 33 40 65 89 11 6 85 88 51 13 44 11 83 85 11 62 80 13 75 38
17 49 1 69 98 76 99 56 54 37 66 85 77 12 32 53 53 72 63 58 99 43 98 13 21 17 3 26 43 63 79 83 68 78 87 20 61 52 99 26 41 15 79 46 67 85 44 86 47 6
70 49 19 30 25 7 51 40 38 29 96 39 95 89 5 37 69 57 20 39 19 21 24 27 91 58 84 66 51 74 65 38 98 31 16 54 43 91 44 96 80 46 93 56 21 13 19 92 8 1
86 73 37 97 63 66 60 94 82 87 29 12 14 99 44 2 89 44 23 60 63 16 47 25 23 31 79 61 96 53 30 91 56 40 93 19 71 14 80 10 51 88 22 55 88 72 42 10 72 43
16 69 70 99 99 70 86 98 98 21 46 32 3 80 54 98 64 1 56 46 23 14 38 40 68 59 89 20 1 66 55 44 85 92 48 44 41 71 18 2 8 47 50 55 1 27 7 64 41 56
51 31 34 46 82 96 57 45 12 68 1 35 25 40 49 2 21 31 52 97 81 61 66 61 22 98 49 64 8 37 86 8 28 8 54 12 61 37 87 25 81 61 75 4 1 27 14 64 23 43
84 38 82 26 6 68 46 13 21 49 37 60 4 28 31 3 82 42 76 89 17 48 55 8 80 24 67 22 82 16 35 43 27 73 94 54 40 40 21 80 57 70 24 88 74 14 67 59 55 80
15 65 70 14 96 96 62 5 2 87 23 42 26 36 75 35 22 17 28 51 98 91 23 27 33 88 32 2 57 69 52 63 30 84 17 26 70 74 56 45 23 62 97 52 24 15 97 99 8 43
62 68 73 7 72 62 32 63 23 94 99 51 35 88 71 97 58 14 64 16 11 41 85 71 77 21 55 7 19 40 51 19 12 20 30 9 25 21 52 46 49 13 84 23 40 57 10 92 65 77
12 10 55 85 91 32 14 60 79 95 90 67 96 15 16 15 90 79 93 96 87 61 60 69 49 60 64 25 93 46 13 41 31 27 63 19 55 25 65 76 8 52 39 31 39 23 21 85 62 69
81 4 19 62 13 36 7 49 95 4 43 54 6 93 22 38 96 21 1 49 55 8 52 22 89 56 52 37 74 82 13 78 47 59 6 56 95 32 27 64 53 17 59 78 4 65 82 12 82 68
87 44 53 59 74 60 99 66 35 74 62 58 26 44 59 37 13 21 1 44 34 32 12 85 9 47 60 43 5 65 98 86 45 44 42 10 76 48 17 74 28 60 84 36 2 36 36 53 19 85
33 80 95 95 51 80 81 83 76 27 30 22 12 66 46 14 33 12 52 5 25 62 70 87 32 26 45 88 17 52 57 98 39 17 66 28 26 20 31 48 5 18 32 10 66 35 66 58 92 67
31 59 60 13 46 59 22 12 30 51 71 97 84 15 9 34 71 2 91 37 98 34 37 1 15 20 56 55 51 94 5 60 97 24 73 85 53 55 3 46 46 77 55 12 86 48 62 71 32 60
38 8 33 17 5 57 17 67 39 2 99 16 63 6 96 36 77 61 97 57 33 50 52 33 74 20 52 60 36 12 51 47 54 65 40 67 42 95 14 43 49 56 93 17 96 57 23 5 29 90
68 6 11 5 86 66 46 67 65 6 75 33 50 16 95 18 93 34 50 13 16 99 34 26 3 78 16 68 86 82 79 11 39 46 91 82 43 64 16 61 9 15 99 75 10 30 68 16 62 77
92 48 69 23 82 72 6 25 50 10 48 58 4 90 54 97 64 7 56 72 18 55 44 3 73 90 75 9 88 12 76 65 46 45 39 89 18 17 89 12 60 75 94 37 98 54 62 12 16 13
73 40 97 50 48 11 93 40 26 48 35 70 44 13 98 48 7 85 58 16 31 80 66 9 19 64 39 16 5 68 57 88 92 81 10 92 42 91 68 15 65 77 20 71 76 12 60 94 69 41
7 70 77 90 57 84 32 31 29 1 77 4 57 5 67 76 62 97 83 70 95 68 4 95 50 11 41 21 67 79 26 48 4 2 12 80 72 13 11 45 49 4 28 46 33 5 26 77 8 78
69 11 85 16 80 7 22 32 74 88 41 98 11 87 48 88 76 50 18 76 97 43 86 31 59 16 67 96 3 60 35 90 54 13 89 32 76 65 32 1 75 38 21 44 56 32 57 47 76 46
74 79 51 84 40 98 38 33 20 32 83 48 42 63 82 45 10 85 53 14 37 30 19 1 90 23 75 63 72 77 89 11 17 33 13 87 65 34 12 72 90 57 26 46 48 23 44 30 26 23
85 3 39 79 94 85 57 57 24 82 23 57 39 72 30 61 86 83 95 92 81 13 58 37 21 34 52 31 39 59 16 91 19 77 35 7 25 25 25 31 81 20 67 63 89 67 2 77 21 30
19 20 31 90 98 6 53 5 33 17 40 95 66 27 51 42 91 69 1 79 86 41 56 96 8 35 2 87 33 42 8 86 28 22 57 50 17 84 17 91 66 68 10 27 78 87 58 42 97 20
55 4 62 71 90 82 46 62 72 58 22 30 26 69 96 99 96 32 44 73 13 28 48 4 38 10 92 16 6 97 91 7 79 34 30 68 5 41 49 27 87 38 43 19 67 91 3 25 98 77
30 29 69 70 48 80 91 20 89 8 92 90 40 86 13 48 33 10 42 1 55 86 45 84 92 85 82 27 80 53 72 6 61 24 31 10 80 89 99 57 7 48 92 69 43 66 89 45 85 27
83 51 9 58 76 81 27 37 12 78 45 87 22 37 67 6 59 1 26 99 84 98 7 90 39 44 76 40 34 73 81 15 80 65 2 84 98 6 42 99 99 13 11 80 62 85 15 27 99 34
51 51 10 45 50 15 63 42 20 71 8 48 31 93 45 5 23 39 68 81 16 28 38 31 66 13 94 43 59 15 75 54 54 4 16 59 32 94 40 98 56 29 9 30 5 62 10 88 3 98
84 48 19 35 16 83 14 74 54 8 40 29 43 11 9 85 77 35 12 55 15 80 89 54 7 26 29 94 51 90 1 30 5 24 36 85 23 32 6 10 85 28 39 57 78 25 29 87 42 40
17 55 28 41 51 90 71 31 49 8 50 59 33 1 30 65 11 72 9 57 83 26 1 83 81 13 82 22 61 57 15 83 2 71 76 45 57 34 47 91 78 61 93 25 77 80 38 72 50 61
85 66 17 88 94 95 86 33 69 47 98 77 79 95 45 72 29 43 79 70 4 82 13 98 15 25 31 62 41 77 8 58 99 33 63 28 77 27 6 25 7 16 36 59 2 34 28 62 42 83
75 23 86 26 1 72 62 54 87 84 97 62 60 69 94 97 17 75 38 9 27 7 37 84 36 94 98 20 58 39 89 20 4 83 47 92 24 74 42 38 75 40 45 24 50 25 67 74 99 51
64 72 81 35 41 27 1 12 67 20 8 68 9 94 36 89 69 92 72 80 16 37 65 48 77 85 56 10 28 11 66 5 36 1 76 53 6 60 89 84 26 12 14 36 97 91 87 43 25 48
25 24 77 66 61 68 74 88 27 56 85 94 53 86 66 43 37 91 30 31 15 67 24 91 69 11 82 67 61 54 15 43 52 11 11 45 97 25 52 90 23 16 53 56 16 14 47 30 95 6
81 59 45 22 38 1 78 65 53 24 19 53 79 79 80 72 12 91 2 72 8 92 91 16 68 28 85 47 45 37 21 1 56 69 60 48 37 54 86 31 87 9 82 64 53 4 35 67 25 72
27 61 28 42 70 56 1 6 23 64 28 98 5 34 22 34 75 32 60 58 94 57 33 51 84 98 34 21 31 61 85 14 58 40 50 27 47 22 74 23 45 39 91 37 27 33 62 14 12 42
97 67 24 70 99 24 22 62 5 85 41 56 43 16 65 52 9 83 96 33 6 55 54 49 9 32 66 7 3 90 88 41 79 20 43 62 28 57 60 24 4 64 6 15 25 96 97 7 11 19
9 83 35 89 49 12 94 34 47 55 8 55 18 50 6 82 50 61 62 56 62 20 58 22 65 27 24 76 32 67 75 34 16 61 18 20 36 32 73 59 74 16 66 92 15 44 95 70 59 62
56 63 81 19 53 89 74 82 56 21 54 19 95 98 30 44 97 12 8 27 68 54 97 40 66 40 89 97 25 3 52 54 23 81 51 16 16 29 27 6 50 2 47 81 53 7 39 99 13 55
2 25 33 56 24 94 44 10 13 49 31 78 36 25 68 86 99 65 69 33 28 60 15 75 97 71 54 27 12 89 91 44 28 7 27 98 15 86 85 2 20 66 76 85 31 48 51 49 25 31
19 9 54 76 74 82 64 92 47 14 98 81 71 8 68 76 86 30 45 40 73 6 74 12 25 35 90 59 77 81 99 93 72 93 65 34 15 93 55 62 26 29 44 15 63 82 20 81 2 6
5 86 46 59 40 34 90 60 90 13 15 94 13 82 17 8 62 84 48 61 4 93 84 21 4 96 15 42 96 11 30 44 19 19 1 12 63 87 17 22 5 46 75 92 10 5 25 82 31 49
16 83 83 7 59 84 38 55 20 40 79 28 24 72 44 97 1 79 61 67 4 77 86 87 80 1 59 88 11 92 29 52 10 73 33 31 39 16 68 36 47 79 58 21 66 82 8 57 51 58
71 90 15 76 15 44 39 26 60 11 48 43 44 52 45 24 23 32 29 24 91 43 59 69 44 12 70 67 78 9 85 34 76 4 69 73 15 12 12 59 27 6 86 8 14 60 50 64 63 38
58 20 51 21 49 40 42 64 14 20 88 80 94 10 19 25 63 69 22 45 78 71 10 2 67 43 86 70 93 89 94 66 39 57 97 75 98 65 63 46 58 2 88 47 95 38 54 88 35 81
6 10 8 28 41 19 42 62 71 9 8 93 1 83 30 56 92 1 35 93 53 27 42 88 11 37 24 62 3 74 23 34 99 47 27 87 5 84 56 1 37 39 60 25 67 46 51 36 94 99
82 27 52 97 70 49 18 18 5 59 4 40 34 31 70 27 47 2 84 40 98 35 11 69 30 4 45 12 38 57 57 40 54 56 28 85 34 74 14 25 62 50 72 15 64 44 22 40 70 68
57 52 22 43 45 27 50 92 96 77 24 29 62 53 68 42 67 96 58 4 75 23 54 41 65 6 72 47 75 83 5 68 21 97 36 86 77 61 27 2 81 24 32 95 90 78 41 12 79 59
2 46 80 96 89 99 82 30 66 81 90 22 26 22 50 60 96 36 21 62 44 25 39 92 47 54 72 52 75 36 63 10 24 24 48 99 64 35 57 94 18 70 71 6 96 59 71 23 81 39
57 66 45 80 74 49 18 82 48 50 19 48 84 49 61 80 94 40 55 50 25 72 26 25 38 80 13 35 6 35 9 16 41 39 19 64 72 67 76 98 4 40 44 49 42 40 76 59 38 17
65 65 28 53 47 82 67 56 30 16 37 80 21 81 4 3 62 63 50 99 4 63 49 2 93 65 45 49 53 1 90 21 16 89 26 81 91 79 28 9 30 31 49 93 14 66 12 38 97 90
50 71 19 83 12 63 55 82 71 36 75 18 27 87 35 58 62 47 3 36 43 86 54 99 24 11 76 31 61 28 3 92 92 40 64 10 66 41 12 13 51 3 93 38 85 21 23 55 66 11
84 50 87 90 61 11 70 51 78 85 64 50 86 91 28 81 64 89 71 29 33 10 87 43 70 86 43 8 31 17 6 86 56 48 25 2 27 47 22 57 13 56 87 94 4 36 67 72 72 72
66 43 44 59 84 13 24 50 50 15 31 79 12 4 24 17 43 50 95 93 29 44 35 97 54 65 65 78 21 64 84 95 8 18 81 48 32 27 57 71 23 65 38 77 8 94 82 37 52 86
39 42 98 67 20 25 51 3 60 45 88 53 1 30 52 5 50 57 33 99 3 49 33 44 22 70 20 13 8 38 88 99 65 68 17 3 27 66 8 77 47 15 4 39 34 6 94 39 41 65
50 10 45 22 19 77 29 39 92 11 47 68 94 93 91 99 35 32 1 53 71 46 72 12 60 19 41 50 8 73 70 68 5 7 5 31 4 84 79 25 13 52 54 56 17 58 55 51 42 73
29 31 16 45 10 12 48 22 43 82 34 16 75 35 39 1 63 4 79 73 12 40 91 84 25 38 31 82 25 71 90 57 86 10 62 25 81 99 99 71 76 48 49 34 71 19 17 50 95 45
30 96 85 48 54 33 61 5 22 11 11 43 58 25 43 49 78 69 66 97 26 48 46 40 40 81 33 34 33 63 59 70 67 85 62 86 32 81 26 33 65 89 43 35 15 69 11 44 59 68
44 46 34 53 55 66 53 55 98 9 87 53 45 79 16 38 42 69 67 76 91 54 65 80 6 80 13 36 80 72 43 21 29 83 32 28 37 54 95 67 8 67 7 64 62 38 32 35 29 28
2 88 57 37 95 9 98 10 93 86 92 18 92 84 81 71 88 25 18 53 55 85 96 74 14 66 34 85 52 84 61 49 26 44 42 44 75 74 75 84 42 44 32 85 43 35 44 48 89 72
90 66 18 59 32 50 47 94 81 25 10 21 74 12 88 6 76 81 59 16 74 34 69 40 68 63 25 20 76 39 80 63 80 14 76 64 52 93 93 16 41 1 11 27 62 69 15 50 7 19
15 40 49 16 21 36 58 86 45 10 65 8 28 33 23 95 30 53 12 83 78 81 88 89 43 87 74 65 78 9 41 61 16 2 36 79 51 18 91 90 14 32 95 48 17 35 87 29 52 93
4 27 51 42 20 69 12 41 48 84 34 36 95 54 63 53 48 79 53 18 59 50 44 10 53 70 37 97 92 36 8 59 18 25 89 4 34 91 39 53 12 36 94 76 62 55 38 7 39 11
57 67 42 78 99 5 98 21 13 83 92 96 42 6 93 74 53 62 93 90 49 61 70 29 26 40 25 82 50 82 97 63 89 8 91 78 22 87 38 99 36 18 45 89 40 62 24 88 4 24
76 53 72 18 6 24 97 49 59 83 94 53 35 46 6 27 35 74 33 94 3 14 7 33 48 31 38 90 91 86 79 31 48 81 88 43 22 1 2 47 82 10 22 36 3 99 4 67 23 50
77 2 38 95 42 77 54 5 20 30 38 72 6 44 53 52 25 50 42 55 77 11 7 61 24 73 82 55 96 84 77 15 82 78 6 16 52 86 97 80 82 62 68 78 87 32 58 18 62 68
96 65 60 9 4 68 62 71 78 79 59 60 55 25 79 37 22 9 36 66 17 79 33 29 47 45 65 7 34 14 25 13 35 86 54 72 91 28 15 64 27 71 39 46 88 75 13 63 99 30
23 41 90 83 34 40 39 74 3 59 82 50 61 99 37 71 16 41 38 63 25 49 56 23 19 22 22 30 14 93 21 18 7 43 72 85 50 24 37 5 67 72 88 45 25 51 15 98 30 91
88 28 76 39 11 6 39 19 17 8 39 41 31 18 26 94 48 1 31 88 43 82 76 1 24 89 84 77 80 77 78 24 15 79 71 7 20 90 8 97 48 76 72 38 3 56 96 14 14 25
58 74 54 22 54 40 19 60 59 39 4 68 85 31 60 5 88 67 44 52 13 39 39 76 67 8 82 28 61 6 22 3 10 93 86 46 67 21 73 67 72 59 38 77 11 17 21 86 44 49
64 2 89 39 51 14 25 83 46 69 17 94 57 14 58 7 47 8 84 42 71 54 60 36 16 25 22 94 85 84 57 90 34 53 61 8 60 35 23 82 60 21 91 4 28 36 54 88 37 91
41 45 51 27 8 98 60 83 31 61 50 11 20 46 26 47 20 8 12 43 14 79 16 79 69 25 40 80 62 92 49 41 34 25 77 57 79 49 47 82 16 27 7 37 95 37 77 87 23 28
90 31 4 79 33 8 12 96 50 72 43 64 78 54 82 70 34 17 37 2 79 66 24 57 99 97 49 66 96 8 18 95 99 77 67 45 28 17 89 89 5 12 2 48 90 42 26 72 80 56
38 66 43 83 70 37 34 27 16 19 92 48 43 46 48 34 16 15 72 58 71 61 76 5 68 81 56 13 43 63 54 18 85 79 5 98 23 54 48 8 97 44 51 53 91 84 38 10 12 85
66 50 99 72 94 89 44 84 98 63 32 82 60 96 25 50 69 14 9 96 38 60 27 55 23 40 46 13 64 73 65 29 1 24 77 67 78 30 3 79 90 68 14 23 87 94 49 1 98 97
30 37 42 32 55 29 49 27 2 54 55 51 32 32 42 78 53 2 66 7 60 1 70 23 16 49 27 34 80 58 11 52 63 4 86 51 75 89 45 76 73 77 99 11 5 91 14 8 15 59
69 38 32 66 90 13 44 58 70 55 42 62 83 67 34 39 25 84 31 93 97 65 5 38 86 50 70 26 87 29 15 37 66 2 25 81 69 34 69 72 68 6 12 52 63 4 13 33 97 92
18 2 24 66 45 8 61 95 18 86 94 75 90 50 4 93 45 66 28 67 37 55 69 68 25 97 17 99 38 26 20 70 1 87 71 56 95 56 20 58 53 96 67 31 58 38 22 92 12 91
48 16 43 79 79 23 32 22 22 76 71 11 71 77 88 91 28 1 62 66 1 38 45 62 75 84 71 64 40 72 24 77 33 66 9 34 87 65 96 14 78 95 44 30 84 48 48 43 70 48
27 70 96 38 17 13 35 98 46 18 14 12 11 51 98 35 10 7 54 9 25 48 56 72 78 65 11 98 70 53 6 10 25 64 84 55 98 12 67 47 21 71 79 15 70 12 31 81 26 4
21 54 86 81 80 87 82 72 58 62 3 26 35 61 57 87 17 10 48 31 98 52 7 32 74 44 9 4 76 20 61 10 41 6 58 71 93 65 31 52 15 10 30 67 10 61 73 42 59 44
93 85 95 18 70 52 49 24 39 68 45 3 69 70 93 72 37 48 83 57 44 63 17 33 42 85 1 45 45 53 20 68 99 28 16 62 35 91 83 67 87 28 61 36 51 47 98 87 50 13
41 35 15 2 67 25 3 81 36 70 61 21 92 44 84 3 15 17 68 41 73 16 50 99 93 27 85 99 78 15 80 96 83 85 96 6 71 88 14 19 94 16 73 94 75 13 62 50 64 38
30 59 18 61 65 48 21 37 71 95 66 62 35 61 72 40 77 93 68 84 64 38 59 7 99 28 35 27 6 2 6 71 97 74 47 81 2 90 76 50 21 89 33 55 8 43 81 97 7 6
4 25 34 45 88 74 20 55 40 66 65 72 18 47 83 47 97 57 21 90 76 65 81 3 22 59 96 52 16 7 66 16 64 5 21 56 66 44 31 10 78 31 76 64 62 68 72 12 58 49
54 46 11 52 27 75 89 65 48 70 97 30 2 20 15 19 18 55 66 19 55 3 25 10 67 54 10 92 80 14 29 94 45 16 78 30 86 66 23 13 16 49 77 67 56 39 84 34 80 84
51 17 94 37 20 81 85 72 92 10 6 4 90 66 49 96 46 64 71 29 26 98 50 89 21 5 14 12 81 62 61 26 34 83 81 34 76 6 12 90 57 98 79 98 46 29 81 49 97 18
22 62 62 81 75 4 86 37 95 84 33 23 13 63 94 74 70 49 53 67 51 38 70 59 14 38 93 31 76 89 98 32 5 48 58 55 13 55 25 22 89 24 81 80 40 32 4 7 55 59
43 37 8 79 35 44 14 38 6 91 3 90 61 50 27 10 29 72 22 96 51 49 91 7 58 63 4 88 58 47 23 67 80 34 43 88 99 87 44 50 56 90 59 17 56 82 79 65 95 7
98 11 65 76 72 80 67 67 7 10 68 7 96 93 60 77 7 58 37 89 20 51 71 23 38 39 14 39 10 24 40 97 1 6 12 42 24 44 11 35 67 93 45 65 61 11 80 47 38 98
96 17 60 92 25 28 94 76 96 42 92 55 75 76 45 87 45 74 20 69 28 51 37 1 78 4 6 43 25 20 90 66 48 27 1 41 78 90 77 63 48 94 75 33 29 6 57 37 62 79
40 39 63 70 29 19 1 77 14 46 23 48 42 80 85 28 10 55 38 31 55 31 94 85 3 91 99 88 40 82 99 14 1 43 29 44 40 47 47 59 25 9 60 16 27 33 78 78 4 90
18 10 34 39 18 29 60 88 22 82 75 17 17 94 53 77 28 72 28 74 24 58 45 6 85 36 40 88 12 56 38 72 99 26 20 61 83 39 82 1 95 5 65 46 30 88 71 47 65 86
68 42 84 5 75 84 73 98 33 32 40 81 91 38 52 68 22 79 14 10 68 1 78 39 96 3 37 23 90 49 2 48 86 9 69 23 65 63 41 13 80 38 7 99 23 49 29 64 21 22
66 60 14 9 32 64 11 67 90 66 41 91 38 30 88 65 18 54 2 63 65 98 35 53 4 34 52 39 27 4 52 54 44 35 60 29 1 24 37 54 13 94 63 45 16 27 90 12 45 73
27 84 68 96 80 36 23 6 14 72 58 53 27 96 93 8 29 45 85 68 15 28 5 57 88 54 55 91 23 50 92 1 40 59 82 18 78 31 36 9 49 54 48 78 73 10 89 80 65 53
73 37 58 63 51 78 22 52 81 73 51 58 78 24 9 41 52 35 78 63 55 77 37 77 33 73 62 17 94 8 51 34 35 81 87 74 1 16 56 83 59 60 50 95 48 29 2 10 84 57
25 22 49 93 40 53 28 51 41 25 89 89 29 48 6 30 54 51 13 53 90 7 4 93 58 94 11 31 26 28 46 10 47 39 20 61 60 91 43 84 66 94 22 39 2 12 45 91 79 75
24 52 14 32 62 26 71 81 84 21 32 45 74 97 98 44 65 12 75 96 67 73 54 28 60 18 7 26 64 61 85 83 96 44 45 9 20 59 22 63 42 50 73 70 30 34 17 72 64 50
91 79 78 41 7 94 9 23 94 12 35 83 92 16 80 1 13 59 51 2 76 71 81 41 8 5 9 87 44 73 80 80 63 78 49 86 26 72 21 81 27 36 62 46 11 99 80 53 77 75
28 45 50 55 70 4 26 68 18 69 3 63 94 91 72 69 74 24 54 73 74 45 98 95 40 19 24 47 69 98 77 32 45 70 15 38 87 77 65 72 97 20 12 14 17 12 21 25 50 97
60 96 33 5 18 18 4 56 35 29 11 40 82 6 52 72 29 86 98 45 83 22 75 81 70 8 25 47 90 79 80 98 95 46 56 98 49 8 41 46 61 96 59 95 43 9 54 96 81 88
10 10 70 2 64 39 5 14 44 21 55 8 48 40 98 95 95 58 97 7 8 40 66 12 88 25 69 31 96 73 54 30 75 79 98 94 37 48 75 25 74 24 15 16 31 95 97 70 55 25
23 42 87 4 49 23 72 57 45 95 49 68 37 88 24 29 18 59 35 49 30 74 16 85 29 50 41 18 58 58 82 96 74 8 17 58 70 48 55 51 29 20 50 4 5 51 39 89 11 46
46 11 24 51 24 17 61 83 70 31 66 71 91 69 54 98 81 62 87 98 11 50 26 30 6 85 42 31 71 44 5 97 31 73 13 49 26 38 81 19 5 63 50 46 52 65 76 69 39 94
8 49 93 37 22 39 11 54 63 71 84 71 15 92 19 65 77 95 81 19 60 94 17 72 52 77 51 40 97 73 80 60 29 72 36 1 37 23 16 62 62 51 22 96 14 40 52 50 58 62
79 18 59 59 40 68 11 17 34 48 21 19 17 66 95 60 55 80 3 87 28 51 95 20 58 7 41 66 88 75 31 42 86 44 88 71 44 79 45 71 48 51 33 49 37 76 95 56 12 44
45 48 20 40 49 10 71 37 83 59 64 42 22 9 53 44 28 68 16 18 21 29 27 90 54 95 67 76 63 9 49 33 74 13 18 81 43 30 69 66 19 3 32 73 53 72 23 34 78 83
41 45 24 26 47 33 36 41 75 4 57 57 26 84 45 78 67 8 84 63 67 35 75 78 93 56 31 88 75 33 62 29 74 70 4 13 92 50 88 27 72 23 26 43 38 1 12 86 86 7
18 22 56 11 1 36 82 17 43 86 9 55 82 77 19 38 35 55 81 65 81 68 10 19 80 26 69 80 61 59 90 87 72 85 12 94 20 21 82 67 37 22 14 57 2 67 16 8 69 67
48 54 45 55 10 83 59 62 13 17 9 88 48 23 41 91 67 47 3 73 93 69 2 77 43 12 31 48 94 9 78 55 10 29 52 79 4 8 1 82 8 17 71 55 8 87 82 67 2 6
45 47 59 95 56 26 68 90 28 15 31 55 1 35 42 22 18 99 59 37 62 81 21 84 14 37 86 81 82 95 22 36 75 31 5 8 39 64 2 38 55 90 61 49 88 29 98 74 44 81
4 16 21 79 22 80 11 58 24 12 4 63 80 94 41 66 65 80 63 6 42 41 17 66 27 11 33 41 94 48 7 44 55 7 33 94 59 13 51 83 45 69 84 75 6 79 25 25 16 27
85 57 24 14 92 29 5 81 58 18 10 71 8 74 19 71 57 55 90 66 54 66 71 11 37 90 32 74 74 33 33 83 5 35 67 49 31 12 95 84 25 38 52 52 27 44 79 89 87 99
83 56 77 58 16 94 50 31 73 16 91 92 87 56 19 21 3 95 61 38 95 73 42 95 34 92 99 52 62 99 81 8 11 43 65 29 79 87 14 21 73 92 35 85 44 60 97 73 17 46
34 19 35 70 42 60 12 55 16 91 63 74 3 25 85 84 58 94 15 23 92 88 92 5 78 9 2 48 89 11 85 95 22 58 82 79 33 3 74 38 25 56 63 84 62 20 74 72 68 86
66 2 61 42 2 3 11 60 76 13 41 40 57 75 33 1 79 79 86 78 22 85 33 84 37 25 69 35 35 97 56 8 50 65 55 53 20 70 56 36 70 69 68 31 31 1 72 60 6 46
83 60 61 66 48 78 78 60 41 22 91 91 23 91 91 59 36 98 9 45 84 46 66 22 27 52 51 43 96 97 79 86 8 75 98 57 34 5 92 78 91 31 39 70 57 52 11 68 44 76
24 21 99 49 22 91 46 57 39 17 92 17 31 75 27 51 71 69 44 82 98 82 25 52 36 46 85 20 6 74 35 6 77 19 31 29 8 55 73 74 42 21 76 13 12 67 15 88 3 97
81 39 55 23 82 12 24 54 34 18 99 17 31 21 22 4 57 96 50 80 36 22 6 62 46 87 49 82 27 47 86 46 41 74 10 18 83 63 51 1 88 43 20 41 76 94 5 10 74 80
37 97 10 84 21 34 87 43 6 89 9 41 48 32 80 14 84 85 3 90 2 26 49 5 51 12 12 43 65 57 34 9 17 57 42 45 75 4 81 94 60 88 22 89 33 88 16 26 47 84
51 96 67 42 84 34 18 68 94 96 87 82 15 52 93 78 69 59 68 53 14 84 17 33 96 35 96 74 25 20 4 53 25 51 2 81 28 10 52 97 45 68 90 86 27 91 46 45 42 8
60 8 67 83 79 58 51 74 75 26 70 46 47 83 40 84 8 36 18 54 19 44 9 85 80 79 45 34 66 6 22 18 96 80 35 56 6 45 49 85 69 24 4 83 47 98 54 99 90 32
59 90 85 42 45 13 25 88 75 42 71 31 23 96 76 43 7 64 41 19 51 83 37 89 44 71 92 62 74 10 87 87 97 87 49 45 73 20 60 93 49 60 6 19 53 15 90 96 17 75
31 36 78 44 73 73 25 19 33 50 95 78 76 19 89 55 79 32 66 20 64 98 32 16 59 78 83 68 95 32 53 91 44 57 81 81 94 47 23 13 37 83 49 73 19 40 91 87 50 45
49 82 52 98 71 18 26 80 45 20 4 95 7 36 85 36 43 4 96 10 64 73 60 60 57 11 27 21 61 13 31 8 88 98 22 24 80 15 28 38 62 47 42 93 87 2 38 92 62 79
38 56 51 97 19 24 20 91 40 35 53 6 42 49 6 48 55 10 75 57 19 95 87 27 17 52 10 24 22 67 25 90 50 57 31 56 37 60 50 96 52 16 3 64 61 28 41 49 46 52
94 59 25 49 99 49 24 11 41 28 86 79 57 32 80 62 92 21 3 64 85 42 56 42 67 45 71 79 95 58 59 24 78 31 63 57 58 14 8 93 46 85 48 66 40 29 83 43 75 62
68 16 3 85 93 85 52 84 28 97 26 13 48 33 95 40 63 53 35 43 54 13 45 68 50 52 35 80 70 19 88 91 85 26 82 50 43 14 58 75 75 50 39 97 4 6 77 97 82 35
22 15 15 93 15 55 20 76 36 28 36 37 43 38 26 32 87 37 21 96 44 73 77 76 19 34 16 68 83 12 93 16 39 92 42 51 34 19 44 94 51 77 64 37 95 75 93 64 23 59
5 46 30 32 52 54 93 83 8 88 57 33 26 59 34 65 14 84 64 4 17 48 29 45 57 57 24 3 86 56 31 72 35 98 66 20 67 46 97 93 74 6 50 85 62 69 78 9 34 85
32 30 36 99 1 1 76 22 79 68 52 94 78 70 22 86 49 23 15 77 5 31 76 66 49 85 75 69 43 79 98 37 18 75 37 11 96 9 48 74 57 86 16 76 88 83 89 95 49 73
4 55 22 88 47 46 40 82 20 75 18 66 18 65 81 38 54 17 37 28 39 71 39 3 84 64 15 9 68 19 92 18 81 57 54 21 98 38 80 5 54 26 80 40 88 67 56 18 47 39
96 44 20 50 85 85 85 36 36 81 26 52 25 73 53 24 19 76 86 65 93 22 93 61 47 84 36 70 29 96 29 19 96 58 47 52 40 95 88 32 78 38 5 12 38 56 98 92 10 7
40 52 1 23 38 1 82 98 84 12 7 77 22 81 35 23 16 14 23 97 99 40 41 57 85 58 30 91 59 38 34 27 24 63 56 80 87 9 40 69 69 97 9 46 14 7 66 96 46 93
83 1 62 49 94 45 90 9 67 16 76 19 40 28 32 90 39 3 92 68 10 97 11 92 8 47 96 81 2 95 72 63 70 31 77 81 35 54 15 26 77 26 81 38 11 96 7 56 5 61
43 73 79 39 18 53 30 42 53 2 9 53 8 68 25 27 22 43 59 18 88 50 22 68 51 79 52 71 62 81 92 36 50 86 27 94 88 40 97 67 2 8 60 68 73 53 49 43 57 49
31 3 84 38 91 87 86 30 24 46 30 99 29 18 89 19 44 30 16 70 94 59 38 46 75 21 59 87 77 69 17 94 75 86 27 30 5 79 34 28 95 65 28 95 45 37 12 62 55 42
63 20 49 93 10 25 35 42 23 38 12 21 11 10 1 84 31 14 99 18 63 94 85 83 5 23 23 28 93 23 24 53 83 45 73 77 10 47 24 64 2 73 4 71 94 94 26 82 80 80
49 19 56 26 43 23 71 84 18 74 38 75 34 57 80 15 74 58 77 26 47 39 21 7 25 4 40 88 45 28 88 89 67 26 70 28 69 75 75 89 30 30 17 28 76 58 45 5 2 37
83 96 36 58 70 77 50 77 65 74 5 79 23 70 88 19 77 7 34 36 7 93 86 62 63 68 94 43 26 76 60 40 19 18 15 6 98 16 88 83 41 94 81 79 7 27 43 22 36 23
34 45 91 28 70 61 49 89 29 36 73 50 51 43 19 4 16 32 1 70 95 11 77 10 18 98 90 77 34 29 29 72 51 92 77 90 95 53 77 13 90 87 29 24 41 97 34 2 26 86
32 71 18 90 14 26 88 96 7 15 13 80 54 45 49 8 92 91 6 50 79 27 72 67 33 81 8 36 38 35 52 51 64 14 8 3 47 45 83 2 76 11 65 79 71 10 97 27 58 71
94 56 3 56 97 85 53 72 32 93 31 75 94 33 87 25 24 67 54 28 86 75 90 1 88 65 42 89 36 59 77 61 76 69 34 81 68 37 33 10 73 96 2 43 57 15 72 52 67 10
84 15 31 61 37 45 74 54 5 82 41 80 77 11 56 60 74 12 95 61 4 52 79 66 75 51 90 40 30 95 17 38 44 33 22 76 38 5 85 93 56 85 36 29 23 24 90 51 75 19
94 44 80 40 93 27 80 64 36 7 90 50 9 65 1 49 26 18 38 25 93 12 10 17 43 82 53 60 42 91 29 23 59 48 78 50 63 55 77 97 45 19 43 73 49 8 16 44 94 41
61 83 2 57 38 66 30 28 95 68 93 4 10 50 41 25 71 1 26 19 25 77 83 61 2 73 29 90 7 18 70 52 34 17 91 13 99 47 71 51 46 87 62 26 41 78 58 10 40 88
23 21 77 89 30 23 26 79 48 81 72 21 33 87 71 10 90 24 25 30 1 98 34 72 62 31 63 36 27 65 58 32 93 18 1 61 50 41 59 61 88 58 91 63 13 65 25 59 23 91
54 84 91 25 83 96 80 90 7 73 96 80 70 56 5 32 8 36 79 77 73 75 52 70 3 49 96 76 29 31 6 46 60 24 21 5 63 98 81 75 38 46 92 82 47 38 35 71 28 57
65 82 2 17 49 85 36 39 6 77 96 63 64 38 18 5 92 75 63 14 97 89 94 23 84 1 73 87 32 51 60 64 25 20 79 4 6 44 8 51 95 12 29 96 24 31 52 82 40 83
16 58 65 49 47 33 65 97 12 9 38 38 97 93 30 40 22 17 85 23 2 63 7 76 68 16 35 50 48 9 15 48 87 94 42 65 5 82 23 44 43 40 65 34 12 83 42 5 10 79
74 81 48 65 29 2 74 94 93 3 81 88 32 33 63 15 64 6 4 31 89 29 88 96 17 37 9 90 7 95 48 1 42 80 25 93 38 13 21 89 31 37 39 76 55 48 67 94 89 95
46 48 40 41 44 44 85 78 11 83 81 89 16 44 1 12 13 23 55 93 71 49 63 90 47 57 96 43 7 64 15 6 6 2 57 72 56 71 39 6 96 79 41 60 99 56 17 6 83 34
11 59 69 86 72 99 78 65 30 32 2 41 93 20 73 57 69 23 95 77 2 96 73 83 29 24 67 97 21 64 58 27 3 47 43 93 52 44 57 48 29 10 21 95 37 28 69 53 37 9
79 19 54 13 93 78 29 48 81 34 23 42 8 64 10 79 12 88 11 80 80 54 64 91 91 52 96 25 74 45 18 6 37 23 81 41 91 74 71 16 40 63 38 43 71 39 66 46 38 87
88 11 90 43 87 78 53 1 93 92 10 44 94 99 53 98 81 41 36 90 48 72 56 25 89 30 27 73 94 16 5 94 56 7 71 89 34 66 26 58 81 13 91 66 15 27 41 87 78 37
4 30 52 29 40 72 12 13 60 16 19 66 85 97 37 3 20 25 66 33 13 51 68 9 79 23 91 2 63 45 50 12 27 99 42 89 82 98 20 22 24 7 17 21 79 98 88 55 72 65
79 43 96 90 33 10 62 23 16 41 56 81 90 96 9 52 42 39 38 25 65 26 52 97 71 33 93 75 16 30 18 71 87 44 3 24 19 36 51 98 50 90 7 28 36 98 35 53 52 90
79 27 85 78 84 99 66 73 43 76 36 13 96 87 7 45 6 69 49 81 10 24 43 59 30 98 15 49 97 4 51 47 97 21 54 21 41 90 56 15 10 62 37 30 73 34 42 19 8 63
65 27 36 22 94 97 4 93 35 54 11 19 46 81 34 14 63 94 56 15 98 79 28 52 56 57 29 56 16 70 43 96 11 82 8 33 37 50 30 4 56 41 3 91 13 90 42 36 40 63
83 44 33 68 54 36 6 42 67 3 62 13 97 88 57 13 46 15 58 51 55 3 30 50 48 56 13 8 62 11 1 18 66 32 12 36 72 26 53 8 60 5 37 29 85 99 83 47 49 9
32 23 25 44 87 1 59 65 38 34 58 27 22 43 92 82 67 94 4 42 80 87 16 48 97 62 20 72 67 87 20 21 77 16 32 55 15 52 6 43 35 32 74 75 33 67 35 78 62 33
68 81 61 65 66 97 24 86 63 59 83 23 59 10 53 83 60 80 1 16 9 27 56 87 66 27 43 46 45 39 89 70 74 78 24 28 33 25 35 11 2 98 73 68 39 66 21 3 49 33
97 86 24 91 36 39 34 23 56 78 86 11 41 25 38 36 81 36 99 27 5 73 28 14 63 99 2 88 14 91 81 64 11 81 83 5 51 3 40 3 43 43 33 95 41 63 98 34 12 26
10 68 26 80 14 75 96 82 65 3 63 55 87 48 36 7 24 9 72 50 32 30 64 96 42 73 48 93 98 54 30 67 37 23 34 30 78 25 96 67 73 49 27 63 50 65 97 64 21 88
57 32 92 54 8 29 81 69 49 66 49 11 5 56 33 92 29 18 34 55 97 47 29 66 32 23 82 71 17 43 67 84 21 42 59 54 64 65 30 81 77 22 74 75 36 92 51 58 5 38
57 8 75 20 85 86 79 89 61 19 57 39 99 33 22 17 64 43 99 61 70 43 50 23 21 6 23 87 19 6 74 27 8 56 99 83 69 67 16 5 46 6 62 34 93 39 71 69 35 77
36 89 57 79 54 68 43 43 36 23 4 41 26 14 43 65 8 57 94 87 2 56 96 60 33 84 73 25 53 78 29 13 56 61 21 19 86 35 61 4 7 18 73 29 2 84 81 79 50 89
2 95 63 66 50 84 96 85 80 69 30 26 79 49 92 54 4 44 51 65 91 60 44 63 38 27 68 37 90 93 95 33 47 83 41 4 32 40 91 54 25 29 30 45 5 91 35 91 23 66
45 24 31 1 90 12 8 38 75 10 38 94 18 88 93 69 9 20 54 58 12 80 64 40 93 10 3 36 19 4 94 13 84 72 56 10 65 79 33 54 12 73 15 6 58 65 75 59 75 80
3 2 39 57 75 52 61 17 78 96 49 72 61 79 69 60 21 85 7 69 76 59 17 49 34 94 33 95 74 59 98 17 56 50 38 68 77 22 9 38 56 29 72 73 91 42 47 68 24 67
87 72 51 82 55 31 65 20 85 6 88 70 49 85 93 82 27 38 29 62 18 1 99 28 9 79 55 66 97 42 43 78 81 63 39 48 74 8 95 75 51 19 14 93 79 81 26 87 96 92
15 30 45 51 18 30 4 52 13 60 72 59 57 54 12 3 17 54 66 25 88 94 55 85 83 80 42 73 89 88 83 5 13 22 46 92 25 38 5 20 34 75 63 91 8 33 42 43 78 92
84 72 20 2 12 30 97 32 24 30 61 86 28 89 57 75 70 44 79 82 69 24 31 30 62 33 35 89 7 96 41 84 6 38 77 84 27 54 58 42 13 38 81 1 59 86 37 58 69 10
40 76 40 50 75 11 46 48 2 23 28 16 72 16 97 57 20 91 32 28 92 4 68 92 5 91 51 88 33 46 44 84 63 29 93 97 79 41 26 45 6 69 21 52 38 40 26 8 13 16
10 70 68 38 84 20 31 52 66 49 2 82 68 30 27 56 12 6 61 68 79 61 99 28 91 43 26 19 70 30 63 96 79 97 3 29 75 31 68 92 1 35 67 88 77 78 30 10 23 83
76 37 42 49 30 25 28 45 59 19 67 47 35 98 32 82 9 88 28 72 87 61 48 43 5 50 22 64 13 72 27 41 60 11 23 44 99 39 23 27 59 3 17 47 2 35 8 63 10 51
10 68 46 71 19 10 53 44 71 32 21 28 23 39 10 95 21 55 78 25 18 46 52 35 83 80 63 12 41 7 60 73 59 37 30 90 87 83 72 72 79 69 76 69 64 57 85 90 7 51
50 97 7 19 59 32 72 6 21 23 86 16 25 33 95 61 47 75 9 9 34 70 23 3 38 37 77 2 23 34 8 16 75 35 2 57 60 79 15 50 26 20 99 13 69 44 93 11 59 97
19 22 44 28 23 65 75 9 10 20 72 78 51 89 61 46 23 57 13 49 97 67 24 44 81 2 24 1 55 44 63 89 29 85 9 65 23 1 88 88 99 56 75 81 77 22 77 95 81 40
73 72 13 77 85 46 93 91 37 72 5 23 13 40 64 18 67 45 52 73 63 12 39 65 9 45 10 1 24 50 70 74 88 50 13 94 5 59 29 79 96 69 66 13 63 34 33 99 73 62

Demandas:
0 0 0 1 0 0 0 0
0 1 0 0 0 0 0 0
0 1 0 0 0 0 0 0
0 0 0 0 1 0 0 0
0 0 0 0 0 0 1 0
1 0 0 0 0 0 0 0
0 0 0 0 0 1 0 0
0 0 0 0 0 0 1 0
0 0 0 0 1 0 0 0
0 0 0 1 0 0 0 0
0 0 0 0 1 0 0 0
0 0 0 0 1 0 0 0
0 0 0 0 0 0 1 0
0 0 0 0 0 0 0 1
0 0 0 0 0 0 1 0
0 0 0 0 0 1 0 0
0 1 0 0 0 0 0 0
0 1 0 0 0 0 0 0
0 0 0 0 0 0 1 0
0 0 0 0 0 1 0 0
0 0 0 0 1 0 0 0
0 0 0 0 0 1 0 0
0 0 0 1 0 0 0 0
0 0 1 0 0 0 0 0
0 0 0 0 0 1 0 0
0 0 0 0 0 0 0 1
1 0 0 0 0 0 0 0
0 0 0 0 0 0 1 0
0 0 1 0 0 0 0 0
0 0 0 0 1 0 0 0
0 1 0 0 0 0 0 0
0 0 0 0 0 1 0 0
0 0 1 0 0 0 0 0
1 0 0 0 0 0 0 0
0 0 0 0 0 1 0 0
0 1 0 0 0 0 0 0
0 0 0 0 1 0 0 0
0 0 0 0 1 0 0 0
0 0 0 0 1 0 0 0
0 1 0 0 0 0 0 0
0 1 0 0 0 0 0 0
0 0 0 0 1 0 0 0
0 0 0 0 0 0 0 1
0 0 0 0 0 0 1 0
0 0 0 0 0 1 0 0
0 0 0 0 1 0 0 0
0 0 1 0 0 0 0 0
0 0 0 1 0 0 0 0
0 0 0 0 0 0 0 1
0 0 0 0 0 0 1 0
0 0 0 0 1 0 0 0
1 0 0 0 0 0 0 0
0 1 0 0 0 0 0 0
0 0 0 0 0 0 0 1
0 0 0 0 0 1 0 0
0 0 1 0 0 0 0 0
0 1 0 0 0 0 0 0
0 0 0 0 1 0 0 0
0 0 0 1 0 0 0 0
0 0 0 0 0 0 1 0
0 0 0 0 1 0 0 0
0 0 0 0 0 0 1 0
1 0 0 0 0 0 0 0
0 0 0 0 0 0 0 1
0 0 0 0 0 1 0 0
0 0 0 0 0 1 0 0
1 0 0 0 0 0 0 0
0 0 0 0 0 1 0 0
0 0 0 1 0 0 0 0
0 0 0 0 0 1 0 0
1 0 0 0 0 0 0 0
0 0 0 0 1 0 0 0
0 1 0 0 0 0 0 0
1 0 0 0 0 0 0 0
0 0 1 0 0 0 0 0
0 0 0 0 0 1 0 0
0 0 0 0 0 0 0 1
0 0 1 0 0 0 0 0
0 0 0 0 1 0 0 0
1 0 0 0 0 0 0 0
0 0 1 0 0 0 0 0
0 0 0 0 1 0 0 0
0 0 0 0 1 0 0 0
0 0 0 0 1 0 0 0
0 0 0 0 1 0 0 0
0 0 1 0 0 0 0 0
0 0 0 1 0 0 0 0
0 0 0 0 0 0 1 0
0 0 0 0 0 0 1 0
0 0 0 1 0 0 0 0
0 0 0 0 1 0 0 0
0 1 0 0 0 0 0 0
0 0 0 1 0 0 0 0
1 0 0 0 0 0 0 0
0 0 1 0 0 0 0 0
0 0 0 0 0 0 0 1
0 0 0 0 0 0 0 1
0 0 0 0 1 0 0 0
0 0 0 0 0 0 1 0
0 1 0 0 0 0 0 0
0 1 0 0 0 0 0 0
0 0 0 1 0 0 0 0
1 0 0 0 0 0 0 0
1 0 0 0 0 0 0 0
0 1 0 0 0 0 0 0
0 0 1 0 0 0 0 0
0 0 0 0 0 0 1 0
0 0 0 0 1 0 0 0
0 0 0 0 0 0 0 1
0 0 0 1 0 0 0 0
0 0 0 0 1 0 0 0
0 0 0 0 0 0 0 1
0 0 0 0 0 0 0 1
0 0 0 0 0 1 0 0
0 0 1 0 0 0 0 0
0 0 0 0 0 0 0 1
0 0 1 0 0 0 0 0
0 0 0 0 0 0 0 1
0 0 0 1 0 0 0 0
0 0 0 0 0 0 0 1
0 0 0 0 0 1 0 0
0 0 0 0 0 1 0 0
0 1 0 0 0 0 0 0
1 0 0 0 0 0 0 0
0 0 0 0 1 0 0 0
0 0 0 0 1 0 0 0
0 0 0 0 0 0 0 1
0 0 0 0 0 0 1 0
0 0 0 0 1 0 0 0
0 1 0 0 0 0 0 0
0 0 1 0 0 0 0 0
0 0 0 0 0 0 0 1
0 0 0 0 0 0 0 1
0 0 0 1 0 0 0 0
0 1 0 0 0 0 0 0
0 0 1 0 0 0 0 0
0 0 0 0 1 0 0 0
0 0 0 0 1 0 0 0
1 0 0 0 0 0 0 0
1 0 0 0 0 0 0 0
0 0 0 0 0 0 1 0
0 1 0 0 0 0 0 0
0 0 1 0 0 0 0 0
0 0 0 1 0 0 0 0
0 0 0 0 1 0 0 0
0 0 0 0 0 0 0 1
0 0 0 0 0 0 0 1
0 0 0 0 1 0 0 0
0 0 1 0 0 0 0 0
0 1 0 0 0 0 0 0
0 1 0 0 0 0 0 0
0 0 0 0 0 1 0 0
0 0 0 1 0 0 0 0
1 0 0 0 0 0 0 0
0 0 1 0 0 0 0 0
0 0 0 0 0 1 0 0
0 0 0 0 0 1 0 0
0 0 1 0 0 0 0 0
0 1 0 0 0 0 0 0
0 0 0 0 0 0 1 0
0 0 0 0 0 0 0 1
0 0 0 1 0 0 0 0
0 0 0 0 1 0 0 0
0 0 0 0 0 0 0 1
1 0 0 0 0 0 0 0
0 0 0 0 1 0 0 0
0 0 1 0 0 0 0 0
1 0 0 0 0 0 0 0
0 0 0 0 0 0 1 0
1 0 0 0 0 0 0 0
0 0 0 0 0 0 1 0
0 0 0 1 0 0 0 0
0 0 0 1 0 0 0 0
0 0 1 0 0 0 0 0
0 1 0 0 0 0 0 0
1 0 0 0 0 0 0 0
0 0 0 1 0 0 0 0
0 0 1 0 0 0 0 0
0 0 0 0 0 0 0 1
0 0 0 0 0 1 0 0
0 1 0 0 0 0 0 0
0 0 0 1 0 0 0 0
0 0 1 0 0 0 0 0
0 0 0 1 0 0 0 0
0 1 0 0 0 0 0 0
0 0 0 1 0 0 0 0
0 0 1 0 0 0 0 0
0 0 0 0 0 1 0 0
1 0 0 0 0 0 0 0
0 0 0 1 0 0 0 0
0 1 0 0 0 0 0 0
0 0 0 0 0 0 0 1
0 0 0 0 1 0 0 0
1 0 0 0 0 0 0 0
0 0 0 0 0 1 0 0
0 0 0 0 0 1 0 0
0 0 0 0 0 0 0 1
0 0 0 1 0 0 0 0
0 0 0 0 1 0 0 0
0 0 0 0 0 0 0 1
0 0 0 0 0 1 0 0
0 0 0 1 0 0 0 0
0 0 0 0 0 1 0 0
0 1 0 0 0 0 0 0
0 0 0 0 1 0 0 0
0 0 0 0 0 1 0 0
0 0 0 0 1 0 0 0
0 0 0 0 1 0 0 0
0 0 0 1 0 0 0 0
0 0 0 0 0 0 0 1
0 0 1 0 0 0 0 0
0 0 0 0 1 0 0 0
0 1 0 0 0 0 0 0
0 0 0 0 0 0 1 0
0 0 0 0 0 0 1 0
1 0 0 0 0 0 0 0
0 1 0 0 0 0 0 0
0 0 0 0 0 0 1 0
0 0 0 1 0 0 0 0
0 0 0 0 0 0 0 1
0 0 1 0 0 0 0 0
0 0 0 0 0 1 0 0
0 0 0 0 0 0 1 0
0 0 0 0 0 0 1 0
0 0 0 1 0 0 0 0
0 0 0 0 0 1 0 0
0 0 0 0 0 1 0 0
0 0 0 1 0 0 0 0
0 0 0 1 0 0 0 0
0 0 0 0 0 1 0 0
0 0 1 0 0 0 0 0
0 1 0 0 0 0 0 0
0 0 0 0 0 0 0 1
0 1 0 0 0 0 0 0
0 0 1 0 0 0 0 0
0 0 0 1 0 0 0 0
0 0 0 0 0 0 0 1
0 0 0 0 1 0 0 0
0 1 0 0 0 0 0 0
1 0 0 0 0 0 0 0
1 0 0 0 0 0 0 0
1 0 0 0 0 0 0 0
0 0 0 0 1 0 0 0
0 0 0 0 0 1 0 0
0 0 0 0 0 0 1 0
0 0 0 1 0 0 0 0
0 0 0 0 1 0 0 0
0 0 0 0 0 0 0 1
0 0 0 1 0 0 0 0
0 0 0 0 0 1 0 0

Capacidades:
4 3 1 0 4 2 1 2
2 4 2 2 2 0 1 4
0 1 3 3 1 0 3 1
3 3 2 3 1 2 4 3
3 0 1 3 4 0 0 4
4 1 1 2 1 2 0 4
4 1 0 1 2 3 4 0
1 3 1 3 3 2 3 3
4 2 3 2 1 0 2 2
3 0 2 3 0 4 1 1
3 1 0 3 4 1 4 2
2 2 1 1 4 2 1 2
3 0 4 2 3 0 2 3
1 3 4 1 3 4 0 3
3 1 0 2 3 4 1 2
4 4 3 4 4 3 3 0
1 2 4 4 4 1 3 4
3 3 4 4 2 2 3 2
1 1 1 1 4 1 4 3
1 1 4 1 1 3 4 2
2 0 2 0 2 0 1 3
4 4 4 2 1 0 4 0
3 3 2 4 2 1 0 4
0 4 1 2 1 3 4 1
3 1 4 0 0 2 2 1
2 0 0 2 4 0 2 4
1 2 0 4 2 2 2 2
3 1 4 4 0 3 3 4
0 4 3 1 0 1 3 1
3 0 2 1 2 2 1 2
2 1 3 4 0 4 2 3
4 3 4 4 1 1 3 2
1 0 1 4 4 0 2 4
1 1 1 4 0 0 4 2
4 0 0 3 4 1 1 2
2 1 3 2 4 2 0 3
1 1 4 0 3 0 3 0
0 3 2 4 1 2 2 3
4 2 2 1 1 2 4 2
4 3 2 2 4 4 4 1
2 1 4 3 4 0 4 2
0 4 4 0 1 3 0 0
3 0 4 3 2 3 3 0
1 3 4 3 4 2 1 0
0 3 1 4 1 1 0 1
2 1 2 0 0 1 0 4
2 4 2 0 4 2 3 1
2 2 1 4 1 4 3 0
1 4 2 1 4 0 1 1
1 1 4 3 3 1 1 4
