m: 250
n: 50
k: 7

Distancias:
27 78 47 65 23 58 3 5 36 61 21 95 43 27 23 35 90 27 1 68 67 43 40 57 78 58 42 32 52 73 63 18 53 50 44 87 14 96 16 88 35 69 76 41 50 30 57 16 7 59
49 75 58 1 7 12 7 28 87 94 63 71 39 26 7 2 18 10 64 6 56 51 80 78 16 96 49 16 79 57 18 7 77 53 77 15 81 41 82 51 9 20 74 94 61 41 54 76 27 73
59 48 28 22 89 13 88 81 29 62 2 23 38 44 7 26 47 94 60 66 42 90 65 23 30 45 98 66 60 17 43 64 75 30 6 83 92 14 88 77 20 91 96 88 84 84 55 34 89 73
82 85 15 63 98 14 98 23 41 20 11 96 25 67 71 78 18 10 25 57 13 99 87 77 86 96 61 83 91 88 1 79 32 67 89 91 62 88 77 84 28 32 87 51 33 67 93 54 50 22
48 50 94 87 11 55 67 92 94 15 68 18 50 77 78 65 70 98 47 55 78 58 32 60 67 93 45 64 48 99 28 56 76 13 45 41 59 33 53 55 57 70 82 16 5 69 38 70 52 73
81 39 11 80 79 84 6 30 56 30 59 5 85 29 30 89 82 61 86 71 65 69 24 8 55 31 24 54 38 54 65 79 27 51 68 37 20 2 6 51 23 64 23 99 46 17 45 26 95 58
36 59 80 19 39 85 39 8 54 77 29 14 95 62 15 64 27 82 90 27 39 81 42 48 6 31 29 90 92 22 97 34 44 99 7 70 25 59 69 44 41 86 95 53 62 92 15 26 92 64
97 90 64 70 71 71 78 98 22 61 39 40 96 59 92 20 96 72 66 18 69 86 39 76 93 17 43 62 69 44 57 42 96 13 37 73 46 94 40 85 75 56 59 91 27 16 1 13 90 60
73 65 29 46 12 92 81 29 60 73 56 71 86 48 39 93 1 44 99 59 92 5 15 92 5 76 33 45 29 93 20 39 74 25 14 98 63 71 17 43 8 55 5 6 2 75 15 47 88 41
16 31 53 97 19 57 51 96 8 68 79 6 96 13 21 57 4 71 90 47 30 22 85 31 63 69 25 57 97 16 9 32 8 73 90 64 55 93 41 62 14 68 64 90 60 86 49 92 70 36
88 69 98 84 43 9 3 84 88 2 26 68 66 33 21 72 26 1 60 4 53 31 68 87 21 42 93 51 61 27 88 55 58 59 90 7 75 72 9 29 84 58 54 94 44 74 22 65 79 69
53 18 71 77 16 42 31 91 22 41 43 13 17 39 92 9 66 77 54 3 43 11 7 6 51 1 59 68 45 69 75 29 17 80 85 24 45 78 64 53 93 99 5 90 32 87 16 92 1 34
99 5 30 57 27 44 55 70 48 26 63 21 57 48 64 82 61 43 37 3 73 60 95 9 50 8 82 71 18 63 42 22 66 25 89 84 36 87 74 2 11 59 93 70 66 45 60 91 66 75
61 6 73 95 12 46 45 96 51 80 80 23 64 58 28 5 19 15 17 29 34 21 7 10 53 49 29 94 37 48 4 45 51 84 71 51 70 24 48 2 88 47 80 31 19 32 99 68 56 58
96 86 4 18 96 65 71 19 35 14 21 80 42 82 10 65 20 56 64 74 52 10 70 63 12 39 46 33 61 14 43 64 34 34 99 71 76 42 94 61 79 45 41 70 38 95 18 83 58 50
38 49 62 13 94 92 72 36 65 83 53 5 96 75 71 34 27 28 18 39 33 5 16 97 29 35 20 85 80 34 81 92 57 36 65 19 95 12 58 91 25 43 11 43 57 57 90 95 40 80
76 70 34 31 95 29 29 32 36 7 79 68 60 23 28 54 99 75 37 27 66 2 57 45 48 29 23 25 88 43 15 87 71 73 57 49 18 17 59 92 28 22 40 71 27 54 64 88 40 24
10 65 94 68 67 80 41 52 91 16 9 50 16 76 90 78 53 60 95 71 52 42 22 96 88 55 97 92 27 96 1 59 60 36 59 51 85 81 18 90 99 10 93 87 19 70 25 33 2 80
47 68 21 66 48 19 61 70 32 35 31 33 79 12 82 6 67 74 60 91 71 82 63 30 4 19 31 28 90 87 15 57 65 3 10 64 69 81 97 16 78 9 98 57 63 53 21 87 24 12
41 18 61 84 18 54 7 25 22 45 98 26 83 19 5 28 6 62 90 55 7 6 7 1 46 42 23 55 35 96 45 31 3 71 8 36 38 5 70 82 71 21 21 78 61 99 78 99 52 59
96 48 62 71 80 94 74 34 60 21 55 40 79 55 82 12 63 23 74 26 19 20 8 54 52 21 76 47 14 93 51 75 8 58 53 86 24 66 64 43 91 68 37 72 59 11 93 67 27 11
59 11 8 38 97 16 71 9 54 90 16 42 98 73 87 12 44 45 53 79 17 94 78 36 71 15 73 43 22 20 76 8 66 61 8 59 12 92 91 95 5 22 48 2 88 78 30 11 96 48
41 67 86 82 15 77 73 54 83 74 78 28 85 13 53 40 4 23 5 50 88 36 98 84 40 19 8 61 79 63 18 57 3 86 65 97 7 33 93 26 63 69 65 86 60 35 12 98 69 3
48 39 39 96 5 88 71 29 22 38 74 35 28 46 19 8 45 93 46 60 80 99 56 67 29 47 99 65 81 50 8 95 57 31 72 70 11 31 9 58 59 35 43 54 88 43 60 78 17 59
75 43 52 90 5 8 82 46 15 68 25 5 27 8 5 66 27 13 10 27 18 17 40 27 12 44 50 99 84 26 11 73 25 41 47 58 65 59 97 26 94 28 60 62 3 21 10 17 44 42
8 90 91 86 76 80 6 92 31 41 90 84 33 85 10 11 3 69 66 44 94 50 38 6 37 83 90 35 94 95 24 53 69 96 49 7 73 30 98 20 39 34 35 66 27 89 25 22 20 15
77 73 52 72 58 43 50 67 5 89 20 44 36 28 27 64 58 6 87 96 45 80 97 44 8 32 19 19 39 17 85 98 17 42 45 56 95 62 16 74 4 63 95 49 6 17 90 34 8 73
92 71 16 91 5 73 35 41 75 51 1 54 54 18 50 35 35 60 50 26 96 9 66 91 95 80 20 16 16 95 44 39 74 19 40 62 74 81 30 27 12 85 83 10 84 49 25 92 75 21
98 55 55 19 36 91 91 14 30 79 35 88 37 93 32 24 75 27 26 87 60 34 97 58 2 55 33 83 58 4 44 96 89 76 74 11 35 15 96 19 74 58 64 5 95 21 39 41 7 44
96 3 20 44 63 47 77 70 33 50 82 98 35 17 91 27 12 62 65 62 5 51 53 73 98 9 61 94 36 48 53 59 24 37 20 11 13 90 87 10 71 43 71 71 29 84 58 39 81 19
40 76 80 78 39 85 1 96 62 80 23 24 21 33 25 27 19 87 50 97 32 47 74 72 56 97 52 78 56 33 38 60 59 20 50 78 15 44 79 91 84 16 62 26 29 18 26 79 40 39
90 56 5 56 6 8 51 59 9 38 73 97 40 58 71 43 69 33 71 18 15 47 34 32 13 71 63 86 89 87 42 4 21 81 37 36 39 79 16 44 14 87 26 80 72 3 63 22 77 50
19 47 71 52 57 56 86 22 8 7 9 65 28 84 54 19 54 3 65 47 84 73 59 1 56 24 44 16 60 80 19 81 89 86 21 27 79 32 23 43 56 53 35 50 72 24 95 10 35 36
95 57 59 24 24 30 9 78 64 96 72 21 18 30 15 13 29 86 80 8 40 49 4 2 21 99 98 82 16 84 38 41 65 79 91 47 49 24 41 64 60 40 35 49 52 7 54 86 58 31
65 49 26 67 12 82 14 49 70 30 9 39 10 99 65 12 13 5 43 40 76 16 49 13 98 77 69 80 54 55 9 90 67 45 19 48 50 80 28 72 6 7 86 96 5 13 89 88 74 66
51 84 97 32 28 66 65 1 61 45 18 87 33 24 92 86 24 26 37 91 12 46 92 38 60 72 1 74 47 79 5 39 47 66 90 79 47 72 47 8 66 49 69 66 62 81 17 9 75 85
17 49 24 55 12 65 13 62 3 51 13 3 52 9 47 31 30 64 70 73 60 23 37 55 32 33 67 23 37 33 60 52 81 30 85 38 12 8 71 95 92 32 99 13 11 57 13 12 57 48
91 6 18 73 77 66 14 32 72 24 34 68 44 73 27 97 39 56 4 34 30 84 4 47 21 9 87 84 71 38 45 58 12 91 57 24 44 20 62 68 10 1 53 53 1 27 5 55 90 10
24 83 98 74 53 77 11 28 55 24 57 52 6 53 35 93 99 29 53 60 30 1 6 74 74 9 41 93 1 57 57 38 84 37 16 60 82 20 13 76 80 78 1 82 11 38 30 2 72 58
35 24 60 85 71 15 29 45 93 55 88 73 16 28 22 10 9 53 82 18 47 80 26 69 42 4 82 71 67 96 96 58 4 52 57 64 4 46 64 23 84 78 2 10 30 46 80 74 86 22
80 76 42 6 83 31 61 75 37 61 13 16 78 1 81 16 52 46 23 74 21 62 38 63 70 55 52 34 4 22 74 84 94 78 12 36 90 62 66 11 51 16 68 55 33 91 20 49 39 5
9 57 82 15 23 46 44 72 50 16 23 8 59 19 91 60 28 32 37 64 60 11 50 81 80 93 16 4 55 22 4 12 69 99 15 12 42 43 10 18 93 85 4 74 57 34 30 51 84 4
17 44 54 47 52 19 88 1 31 84 81 35 38 63 13 31 84 14 20 10 49 12 92 91 89 9 61 30 59 74 99 45 5 78 67 54 12 73 65 51 36 65 75 95 53 52 2 87 50 64
31 94 30 83 42 54 72 74 46 56 81 55 35 43 45 22 27 22 11 51 14 72 71 37 73 77 30 91 11 22 24 65 76 70 32 43 85 82 52 45 20 22 34 28 75 22 1 4 26 69
2 80 31 38 84 60 55 55 39 5 61 61 91 66 86 79 27 93 37 42 99 9 2 37 34 23 27 29 56 75 39 98 28 17 74 14 72 37 20 83 67 70 62 37 9 49 78 59 73 21
77 55 31 53 43 28 2 19 30 34 70 47 72 37 39 39 71 46 74 64 28 89 48 79 59 60 57 61 61 32 95 83 76 14 30 74 95 92 76 73 15 64 37 57 59 62 53 41 90 8
71 88 13 89 59 25 72 44 78 65 20 31 40 5 67 93 21 32 92 91 77 87 94 87 63 54 62 91 59 30 72 79 80 47 70 50 7 61 84 89 64 99 22 33 70 62 4 6 34 70
78 86 98 8 14 53 48 24 21 52 1 96 38 75 68 41 44 60 94 16 35 53 28 79 41 54 58 83 97 38 37 75 25 11 76 25 55 30 17 38 77 60 29 79 97 26 26 69 61 19
49 63 89 2 12 55 62 66 24 3 99 78 64 47 57 29 86 9 87 31 81 87 73 24 45 69 39 96 89 64 10 43 84 73 65 89 2 98 51 50 49 11 45 63 32 27 74 50 19 37
31 8 14 73 41 12 70 91 87 31 85 11 25 24 54 69 83 17 75 91 49 94 5 91 34 79 81 2 42 47 48 85 82 7 22 29 20 74 98 65 17 3 10 48 2 11 85 76 52 64
83 13 90 43 34 25 80 32 53 66 88 79 49 97 25 77 97 72 56 63 71 73 19 9 70 73 96 85 27 28 61 21 86 67 30 12 70 79 46 25 76 24 54 1 11 41 99 44 63 65
64 17 22 20 98 91 27 89 44 32 31 18 88 70 13 51 19 18 30 81 4 78 44 57 27 3 36 64 71 60 73 15 12 50 29 9 85 9 47 19 41 52 2 67 46 24 55 26 83 78
33 20 44 14 45 26 52 71 64 39 21 74 55 46 21 44 85 40 69 27 37 67 14 2 27 9 73 78 41 49 96 62 22 95 87 74 38 67 17 25 61 69 42 28 79 51 19 78 82 13
41 25 39 51 68 78 50 21 47 63 33 69 56 28 20 52 88 40 99 63 88 48 16 47 14 74 36 57 32 98 37 18 40 17 66 43 97 43 85 91 15 86 82 55 41 14 29 62 9 90
74 66 40 9 42 98 82 55 47 57 15 46 26 45 52 27 33 4 81 99 43 36 12 73 3 22 30 4 85 24 45 52 27 25 30 37 59 79 21 90 16 72 86 86 71 87 36 83 74 26
36 13 48 18 54 64 47 23 91 22 51 65 92 4 45 36 43 48 39 68 70 50 7 57 27 85 8 48 75 2 30 81 47 90 76 35 39 95 53 6 20 84 54 90 7 52 84 22 84 73
14 87 69 55 5 71 69 41 34 40 11 65 12 88 22 30 22 32 83 54 99 3 22 35 73 49 48 42 40 1 48 88 45 79 95 1 18 56 80 84 46 30 45 74 26 37 20 88 55 32
10 34 35 39 1 28 56 88 31 48 49 59 67 15 53 95 82 14 43 43 79 43 71 29 26 23 71 5 50 78 85 36 4 48 87 3 10 19 56 54 79 87 97 3 59 73 68 95 60 45
97 81 99 62 16 82 12 83 85 54 76 40 19 29 16 13 33 57 68 71 86 95 78 27 20 58 41 57 75 93 81 38 99 59 51 61 53 52 81 74 51 22 74 21 88 13 82 17 62 59
65 67 8 27 98 67 40 84 21 44 84 91 82 42 68 66 40 4 40 68 15 51 65 54 26 37 72 91 66 70 8 62 26 7 79 14 8 44 11 46 2 49 50 41 87 50 92 52 17 86
69 86 93 12 89 91 86 90 20 32 15 11 75 81 69 31 82 51 72 15 10 29 19 77 60 96 41 18 81 11 9 92 30 38 51 44 92 58 99 90 46 17 33 88 80 32 85 12 97 6
47 94 54 1 95 93 88 62 86 25 67 15 38 82 65 30 63 57 73 42 39 92 78 48 10 71 25 98 71 39 69 49 58 27 93 48 73 24 97 83 44 71 27 89 29 30 32 82 93 3
80 53 8 18 41 5 15 67 26 49 2 98 66 11 83 23 16 43 29 55 1 87 94 9 7 85 41 56 14 30 86 83 87 24 81 4 53 16 23 21 77 29 85 43 63 32 46 2 19 97
75 98 17 76 74 4 81 16 9 60 72 68 10 30 49 79 8 29 43 24 65 30 78 4 58 54 6 77 30 42 39 13 44 13 18 97 43 46 2 10 71 66 73 35 77 34 70 2 7 28
43 42 87 10 38 6 62 69 13 45 76 65 88 5 9 51 9 69 41 90 83 24 24 41 46 34 22 4 75 61 30 87 12 94 19 75 49 98 20 82 78 56 63 8 64 34 5 71 69 86
41 48 36 68 2 94 12 57 23 82 17 19 34 34 87 85 6 46 63 25 3 56 32 34 77 74 81 83 81 89 10 43 68 23 52 70 82 62 58 17 60 68 45 45 24 30 7 55 48 26
65 99 19 32 5 24 97 57 42 60 81 8 90 70 50 96 33 39 49 31 72 10 4 65 51 8 81 84 17 69 6 68 68 56 53 81 87 4 14 30 94 30 64 90 54 41 52 94 65 29
98 47 87 49 46 98 86 56 81 23 21 98 8 49 13 53 59 83 52 57 12 38 29 47 36 46 56 12 18 71 95 83 83 33 13 58 25 19 10 57 89 28 95 87 31 87 10 61 31 35
42 33 56 2 3 67 13 57 76 94 9 88 4 90 58 81 81 40 8 41 50 14 77 79 34 93 56 6 83 15 37 60 37 55 88 3 45 20 28 70 30 81 22 55 83 66 78 5 84 81
83 82 81 65 74 44 66 79 43 19 9 16 44 77 50 91 83 95 46 67 65 29 62 55 25 61 50 74 91 79 69 82 45 48 17 80 74 18 46 8 28 8 80 54 38 4 66 70 28 57
95 80 9 94 88 1 13 39 36 73 28 76 55 35 36 77 51 66 14 82 56 92 98 8 66 9 50 44 67 82 11 73 33 74 9 65 81 35 61 56 83 11 59 47 6 48 65 13 35 82
66 21 44 96 74 59 69 93 26 84 77 49 33 39 62 84 28 24 24 15 52 37 27 4 7 10 68 29 40 43 94 52 43 55 88 33 43 52 6 57 97 27 81 10 15 44 81 56 53 24
12 40 66 86 36 41 42 65 39 2 19 52 9 77 65 19 63 73 38 3 57 84 64 31 34 52 61 65 31 46 5 27 92 34 84 76 61 52 35 62 36 53 16 73 73 30 72 73 77 1
20 35 44 66 30 54 71 95 67 77 36 56 31 3 77 69 28 61 64 32 77 78 43 99 88 68 93 4 63 4 96 13 83 52 24 24 96 25 30 65 32 44 91 65 44 58 47 83 60 78
8 38 88 39 50 96 97 2 24 56 17 76 22 79 67 77 3 61 17 23 72 1 28 17 3 78 70 82 41 59 39 93 35 81 60 10 26 23 45 26 60 65 33 35 25 70 81 22 37 58
96 8 82 25 12 5 63 39 96 91 51 80 2 40 26 55 1 19 95 31 90 13 52 10 6 32 48 66 29 85 41 76 13 85 32 5 84 63 10 8 68 63 42 95 15 43 23 40 37 61
87 9 70 98 97 13 47 36 26 25 12 72 75 25 99 63 13 92 18 24 87 11 20 53 63 78 82 89 37 87 36 58 50 1 80 80 46 74 37 71 17 42 99 7 38 74 96 80 13 33
23 41 64 24 65 29 77 14 64 33 11 52 58 42 61 87 66 57 1 56 44 94 57 3 27 89 41 72 11 78 68 37 74 4 52 90 40 66 17 70 59 82 93 99 57 68 97 68 21 68
94 85 63 8 97 57 2 46 25 10 81 99 27 88 65 69 44 55 83 91 51 3 83 71 66 8 3 81 45 77 39 72 39 17 71 35 20 17 77 71 24 4 60 18 25 43 60 98 75 66
66 24 93 67 23 5 54 34 8 27 85 34 85 60 27 27 86 87 40 52 2 35 39 61 96 69 5 75 12 23 3 87 93 76 37 57 18 10 19 83 96 24 13 1 32 37 57 20 55 57
17 62 94 29 18 86 53 39 32 27 43 18 8 85 16 38 69 45 87 12 27 81 73 50 8 33 92 47 6 25 10 12 36 39 10 37 56 30 22 97 15 92 15 2 55 22 34 64 2 49
15 18 72 77 22 19 12 27 27 5 61 25 29 94 2 36 56 15 31 9 61 57 38 64 85 88 1 4 69 3 92 48 57 50 23 6 15 18 8 1 18 12 23 6 58 22 80 2 85 77
45 87 22 23 22 79 74 63 43 41 8 18 36 15 72 86 14 45 77 15 69 45 13 83 56 86 94 3 31 15 87 25 59 43 24 18 26 90 1 25 97 47 94 51 9 63 48 11 7 78
42 20 33 14 91 50 23 31 39 99 9 9 34 57 73 75 86 25 11 62 67 48 3 77 11 47 44 59 70 94 79 61 85 40 11 44 21 68 41 50 51 96 79 80 8 1 12 92 13 70
63 42 39 76 77 11 97 93 88 38 32 51 23 7 25 12 28 65 71 37 32 17 30 76 66 76 98 1 90 62 54 37 89 40 71 77 22 43 14 52 86 36 19 40 54 71 25 92 29 27
95 67 92 15 20 62 56 48 62 15 81 2 93 71 29 80 17 30 20 71 84 94 34 15 67 71 82 13 30 5 53 9 98 49 43 36 50 13 35 23 48 83 13 7 87 54 72 73 95 77
53 55 50 41 17 35 64 62 3 55 71 99 47 13 78 28 52 60 89 21 19 53 13 90 68 86 45 43 32 31 18 11 26 82 20 7 90 74 39 41 46 12 14 10 84 30 31 97 39 43
14 43 27 40 35 99 49 79 55 48 65 50 68 46 2 44 28 96 90 64 99 74 63 49 24 65 2 13 3 13 35 7 22 10 74 40 69 38 74 1 72 11 62 17 30 82 79 52 93 7
86 84 65 49 74 71 81 82 8 49 58 51 59 57 10 62 66 66 77 36 98 83 26 56 79 33 80 81 86 82 6 79 64 58 54 12 35 82 22 95 19 38 54 87 4 17 13 82 71 51
95 67 25 47 32 95 71 47 33 8 58 50 97 13 66 63 91 52 8 64 55 97 14 52 10 76 17 78 27 50 47 24 19 93 20 57 23 27 88 96 40 1 29 72 27 85 42 16 34 37
97 97 96 53 19 52 60 83 47 43 30 11 13 25 52 29 35 83 7 99 32 51 24 25 50 52 57 41 8 66 72 77 47 53 52 15 58 11 31 80 1 78 85 43 72 76 12 37 21 31
15 12 9 43 40 6 32 87 72 39 46 50 85 78 39 37 72 4 9 79 92 74 69 58 52 62 40 39 7 18 94 77 71 59 12 47 28 27 86 45 61 37 28 83 45 83 69 16 88 89
23 24 52 55 50 87 71 31 46 27 66 87 10 70 76 98 40 99 84 67 37 57 68 73 73 14 9 35 70 24 72 18 97 48 69 13 24 52 18 59 29 91 94 81 38 87 62 71 35 37
89 36 43 17 63 29 50 24 82 70 70 91 4 40 99 95 94 62 35 7 93 87 88 20 20 97 39 88 76 35 43 97 58 62 41 70 95 64 43 87 73 72 70 79 20 71 3 78 42 27
13 4 38 18 26 91 91 77 1 92 93 40 26 73 79 81 92 41 92 82 37 44 59 96 11 87 1 7 14 45 79 70 54 66 91 3 11 34 73 9 96 56 70 18 30 38 45 85 56 28
28 98 6 75 20 19 31 89 56 99 97 57 11 68 58 60 3 53 49 41 42 60 17 46 98 88 64 55 30 14 44 66 75 15 55 59 67 79 10 14 97 9 87 36 97 1 63 97 81 4
76 16 35 78 90 26 38 41 22 96 8 4 89 10 98 90 25 91 45 63 50 36 27 83 6 90 31 56 78 43 71 14 64 33 66 19 89 52 32 69 13 55 86 9 77 77 94 47 40 8
63 51 52 66 21 90 91 52 81 45 7 66 85 17 39 29 54 17 26 15 42 32 17 95 35 98 40 89 35 13 56 38 2 7 50 95 60 17 53 37 79 97 6 31 88 37 67 9 42 18
89 12 67 63 75 31 69 7 58 54 84 11 84 10 83 19 54 36 85 10 96 52 39 46 41 78 19 89 46 86 51 40 44 70 28 3 74 21 36 8 78 21 84 28 32 90 78 95 12 55
78 94 21 47 10 76 34 53 77 72 77 48 44 59 49 71 3 31 82 54 11 44 79 89 85 22 31 99 3 83 24 44 48 64 81 38 8 27 18 45 40 70 35 99 30 61 73 54 2 63
12 23 1 87 41 10 53 95 89 6 89 98 39 11 54 11 16 39 74 57 51 62 30 27 56 51 32 79 64 5 14 5 22 67 5 12 52 68 99 14 41 68 90 24 29 56 47 51 44 96
7 11 79 62 25 33 81 98 69 34 16 24 86 19 3 19 49 55 16 76 4 64 67 93 68 39 28 2 83 39 42 90 59 15 66 6 36 47 67 32 74 43 10 39 31 1 56 33 56 48
49 4 70 67 48 94 54 51 18 27 8 81 39 34 1 17 46 60 56 76 39 33 57 89 91 11 8 63 18 93 76 52 74 98 63 91 57 28 57 93 84 4 2 61 25 64 97 62 89 9
41 49 16 24 79 6 30 41 94 84 2 66 41 70 86 50 71 75 80 43 52 24 94 41 8 7 72 75 13 62 80 7 85 91 51 43 25 12 68 20 11 77 36 98 49 82 10 87 91 17
14 69 81 90 41 17 51 66 31 79 81 1 65 64 49 57 27 11 96 66 8 80 53 87 84 92 99 98 90 36 75 96 88 66 12 90 14 45 67 80 74 68 37 20 70 95 12 20 78 44
9 44 21 97 63 69 96 50 73 10 16 29 25 26 18 3 72 63 54 50 98 18 37 7 37 97 92 17 19 97 64 93 10 69 80 11 25 69 75 94 37 6 21 13 61 26 58 59 61 6
46 71 60 65 1 53 23 32 11 22 47 71 8 38 37 46 1 87 23 76 83 41 54 55 53 66 31 21 81 40 40 37 13 43 81 40 18 36 23 62 80 12 69 78 95 56 77 73 14 82
6 92 77 39 50 11 51 77 21 47 6 70 89 54 82 9 7 94 14 17 83 45 52 63 37 20 15 23 69 70 48 23 20 25 66 79 1 60 19 14 2 81 16 96 88 42 45 80 49 78
96 79 27 83 3 63 67 10 58 23 61 44 98 38 48 15 96 13 51 55 29 83 23 95 8 1 55 70 45 90 95 23 43 88 92 47 37 63 78 33 78 90 64 60 8 16 28 96 47 91
8 12 77 56 5 84 28 96 69 35 68 58 83 84 77 47 68 31 99 47 92 3 48 61 52 97 68 41 35 48 48 25 86 66 95 63 40 1 91 93 80 31 56 51 59 28 27 29 31 77
74 92 14 26 39 94 7 33 54 16 48 37 6 39 45 89 80 80 67 91 36 27 55 82 66 70 30 56 46 22 21 54 76 86 43 81 44 26 77 70 44 94 60 16 17 87 66 47 82 78
25 80 43 75 19 72 37 13 43 88 56 26 42 2 57 29 37 36 39 26 20 73 94 97 34 9 35 83 77 48 45 21 84 90 78 77 92 2 58 98 81 10 61 63 18 97 57 73 77 26
84 6 83 76 97 64 16 25 78 81 59 88 76 69 13 97 70 93 72 18 49 98 60 43 14 55 66 8 40 5 97 39 49 62 19 31 17 47 58 13 9 54 7 2 54 49 62 5 1 76
83 64 76 48 26 34 23 27 39 18 82 38 76 74 66 8 82 27 12 14 90 9 92 82 81 75 10 38 44 51 19 60 53 94 24 3 97 5 73 55 20 8 70 55 16 69 13 79 28 40
92 8 48 50 32 96 82 89 32 6 71 90 94 23 57 14 12 74 1 87 92 27 2 9 27 34 43 73 66 15 67 39 63 13 23 82 86 18 40 69 18 66 49 57 5 87 97 6 59 16
27 80 55 65 41 76 22 53 98 68 88 3 53 77 39 34 36 53 28 81 87 27 80 57 2 45 68 94 19 31 97 57 94 12 17 29 19 60 59 7 19 14 46 31 59 21 3 27 20 15
58 98 27 68 99 49 16 10 95 32 70 17 51 53 64 9 10 88 32 66 83 51 53 73 95 54 26 81 10 98 62 4 92 73 89 6 83 70 65 14 87 66 13 93 68 42 67 81 41 95
13 41 29 19 5 76 59 99 84 23 39 71 46 98 81 34 19 44 9 85 29 14 27 73 90 23 23 95 68 74 63 87 87 54 36 56 97 94 79 44 96 73 73 6 13 96 48 62 50 4
12 58 15 39 78 57 84 39 87 73 21 86 47 36 59 70 14 67 62 92 65 19 44 23 65 64 14 39 32 64 57 39 99 7 36 5 86 26 68 98 69 12 83 91 87 18 47 40 23 37
6 39 39 8 31 5 25 69 45 69 14 66 7 67 23 91 35 37 67 11 33 88 58 9 47 80 30 7 69 91 97 81 91 67 17 20 30 67 61 76 87 72 88 37 41 90 10 82 71 62
3 78 70 49 12 93 12 95 99 25 58 47 37 37 84 43 91 12 58 55 28 12 76 85 89 80 41 36 80 82 13 47 50 38 28 41 13 32 26 86 39 64 39 38 11 68 75 20 5 76
94 11 73 22 63 84 72 35 61 87 49 26 43 67 94 16 31 1 23 47 79 32 93 61 71 56 11 98 98 95 11 6 23 61 59 61 15 75 2 43 75 6 76 4 92 64 42 81 14 96
35 26 85 70 75 92 38 79 50 55 49 83 29 4 30 35 87 7 85 47 7 62 64 4 17 77 24 12 85 52 92 83 34 74 11 22 22 19 84 74 30 66 69 56 96 78 85 3 50 7
41 76 22 22 11 28 75 50 33 81 43 89 40 2 2 41 28 80 17 88 31 85 87 87 3 78 19 70 94 84 43 38 25 97 93 55 88 65 71 67 16 17 9 28 74 68 48 30 14 57
45 57 40 11 99 51 71 51 53 6 5 32 76 33 17 64 89 22 80 89 91 82 77 16 99 25 2 61 46 71 61 70 58 83 91 83 30 5 42 14 1 92 11 31 82 62 70 1 52 8
15 18 82 1 79 79 25 60 20 24 39 85 93 28 32 36 67 10 71 86 7 56 11 27 42 37 91 6 73 12 54 95 54 33 18 9 7 7 68 88 67 88 74 45 66 94 32 55 28 67
36 73 52 66 44 68 12 32 76 34 93 39 72 82 84 60 6 5 68 79 59 12 34 19 46 52 71 83 78 55 38 71 75 57 68 34 8 19 60 4 68 21 28 6 3 70 7 78 78 46
15 37 12 19 89 8 2 37 51 84 22 84 23 69 77 91 34 89 39 23 14 28 64 81 40 35 63 34 71 63 18 30 96 58 67 1 3 12 42 86 11 67 45 83 24 17 40 14 25 66
96 94 19 97 47 19 49 46 79 86 88 17 98 54 75 23 53 18 47 56 17 47 15 64 41 68 51 51 31 91 83 13 66 62 38 45 66 45 51 78 53 18 23 46 80 55 23 29 31 9
55 4 24 12 92 47 18 16 74 96 43 29 45 74 94 20 27 76 79 23 21 70 67 11 73 34 78 11 28 77 61 48 59 95 44 54 57 92 4 12 7 48 76 81 28 96 39 85 28 44
8 48 45 67 35 89 44 19 80 53 7 88 25 61 89 41 88 23 66 29 64 92 58 9 83 26 92 43 38 60 72 90 39 87 51 5 8 21 85 94 8 54 50 76 20 54 64 13 80 60
26 24 4 5 97 10 28 15 58 69 48 26 45 38 42 24 78 29 81 25 38 20 13 42 50 21 75 50 62 24 80 23 10 64 66 56 4 42 86 80 15 85 28 14 96 46 43 98 82 36
6 31 7 43 83 99 60 85 59 95 61 85 79 31 53 81 76 38 39 28 43 39 26 72 93 7 15 69 72 7 22 92 76 1 86 81 94 19 62 4 3 49 59 51 77 89 92 23 20 95
28 91 93 36 18 16 26 23 26 42 94 22 58 96 56 91 76 55 98 6 39 77 31 79 15 82 10 5 50 44 8 83 75 29 37 53 55 47 87 57 51 96 34 5 63 96 21 45 45 46
64 95 82 37 45 59 60 44 94 40 26 90 55 53 88 66 23 18 98 74 14 30 43 69 44 35 26 3 50 53 19 46 4 91 51 63 45 95 52 7 30 73 72 18 37 23 33 48 51 84
93 31 45 12 66 55 50 64 76 62 46 11 26 5 41 88 99 58 81 18 88 69 49 45 88 77 20 88 81 35 54 14 83 22 99 43 71 4 31 48 65 15 82 17 48 51 48 89 6 90
12 44 73 86 3 85 91 66 76 35 46 19 40 43 75 96 39 20 21 28 40 62 30 93 40 93 20 58 94 61 24 3 79 64 30 23 47 83 10 93 16 51 4 9 16 47 47 36 19 81
73 10 58 73 58 95 72 64 39 24 65 43 20 74 98 85 97 7 21 66 2 10 17 10 37 67 43 68 36 39 21 12 24 41 76 15 50 36 61 18 59 98 26 31 73 68 58 20 67 30
96 94 90 84 1 53 54 90 50 17 28 76 46 50 79 48 43 54 96 97 34 19 2 95 95 48 62 35 42 80 67 20 48 94 6 93 38 29 34 82 73 73 74 21 31 79 97 26 38 55
85 7 47 17 61 53 95 72 92 28 43 40 30 24 91 48 40 66 26 95 98 82 77 64 64 67 17 75 51 92 70 39 3 15 55 89 84 90 41 33 88 10 62 48 73 12 75 73 53 81
10 38 39 59 31 29 25 28 2 6 4 67 32 86 45 42 61 31 92 58 52 56 83 32 98 97 45 31 99 76 56 20 95 46 5 87 10 62 18 53 27 84 57 68 97 7 21 57 73 69
8 57 58 9 39 75 55 16 87 17 57 72 49 86 49 31 57 71 27 84 56 89 11 29 37 71 87 20 9 97 43 27 33 24 38 56 25 5 41 72 49 21 15 67 18 68 35 8 98 36
88 83 84 76 61 22 28 75 6 5 6 15 42 50 27 99 74 92 30 30 61 17 36 98 13 1 79 25 86 55 25 96 59 49 78 14 24 59 62 89 89 28 58 25 73 82 82 67 44 10
96 18 61 84 21 55 27 80 57 72 32 34 42 72 23 7 31 51 23 67 39 83 26 78 8 52 45 66 88 90 69 57 73 49 44 54 93 93 58 28 55 40 66 54 59 1 5 29 86 84
43 30 51 27 18 98 75 53 47 50 14 34 84 27 11 97 49 5 73 25 31 2 18 11 62 56 54 48 3 57 48 74 82 33 87 69 63 51 99 37 26 90 1 58 33 71 97 40 4 35
76 56 98 13 53 41 49 44 40 59 49 74 42 67 65 36 43 75 41 50 28 35 95 57 96 44 59 49 19 86 70 85 72 84 16 57 20 89 65 91 63 86 43 47 8 6 53 69 96 36
22 10 32 57 92 76 45 76 79 2 46 59 46 76 25 73 14 93 52 78 19 46 59 12 34 37 38 52 33 69 54 36 13 38 72 29 72 76 39 46 42 47 79 87 51 23 79 44 82 28
94 44 69 16 80 33 13 59 71 86 35 29 63 18 94 41 41 87 66 93 6 83 8 71 35 62 54 60 59 57 67 30 75 68 58 2 88 3 27 13 94 25 11 48 8 10 42 3 52 61
35 70 97 50 84 75 73 19 73 66 46 58 67 41 35 32 30 45 11 91 48 16 63 33 88 14 71 28 78 92 90 66 65 76 30 12 37 14 64 88 82 61 39 76 14 44 54 32 5 58
40 42 98 21 13 70 35 68 88 27 65 12 24 87 27 26 40 33 62 57 2 41 6 72 39 13 13 7 26 32 20 68 42 82 36 51 38 73 7 21 78 91 17 47 12 44 92 82 22 22
6 17 23 59 23 9 77 16 84 95 8 7 78 26 9 67 33 82 72 71 73 20 80 21 22 54 33 66 1 54 55 34 25 56 83 60 22 24 15 4 74 59 13 22 23 66 94 97 83 35
74 11 88 42 44 20 12 92 99 47 98 50 28 6 69 28 62 22 24 29 37 8 1 12 75 20 92 86 55 56 23 21 83 74 55 22 73 99 18 29 30 44 73 44 16 4 40 77 28 16
73 31 3 68 7 97 22 25 94 32 27 99 61 37 54 59 73 56 54 40 99 57 6 71 38 68 18 70 90 58 50 24 95 84 6 32 67 79 84 34 54 95 90 24 42 81 31 83 71 65
30 40 60 83 33 78 93 43 17 87 14 55 91 8 92 10 39 15 63 77 50 27 55 62 85 33 93 60 54 43 87 69 22 40 33 48 41 11 29 87 46 77 66 82 35 21 59 75 67 31
29 14 39 23 8 17 33 17 35 69 71 26 24 36 28 95 46 66 96 39 39 17 3 67 72 7 58 73 57 11 34 24 92 54 36 53 12 25 30 82 83 38 32 60 17 2 87 80 39 83
19 11 33 93 46 90 95 93 13 90 78 61 4 31 30 35 4 48 55 22 25 61 86 86 60 51 72 41 78 9 99 50 24 22 8 33 90 7 60 99 97 79 3 38 27 87 84 97 36 4
17 93 1 38 39 71 17 85 38 70 59 13 63 28 8 75 42 73 82 62 35 36 60 51 25 64 6 99 56 62 54 69 61 66 16 58 75 1 56 77 82 12 93 45 98 39 63 77 7 4
36 99 26 20 78 96 38 27 63 71 61 83 4 58 2 21 35 76 69 83 98 23 46 35 28 89 29 18 5 16 83 10 83 40 71 95 72 91 88 80 42 51 56 83 55 15 9 20 88 74
20 80 48 71 17 77 11 6 73 17 23 69 59 20 46 40 31 38 98 42 6 63 60 60 42 71 92 68 75 84 11 54 21 17 22 6 43 44 79 76 9 71 23 86 18 54 57 27 76 39
1 23 51 12 72 35 60 24 99 14 78 46 13 33 24 54 97 53 65 48 6 50 2 91 46 42 21 8 7 47 32 32 83 74 21 39 57 94 86 35 98 61 95 21 55 70 15 6 65 99
77 4 9 51 85 82 21 45 33 10 29 2 63 14 70 26 66 64 53 10 39 39 41 65 39 30 52 35 98 86 83 88 17 25 32 18 97 79 7 39 86 41 91 81 42 68 35 44 75 1
4 38 49 86 84 78 41 14 80 18 4 12 89 98 26 69 49 50 7 3 44 92 49 45 85 56 27 39 16 85 7 54 72 58 49 70 85 8 11 24 56 60 30 44 61 12 10 31 90 17
77 44 80 65 75 55 29 9 56 3 23 53 83 8 11 80 59 64 34 51 92 1 56 93 94 23 53 15 72 7 48 36 48 93 22 12 14 27 16 76 92 81 73 35 75 45 34 22 38 87
81 81 7 9 24 39 96 9 82 18 37 99 96 70 64 74 83 58 55 50 30 69 17 44 98 97 31 16 44 53 41 56 1 28 83 11 78 21 54 38 90 48 76 80 39 62 6 86 16 3
26 97 97 23 45 88 57 96 20 79 62 21 49 68 40 81 5 38 90 5 79 88 83 21 46 68 67 32 66 4 48 54 37 48 32 56 23 76 59 84 91 80 70 75 89 66 68 25 76 19
66 98 28 14 90 36 77 78 20 5 1 93 61 64 39 35 64 86 27 72 2 32 90 6 25 72 22 3 56 40 40 50 58 68 98 99 82 21 16 57 32 53 52 83 44 91 11 10 53 44
14 86 55 24 61 62 99 70 12 45 71 3 52 11 60 83 18 8 36 69 46 21 60 55 99 97 1 69 22 47 27 28 20 23 37 42 51 2 68 76 32 85 8 70 39 39 30 30 10 13
46 15 6 8 41 85 12 6 80 63 58 74 61 38 91 47 39 14 9 24 54 47 28 93 13 32 95 41 42 93 76 41 91 91 26 74 68 41 87 3 82 61 66 90 43 27 34 84 64 40
2 97 21 48 82 7 20 77 56 6 20 1 15 21 59 83 50 84 59 8 63 11 35 93 94 38 95 85 32 15 82 15 24 62 3 18 25 70 81 29 41 44 60 43 85 81 10 57 48 14
54 38 83 5 54 36 75 25 23 78 12 72 44 20 27 29 22 63 30 98 41 46 53 81 46 92 51 31 67 1 82 93 68 62 85 67 55 86 13 19 92 21 17 80 6 93 77 26 44 88
10 52 21 44 44 1 28 81 39 84 67 5 53 92 59 96 28 10 30 46 4 29 7 79 98 79 51 95 15 73 3 55 89 94 63 61 10 61 71 54 29 70 22 71 13 14 46 64 64 26
39 95 89 62 22 9 83 22 48 78 70 97 70 68 46 5 24 95 82 7 20 21 23 12 23 12 82 91 51 79 62 25 23 48 64 30 41 27 38 48 50 2 61 7 19 37 70 92 30 42
19 56 88 58 13 37 62 64 25 85 95 16 91 93 52 13 8 91 65 10 66 67 41 18 9 23 56 74 90 31 64 14 42 5 6 79 82 93 19 16 20 37 70 7 24 25 15 78 53 19
23 89 51 27 93 51 69 6 42 46 27 87 34 57 37 9 86 97 76 33 99 97 33 54 40 35 92 51 25 34 81 65 2 64 91 13 47 42 74 86 62 18 49 34 6 39 20 92 92 38
53 5 32 97 18 37 30 21 66 83 90 78 80 48 37 15 17 54 59 16 54 12 71 85 58 15 8 90 74 47 11 83 81 40 66 94 92 21 67 34 15 39 76 71 53 8 47 73 85 11
61 35 85 90 16 4 89 60 19 35 54 41 38 66 81 85 87 23 66 35 37 16 19 77 17 20 6 94 81 77 93 49 10 62 95 26 4 62 21 46 18 4 83 23 55 32 76 24 65 34
47 14 98 39 70 14 93 73 87 78 61 59 78 50 58 6 35 46 64 98 82 90 99 30 94 94 97 73 48 62 52 72 63 16 30 64 31 97 6 23 54 85 39 83 82 63 48 29 18 21
49 3 65 28 33 29 12 29 95 41 76 74 72 16 43 91 26 3 38 98 44 22 36 82 58 56 49 90 38 46 58 82 34 99 73 13 1 80 54 29 20 57 37 63 28 23 63 57 26 22
57 68 12 47 2 76 25 53 92 86 56 80 30 14 92 87 1 14 73 91 29 15 94 65 83 56 4 38 40 10 35 14 72 86 78 18 48 8 89 8 94 84 76 53 2 27 4 29 6 23
20 2 97 68 47 81 16 46 15 41 27 85 45 8 23 44 73 65 54 79 65 77 28 68 3 89 34 6 38 73 52 56 26 89 91 18 99 45 33 28 39 75 72 35 47 93 62 3 9 64
46 31 59 38 86 72 82 4 48 43 82 18 36 10 67 28 98 63 9 65 27 41 40 16 61 61 33 54 92 42 3 95 6 83 4 87 30 38 18 2 25 95 99 86 43 34 73 6 55 97
9 34 65 94 80 7 95 71 57 5 48 11 28 2 80 46 99 45 45 23 69 62 67 46 47 76 75 3 29 57 77 65 20 36 85 95 30 7 78 42 30 96 76 53 23 92 7 16 76 66
18 42 34 68 63 64 89 39 4 57 96 46 57 24 20 24 74 61 76 13 40 88 2 7 68 52 87 69 12 52 94 73 10 58 23 24 51 34 50 98 37 14 38 1 24 45 9 92 20 16
4 55 57 73 59 79 21 59 35 36 73 85 74 26 42 37 47 34 45 33 23 34 42 69 10 56 63 53 23 31 9 23 40 50 77 72 47 18 63 76 9 57 48 79 71 91 38 89 56 89
91 56 74 75 11 84 2 21 85 37 38 40 13 1 97 13 24 27 72 96 58 39 31 51 94 10 54 66 87 72 89 6 31 73 56 89 35 49 87 67 9 74 39 80 20 96 62 29 75 51
96 90 96 38 57 32 17 35 48 4 58 16 78 29 76 59 71 16 87 54 80 97 1 15 30 39 15 36 36 13 22 8 79 71 87 67 82 49 18 56 2 81 38 76 69 30 30 24 2 13
57 28 48 19 24 53 13 7 29 69 92 20 64 60 29 13 96 70 94 3 29 83 4 84 60 43 2 9 61 6 24 20 65 95 80 43 89 90 58 3 99 87 23 84 17 82 18 2 98 64
44 10 33 67 2 7 22 82 41 35 9 76 87 95 31 23 95 61 81 44 7 53 23 7 66 83 59 86 64 68 57 52 73 18 88 80 50 91 43 99 93 82 20 98 44 61 29 72 22 36
48 80 15 53 46 17 97 55 38 3 88 25 58 78 96 49 23 33 93 48 86 22 47 92 35 86 55 45 63 47 65 24 4 73 87 43 71 70 1 23 41 16 57 35 85 26 29 20 47 98
23 96 99 73 87 79 9 17 31 40 68 45 96 66 37 73 45 15 74 84 98 85 81 19 26 58 51 42 68 69 5 16 63 81 24 72 34 86 82 66 46 25 83 68 84 23 3 33 6 42
83 94 38 41 14 68 59 68 16 45 11 82 89 59 85 63 71 17 36 60 63 50 63 50 43 10 11 36 48 56 24 8 84 86 74 76 97 33 25 92 75 56 66 43 98 60 74 94 70 81
26 95 28 97 73 71 98 59 21 22 80 53 66 17 27 23 19 43 10 89 91 54 95 89 50 4 7 54 3 81 67 51 19 3 44 44 50 52 87 53 15 63 84 75 64 27 1 21 56 94
54 29 57 98 13 93 43 54 49 4 41 14 59 32 26 1 26 73 10 62 50 66 4 89 91 32 48 21 77 38 35 2 53 48 25 27 49 74 62 57 46 55 95 55 26 60 81 9 77 74
54 59 61 52 97 32 72 15 43 50 82 25 23 67 69 47 50 86 8 42 20 93 29 15 32 29 89 34 66 28 50 97 64 64 43 85 63 97 46 9 94 8 7 81 40 90 1 10 2 77
41 78 57 44 88 31 76 66 60 1 57 29 59 36 39 14 14 8 89 96 68 25 41 28 36 76 59 54 47 33 88 10 77 5 60 57 31 55 39 72 85 1 64 47 4 37 41 66 38 65
89 65 32 35 7 11 21 37 11 87 8 52 91 52 79 76 79 76 76 64 44 54 26 87 2 41 63 32 58 56 11 13 36 1 17 24 16 17 9 17 16 69 79 65 49 87 96 39 11 98
40 76 59 69 55 42 45 99 97 58 79 58 31 80 16 97 50 26 66 28 95 67 72 34 33 7 81 24 74 77 36 31 93 35 14 74 59 14 22 80 59 28 57 43 75 95 21 63 90 94
72 40 28 11 17 27 3 69 80 94 87 80 57 41 54 42 96 7 53 65 11 27 38 6 13 38 49 30 21 1 65 25 54 98 79 14 31 92 19 39 17 38 25 45 98 79 9 41 23 78
30 91 64 20 70 60 88 31 1 5 44 30 1 56 55 85 11 92 64 3 75 72 12 39 40 57 82 37 62 71 45 67 81 25 84 91 35 60 18 52 20 80 28 13 55 66 49 1 39 15
19 86 15 65 20 23 17 16 51 17 44 46 83 56 75 1 10 66 10 14 97 59 13 80 28 7 48 72 62 6 71 22 3 4 24 35 58 7 63 27 67 51 28 99 14 26 68 59 73 95
56 78 75 82 93 51 91 71 11 7 99 83 89 13 53 76 37 57 97 66 46 23 8 47 78 9 62 28 91 10 31 95 34 63 17 1 2 63 1 21 20 54 51 73 55 59 24 79 98 72
3 20 78 56 13 63 42 22 50 13 2 8 1 82 53 84 35 88 92 67 7 11 15 96 49 25 58 30 2 93 37 75 3 48 20 1 1 54 39 43 14 96 19 50 34 75 97 70 46 82
13 59 61 65 52 67 59 83 60 7 90 21 95 29 90 45 94 45 32 21 29 65 7 95 28 48 72 37 1 7 71 73 16 15 33 99 52 72 22 36 54 79 95 31 19 2 19 97 40 17
56 3 28 95 40 97 36 73 64 7 12 21 32 33 91 35 51 40 19 41 69 39 21 62 97 74 84 50 97 8 52 72 88 43 33 94 31 22 20 5 62 8 18 45 80 30 34 8 13 31
10 17 98 42 64 25 90 8 58 61 58 14 15 62 1 37 92 74 90 32 46 8 68 45 84 38 54 18 24 33 18 93 83 66 63 41 60 13 14 13 61 93 9 78 54 36 56 63 20 8
37 91 44 34 21 11 77 50 25 87 9 54 33 31 83 95 82 17 94 38 49 90 79 38 22 49 30 9 22 61 84 6 6 61 71 60 34 74 73 83 36 57 8 75 35 54 16 41 27 71
50 22 66 64 37 85 15 62 50 63 29 87 60 20 70 44 93 49 15 93 54 21 91 56 64 39 6 26 26 85 61 44 37 25 54 74 8 27 10 97 70 69 83 37 72 39 13 2 95 65
79 84 87 93 89 53 12 90 88 6 10 65 40 54 40 5 72 52 83 87 63 36 96 7 95 35 70 46 77 40 56 65 31 89 55 13 86 87 11 2 14 76 83 60 41 59 58 29 99 73
31 11 56 42 7 83 31 17 73 84 60 67 26 86 67 16 20 43 26 37 8 90 47 56 38 24 51 1 73 48 63 84 77 60 35 99 37 42 50 51 91 30 58 73 92 30 7 70 53 6
92 37 67 49 58 46 60 41 5 88 72 41 56 39 90 9 68 50 73 55 36 68 56 99 50 5 97 80 58 46 97 92 83 76 45 74 70 29 49 38 70 51 86 18 73 6 81 49 28 72
6 31 28 31 97 51 29 8 28 19 37 99 97 78 32 34 1 7 77 2 31 91 73 34 52 25 24 51 47 8 58 66 35 84 34 44 13 40 43 46 18 54 90 38 31 76 32 42 98 4
47 51 6 54 13 68 29 90 51 31 63 65 18 47 74 9 42 84 9 84 31 44 51 71 15 76 33 75 25 22 10 21 61 31 92 20 36 23 43 13 22 48 39 57 7 61 29 31 79 5
84 78 41 52 59 19 96 98 48 46 64 71 93 14 45 37 33 81 71 42 93 82 48 97 87 92 57 55 69 38 21 38 11 42 33 83 32 1 82 48 26 31 74 67 82 69 83 11 86 40
46 52 84 22 36 44 48 59 69 70 80 99 81 84 99 18 74 87 19 93 55 83 69 45 11 5 63 76 9 34 67 59 16 57 46 61 60 96 19 62 68 74 95 26 65 39 27 4 32 60
27 21 70 71 81 30 59 43 41 38 99 30 38 8 73 28 54 36 42 61 32 65 64 24 5 71 95 13 88 28 72 71 84 28 58 46 49 89 71 67 49 21 93 96 47 36 7 93 55 96
32 56 46 39 53 51 54 74 28 92 35 26 96 18 88 26 92 4 54 36 87 74 29 18 96 78 23 18 78 84 56 7 12 69 87 89 97 90 34 31 7 10 24 35 26 23 48 4 13 79
36 63 78 54 12 5 43 43 86 10 69 39 37 76 46 36 37 78 52 57 39 88 18 68 1 37 21 93 50 11 87 91 60 93 21 88 31 88 11 7 32 81 75 41 75 84 13 29 25 36
35 19 26 57 55 34 86 8 22 38 79 51 26 70 69 54 26 84 49 78 53 7 79 74 80 2 93 92 79 84 62 71 36 71 90 99 28 14 23 28 49 80 79 37 95 69 31 9 74 64
75 83 76 72 90 69 39 16 75 24 32 78 65 10 79 54 35 68 75 15 23 6 52 86 94 84 62 34 71 84 98 77 54 52 15 48 48 84 34 20 91 53 6 91 86 66 96 63 33 65
69 73 74 85 6 74 34 66 98 46 45 13 21 24 21 73 25 19 92 43 75 87 12 58 45 87 13 74 63 1 75 26 30 67 78 92 38 76 38 57 20 26 92 10 60 86 7 11 67 27
76 94 67 76 13 92 5 40 37 42 99 56 39 95 91 64 75 39 73 7 32 65 71 75 33 61 50 93 96 40 92 87 28 87 90 75 72 94 54 43 91 98 13 94 74 53 51 4 26 66
64 11 8 11 35 37 42 44 89 43 22 63 11 69 46 21 47 70 58 84 76 65 72 3 93 89 69 69 61 62 38 31 93 22 45 61 59 86 98 44 76 85 77 98 99 10 79 50 75 54
13 51 93 64 40 95 95 79 35 70 80 95 58 88 26 24 51 71 35 77 83 75 9 86 61 70 17 60 35 3 56 84 51 66 17 95 81 28 2 73 67 38 84 51 42 62 85 56 57 5
98 53 43 15 29 79 24 79 45 90 44 46 62 97 26 21 25 65 95 57 2 94 35 35 18 59 92 75 65 35 58 52 24 90 33 66 91 13 77 54 69 23 45 20 44 50 90 59 60 69
26 8 88 94 97 68 85 34 88 58 56 19 70 91 12 74 4 14 18 73 12 39 60 6 98 16 82 24 56 50 16 44 44 72 63 92 30 1 69 33 50 55 72 89 83 62 45 21 56 62
90 88 75 32 78 29 21 97 90 37 68 83 63 80 45 98 91 3 57 78 48 54 66 30 7 36 65 60 79 25 31 39 28 57 44 11 83 76 25 91 70 65 86 50 29 11 97 76 81 35
46 48 1 22 24 83 94 76 44 87 18 8 27 46 36 86 50 9 52 81 95 74 25 18 72 26 42 26 18 61 59 45 72 73 17 73 29 21 52 29 38 86 32 27 56 83 11 33 16 38
83 9 73 75 12 51 76 79 49 3 35 23 25 32 53 94 7 4 63 20 27 75 24 9 26 27 71 46 4 28 73 83 90 27 2 14 43 52 72 56 98 6 44 30 66 41 32 38 45 30
43 67 56 89 40 96 42 41 31 72 90 17 98 51 88 37 82 15 13 17 36 11 45 21 59 77 87 38 92 59 47 46 40 79 97 71 66 24 85 76 79 76 11 9 52 77 9 76 83 25
70 1 70 70 70 7 16 62 16 74 57 7 67 34 22 13 41 16 80 89 9 1 28 44 87 90 59 34 93 49 1 67 67 1 11 25 20 32 66 99 52 51 40 77 56 40 96 50 54 90
98 16 99 63 16 88 12 15 59 71 73 80 11 3 68 63 92 57 27 4 16 80 83 72 65 93 69 63 78 72 93 31 26 1 82 29 11 89 99 15 40 9 60 57 1 39 35 2 85 50
5 72 18 77 86 49 28 22 8 90 40 64 65 55 30 2 53 46 23 72 14 6 40 99 73 74 62 74 52 79 88 41 47 22 37 95 73 24 43 56 75 52 2 19 47 71 41 20 60 75
43 14 13 19 96 72 54 83 51 79 48 88 27 82 83 99 12 67 61 50 95 12 93 18 79 3 73 77 31 99 11 75 81 45 88 60 21 57 28 26 95 87 65 20 46 65 94 59 38 17
48 26 70 59 71 30 97 44 99 9 88 85 39 39 93 76 64 56 23 92 4 43 20 9 69 85 68 21 76 86 6 90 28 1 44 3 85 44 11 39 53 32 93 48 11 77 58 49 59 72
67 66 49 47 1 88 89 96 55 35 52 8 18 66 56 43 78 35 18 70 21 61 24 89 70 48 62 10 73 96 79 10 90 95 29 80 12 74 28 1 28 26 73 54 35 58 57 50 34 91
68 31 5 87 55 46 97 88 56 62 43 55 7 78 47 55 7 60 32 72 84 78 19 41 43 84 33 35 72 3 50 1 34 43 9 32 24 99 71 14 46 42 69 47 94 48 67 79 15 8
16 18 51 86 91 1 26 70 93 17 48 40 61 58 33 21 22 81 29 50 80 64 28 12 3 99 88 39 29 59 58 19 67 30 39 80 11 20 64 65 22 61 49 17 48 48 11 38 89 34
70 9 35 66 84 40 15 22 49 61 17 80 70 81 33 44 18 85 81 8 55 44 1 77 14 70 83 38 5 7 66 82 58 86 36 53 44 31 72 76 53 26 18 15 9 98 51 89 50 53
63 56 46 38 15 88 55 79 68 41 96 9 52 6 74 73 33 27 22 11 64 78 68 92 61 70 19 61 32 91 90 13 82 93 24 48 43 83 93 23 56 71 9 86 88 46 87 4 17 31
22 5 92 16 26 33 43 86 34 6 18 36 17 21 7 48 99 57 77 97 32 78 51 87 32 17 97 13 58 52 53 29 19 61 64 63 62 36 35 79 29 12 40 9 75 7 23 53 10 24
16 88 13 38 55 11 92 33 21 54 92 99 32 48 95 17 22 61 84 56 10 42 29 14 67 28 16 25 85 78 93 93 20 63 25 96 2 86 78 59 45 36 12 36 56 18 86 28 16 62
34 24 45 73 81 68 28 42 38 27 30 33 69 74 92 16 3 50 58 17 89 87 35 95 51 28 21 31 22 4 98 78 5 9 94 47 54 61 37 39 84 76 42 54 27 78 23 99 97 90
48 46 24 72 48 1 2 32 8 76 16 46 83 69 3 19 80 76 84 56 94 19 86 73 91 25 30 53 44 55 48 44 87 6 64 77 92 6 75 7 76 81 73 54 99 84 17 87 7 29
83 14 2 5 12 86 63 94 25 41 29 95 5 18 67 83 93 17 95 61 65 78 20 73 48 15 21 82 27 17 17 51 99 57 74 24 52 19 26 8 43 26 81 77 33 13 77 3 15 62
83 9 64 47 27 49 69 11 50 11 47 67 10 29 1 81 49 45 94 42 95 99 83 93 6 71 24 21 23 55 35 32 83 38 33 23 53 74 28 3 52 42 83 18 58 11 18 76 37 85
79 1 16 3 65 69 61 34 75 3 98 14 48 48 50 33 55 51 63 62 97 14 88 29 50 80 60 65 50 61 55 57 99 19 21 92 74 33 85 56 86 54 93 45 31 97 93 91 71 87
92 72 92 55 99 15 59 79 45 90 59 50 81 61 51 47 90 80 17 68 44 37 20 86 1 22 61 48 4 24 28 79 13 82 42 10 59 38 29 91 73 48 31 56 95 27 93 22 67 91
2 23 95 15 43 96 56 91 66 56 11 20 57 12 31 7 60 72 25 18 48 71 47 55 56 99 63 30 98 32 25 1 23 12 73 16 69 69 44 92 94 50 43 33 53 99 99 93 56 56
3 6 1 11 62 8 12 62 26 55 4 88 69 23 98 7 22 60 90 63 49 83 2 30 91 56 78 54 10 34 60 47 97 48 23 46 57 89 4 24 27 30 41 35 27 23 99 6 48 32
3 7 73 42 56 75 27 49 74 49 56 36 60 75 93 80 14 24 98 83 68 73 66 82 85 46 31 48 86 82 19 5 31 40 73 17 59 62 82 18 24 65 67 7 31 90 32 69 20 6

Demandas:
0 0 1 0 0 0 0
1 0 0 0 0 0 0
1 0 0 0 0 0 0
0 0 0 0 1 0 0
0 0 0 0 0 1 0
0 0 0 0 0 0 1
0 0 1 0 0 0 0
1 0 0 0 0 0 0
0 0 1 0 0 0 0
1 0 0 0 0 0 0
0 0 0 0 0 1 0
0 0 0 1 0 0 0
0 0 1 0 0 0 0
0 0 0 1 0 0 0
0 0 1 0 0 0 0
0 0 1 0 0 0 0
1 0 0 0 0 0 0
0 0 0 0 0 0 1
0 0 0 0 0 0 1
0 0 1 0 0 0 0
0 1 0 0 0 0 0
0 0 0 0 1 0 0
0 0 0 1 0 0 0
0 0 0 0 0 1 0
0 0 0 1 0 0 0
0 1 0 0 0 0 0
0 0 0 0 0 1 0
0 1 0 0 0 0 0
0 1 0 0 0 0 0
0 0 1 0 0 0 0
1 0 0 0 0 0 0
0 0 0 0 0 0 1
0 0 1 0 0 0 0
0 0 0 1 0 0 0
0 0 0 0 1 0 0
0 0 0 1 0 0 0
0 1 0 0 0 0 0
0 0 0 0 0 1 0
0 0 0 1 0 0 0
0 0 1 0 0 0 0
0 0 1 0 0 0 0
1 0 0 0 0 0 0
0 0 0 1 0 0 0
1 0 0 0 0 0 0
0 1 0 0 0 0 0
0 0 0 1 0 0 0
0 0 0 1 0 0 0
0 1 0 0 0 0 0
0 0 1 0 0 0 0
0 0 1 0 0 0 0
0 1 0 0 0 0 0
0 0 0 0 1 0 0
0 0 0 0 1 0 0
0 0 0 1 0 0 0
0 0 0 1 0 0 0
0 0 0 0 1 0 0
1 0 0 0 0 0 0
0 0 0 0 0 1 0
0 0 0 0 0 1 0
0 0 0 0 1 0 0
1 0 0 0 0 0 0
0 0 0 0 0 0 1
0 1 0 0 0 0 0
0 0 0 0 0 1 0
0 1 0 0 0 0 0
0 0 0 1 0 0 0
0 0 0 1 0 0 0
0 0 0 0 0 1 0
0 1 0 0 0 0 0
0 1 0 0 0 0 0
0 0 0 0 0 0 1
0 0 0 0 0 0 1
0 0 0 1 0 0 0
0 0 0 1 0 0 0
0 0 0 0 0 1 0
0 0 0 1 0 0 0
1 0 0 0 0 0 0
0 0 1 0 0 0 0
0 0 0 1 0 0 0
0 0 0 1 0 0 0
1 0 0 0 0 0 0
0 0 0 0 0 0 1
0 0 0 0 1 0 0
0 1 0 0 0 0 0
0 0 0 0 0 0 1
0 0 0 0 0 1 0
0 0 1 0 0 0 0
0 1 0 0 0 0 0
0 1 0 0 0 0 0
0 0 0 0 1 0 0
0 0 0 0 0 1 0
0 0 1 0 0 0 0
1 0 0 0 0 0 0
0 0 0 0 0 1 0
1 0 0 0 0 0 0
0 0 0 1 0 0 0
0 1 0 0 0 0 0
0 0 0 1 0 0 0
0 0 0 0 1 0 0
0 1 0 0 0 0 0
0 0 1 0 0 0 0
0 0 0 1 0 0 0
0 0 1 0 0 0 0
0 0 0 1 0 0 0
0 0 1 0 0 0 0
0 0 0 1 0 0 0
1 0 0 0 0 0 0
0 0 0 0 1 0 0
0 0 0 0 0 1 0
1 0 0 0 0 0 0
1 0 0 0 0 0 0
0 0 0 1 0 0 0
0 0 0 0 0 1 0
1 0 0 0 0 0 0
0 0 0 0 1 0 0
1 0 0 0 0 0 0
0 0 0 0 0 0 1
0 0 0 0 0 1 0
0 1 0 0 0 0 0
0 1 0 0 0 0 0
0 0 0 0 1 0 0
1 0 0 0 0 0 0
0 0 0 0 1 0 0
0 0 1 0 0 0 0
0 0 0 0 0 0 1
0 0 0 1 0 0 0
1 0 0 0 0 0 0
0 0 0 0 1 0 0
0 0 1 0 0 0 0
0 0 1 0 0 0 0
0 1 0 0 0 0 0
0 0 1 0 0 0 0
0 0 1 0 0 0 0
0 0 0 0 0 0 1
0 0 0 0 1 0 0
1 0 0 0 0 0 0
0 0 0 1 0 0 0
0 0 0 1 0 0 0
0 1 0 0 0 0 0
0 0 0 0 0 0 1
0 0 0 0 0 1 0
0 1 0 0 0 0 0
1 0 0 0 0 0 0
0 0 0 0 0 1 0
0 0 0 1 0 0 0
0 0 0 0 1 0 0
0 0 0 0 0 1 0
0 0 0 0 1 0 0
0 0 0 1 0 0 0
0 0 0 1 0 0 0
0 0 0 0 1 0 0
0 0 0 0 1 0 0
0 0 0 1 0 0 0
0 0 0 0 1 0 0
0 0 1 0 0 0 0
0 0 0 0 0 1 0
0 0 0 1 0 0 0
0 0 0 1 0 0 0
0 0 0 0 1 0 0
0 0 0 0 0 0 1
0 0 0 0 1 0 0
0 0 0 1 0 0 0
0 0 0 0 0 0 1
1 0 0 0 0 0 0
0 0 0 0 1 0 0
1 0 0 0 0 0 0
0 1 0 0 0 0 0
0 0 0 0 0 1 0
0 0 0 0 0 0 1
0 1 0 0 0 0 0
1 0 0 0 0 0 0
0 1 0 0 0 0 0
0 0 0 1 0 0 0
0 0 0 0 0 0 1
0 0 0 0 0 0 1
0 1 0 0 0 0 0
1 0 0 0 0 0 0
0 0 0 1 0 0 0
0 0 0 0 1 0 0
0 0 0 0 0 0 1
0 0 1 0 0 0 0
0 0 1 0 0 0 0
0 0 0 0 0 0 1
0 0 0 0 0 0 1
0 0 0 0 1 0 0
0 0 0 1 0 0 0
0 0 0 1 0 0 0
0 0 0 0 1 0 0
0 0 0 1 0 0 0
0 0 0 1 0 0 0
0 0 1 0 0 0 0
0 0 0 0 0 1 0
0 0 0 0 0 1 0
0 1 0 0 0 0 0
0 1 0 0 0 0 0
1 0 0 0 0 0 0
0 0 0 0 1 0 0
1 0 0 0 0 0 0
0 0 0 0 0 1 0
0 0 1 0 0 0 0
0 0 0 1 0 0 0
1 0 0 0 0 0 0
0 1 0 0 0 0 0
0 0 0 0 0 0 1
0 1 0 0 0 0 0
0 0 0 0 1 0 0
1 0 0 0 0 0 0
0 0 0 1 0 0 0
0 0 1 0 0 0 0
0 0 0 0 1 0 0
0 0 0 1 0 0 0
0 0 1 0 0 0 0
0 0 0 0 0 1 0
0 0 0 0 0 1 0
0 0 0 0 0 1 0
0 1 0 0 0 0 0
0 0 0 0 0 0 1
0 0 0 1 0 0 0
1 0 0 0 0 0 0
1 0 0 0 0 0 0
0 0 0 1 0 0 0
0 0 0 0 1 0 0
0 0 0 1 0 0 0
0 0 0 1 0 0 0
0 0 0 0 1 0 0
0 0 0 0 0 0 1
0 0 0 1 0 0 0
0 0 0 0 0 0 1
0 0 1 0 0 0 0
0 0 1 0 0 0 0
0 0 0 0 0 1 0
0 0 0 0 0 0 1
0 0 0 0 1 0 0
0 0 0 0 1 0 0
0 0 0 0 1 0 0
0 0 0 0 0 0 1
0 0 1 0 0 0 0
0 0 0 0 0 0 1
0 0 0 0 0 0 1
0 0 0 0 0 0 1
0 1 0 0 0 0 0
0 1 0 0 0 0 0
1 0 0 0 0 0 0
1 0 0 0 0 0 0
0 0 1 0 0 0 0
1 0 0 0 0 0 0
0 0 0 0 0 1 0
1 0 0 0 0 0 0
0 0 0 0 0 1 0
1 0 0 0 0 0 0

Capacidades:
2 0 3 3 4 0 3
3 0 2 2 0 4 3
0 4 0 1 3 0 0
0 4 1 3 1 1 0
3 0 4 2 3 3 1
0 2 1 0 1 2 0
1 2 2 3 2 0 1
2 1 1 3 2 2 0
1 1 2 4 1 4 3
3 2 2 0 3 3 2
1 2 0 1 3 2 0
2 3 0 2 2 4 0
2 3 4 1 2 2 3
3 3 0 4 0 1 0
1 0 3 2 3 0 3
2 0 1 4 1 2 4
2 4 0 0 0 3 4
2 4 2 4 4 0 3
2 3 4 2 0 4 3
0 4 3 3 3 2 2
1 3 3 2 1 3 1
0 2 0 1 2 0 1
4 1 4 4 4 1 2
4 3 4 1 4 0 4
0 0 4 4 2 2 3
2 4 2 1 0 2 4
4 1 0 4 3 3 2
2 3 1 0 3 3 0
3 2 4 1 4 3 1
0 4 0 0 2 4 3
2 3 4 1 2 1 1
2 0 4 1 2 0 0
2 2 0 1 2 1 4
2 1 0 4 2 4 2
2 0 0 4 3 4 2
2 0 4 0 1 3 4
1 2 0 4 0 2 4
2 3 1 4 2 0 2
2 2 4 0 2 4 1
2 1 2 1 4 3 4
4 1 3 3 0 0 4
0 4 0 0 4 4 3
2 3 4 0 1 0 1
1 2 4 0 3 1 1
4 2 0 0 3 0 4
2 1 4 3 3 2 0
3 1 3 2 2 1 2
1 4 1 3 3 1 2
0 3 2 4 0 1 1
4 4 1 3 3 2 2
