m: 100
n: 30
k: 7

Distancias:
51 13 19 3 94 10 24 88 11 41 47 9 34 72 2 92 43 71 79 22 60 58 36 54 88 48 20 15 74 35
1 14 79 61 24 23 21 13 83 2 8 68 59 15 22 17 40 92 47 89 93 16 43 64 92 99 92 51 40 12
42 63 55 34 54 8 7 29 23 33 38 3 45 3 73 74 64 50 99 30 78 87 45 6 21 1 99 37 51 32
28 41 82 12 44 10 6 56 43 16 28 6 82 24 4 25 72 98 2 8 68 67 79 29 38 71 93 57 34 13
38 45 18 33 55 11 99 20 63 47 55 81 77 71 15 38 21 44 48 29 54 23 16 97 94 6 97 91 53 69
53 92 62 30 80 93 1 18 69 48 37 91 70 25 55 7 82 23 57 51 59 5 5 57 24 33 87 59 97 64
8 24 16 6 38 96 97 38 83 95 33 49 28 87 62 70 27 75 64 86 12 21 87 80 86 12 48 17 37 12
4 48 96 66 66 80 28 1 89 7 29 70 39 31 99 53 70 88 96 2 53 60 80 43 43 57 99 47 58 36
58 27 37 59 82 62 76 48 45 5 5 46 38 62 30 50 19 88 96 28 16 1 60 48 48 56 27 88 37 77
18 13 97 39 43 77 97 58 17 2 58 47 5 91 7 94 72 18 71 29 21 2 44 6 6 9 88 21 91 82
92 22 76 60 40 29 98 22 98 22 35 13 66 54 39 44 15 77 57 34 91 8 97 49 48 94 40 28 17 78
36 19 20 54 35 34 20 28 54 32 78 91 21 77 35 10 97 49 83 54 36 58 66 45 27 5 12 2 12 45
70 9 29 17 60 12 51 1 69 5 57 3 65 86 56 4 24 60 59 51 69 68 83 71 42 65 63 20 4 70
14 12 89 49 63 60 15 11 80 5 40 12 14 37 2 33 17 99 21 2 37 13 31 62 73 27 28 23 74 53
64 70 29 30 88 99 44 85 72 25 45 26 1 99 78 20 24 62 56 10 68 83 67 85 13 97 19 33 46 47
65 32 13 9 30 43 10 57 51 18 79 43 80 15 25 30 97 83 71 27 74 46 52 18 46 91 61 32 25 39
30 99 8 91 78 8 76 86 8 34 33 52 56 81 42 9 72 52 3 4 34 30 87 35 71 18 59 24 79 45
97 7 32 49 9 90 92 31 83 43 7 43 76 9 83 95 44 67 64 50 58 44 11 58 65 60 55 67 28 9
12 6 32 94 39 39 20 32 99 88 27 67 73 62 53 31 63 23 49 31 3 19 70 51 99 90 26 35 98 36
2 68 89 59 55 36 60 79 56 73 47 69 13 44 49 91 59 93 47 14 52 96 78 72 56 59 65 53 85 38
32 35 11 30 73 71 79 94 8 59 91 48 27 5 36 4 54 47 81 84 63 16 89 16 33 23 7 82 8 20
25 38 70 73 70 39 13 61 98 33 52 14 67 81 58 40 79 99 21 7 78 42 85 60 81 88 47 27 53 89
2 92 21 59 48 20 48 86 94 97 49 12 70 31 77 75 90 28 66 20 24 66 92 91 85 13 65 64 28 19
67 25 12 87 5 42 78 40 62 96 30 7 19 36 4 67 38 49 94 20 47 15 66 23 37 78 44 69 86 84
24 82 34 99 91 31 49 46 17 30 21 44 38 19 11 44 14 14 13 95 29 15 25 65 5 84 61 20 24 43
63 72 61 50 30 44 84 24 48 40 24 73 32 4 87 32 66 74 56 56 5 44 22 24 77 43 47 85 24 83
65 11 75 93 64 61 27 36 53 76 75 23 91 89 28 50 96 81 41 64 41 1 8 94 38 97 42 11 81 53
75 48 40 48 82 82 70 88 90 51 30 15 64 43 19 92 61 72 80 8 5 30 90 48 61 91 23 67 45 41
15 14 15 75 80 23 40 79 23 78 86 99 59 83 24 50 65 39 24 5 39 57 67 35 46 21 91 29 13 2
94 95 16 14 94 32 92 51 61 2 88 89 60 43 23 8 72 98 92 54 50 45 48 10 24 6 74 93 10 53
13 76 39 23 56 83 77 8 21 18 27 56 88 8 16 11 86 76 23 1 52 75 71 15 46 87 64 58 69 18
12 84 38 11 37 54 1 87 68 71 28 85 52 22 63 96 7 83 59 28 48 91 11 79 73 70 52 47 92 82
12 69 92 32 68 95 74 6 46 8 63 12 11 87 56 71 30 77 6 48 75 63 93 51 54 34 35 17 68 41
66 18 33 17 58 54 47 97 92 99 7 84 22 72 23 66 38 53 59 47 57 24 37 80 42 50 58 26 33 80
5 81 47 29 31 77 69 34 65 98 22 40 96 47 30 60 29 74 53 51 93 98 15 85 88 46 95 54 43 50
24 35 17 81 96 60 87 70 3 95 45 78 65 10 36 5 16 54 29 5 31 17 40 55 85 91 93 92 95 7
6 54 65 79 58 21 91 30 87 50 99 61 16 62 65 83 30 1 84 74 31 99 8 14 37 10 87 13 23 19
77 94 42 47 8 75 38 35 13 56 99 14 2 81 85 47 64 41 96 24 82 25 53 84 86 56 45 43 95 61
41 16 42 73 57 67 36 65 32 48 45 86 71 87 58 94 98 74 34 89 56 32 60 72 15 31 51 38 79 93
1 92 96 61 53 81 15 70 78 77 31 33 66 36 77 77 56 6 68 19 33 49 78 71 29 3 45 24 67 38
99 52 39 1 48 44 24 80 97 90 2 59 14 29 97 74 46 41 92 46 72 56 17 8 28 86 90 78 78 3
55 40 86 65 77 24 67 48 62 15 13 96 36 87 93 54 80 52 17 68 43 1 24 55 84 92 66 30 2 47
19 84 1 15 88 96 39 6 39 79 93 11 30 5 30 79 57 5 5 7 8 44 50 37 17 47 77 23 19 42
72 36 2 44 6 44 52 13 84 10 85 52 93 54 9 19 85 97 74 56 87 63 17 39 24 97 14 71 58 99
36 28 9 78 50 33 66 87 95 68 62 11 6 51 77 20 57 78 12 53 94 51 37 50 38 86 22 14 32 69
93 61 19 8 56 74 70 88 64 45 60 40 76 78 56 22 49 96 6 18 42 19 79 45 78 56 74 84 50 80
22 17 87 42 52 74 81 42 73 11 51 40 7 22 51 1 36 61 2 24 74 29 51 29 55 98 19 5 46 86
74 81 91 87 6 61 55 53 4 45 65 65 8 18 96 42 74 76 11 46 58 56 24 39 81 83 81 67 88 29
33 36 8 89 9 18 79 25 25 96 1 54 75 95 50 13 77 96 39 85 10 96 65 50 84 77 81 95 74 31
66 45 16 21 63 30 31 25 27 10 62 26 83 86 61 36 80 83 66 60 60 26 53 98 58 62 52 63 71 45
16 24 33 32 25 86 73 19 58 94 45 34 75 43 85 64 87 39 97 65 5 36 21 28 10 19 79 53 88 13
15 12 33 6 82 42 36 4 9 42 89 37 98 29 7 88 7 98 92 6 26 95 46 1 78 43 84 24 73 75
70 3 67 69 34 28 22 9 45 38 77 9 57 30 35 41 81 33 6 59 95 77 3 23 97 58 10 27 79 38
77 73 42 72 71 88 25 53 2 17 17 63 81 56 4 72 26 13 9 68 59 63 77 19 92 84 31 80 96 90
26 46 49 18 53 76 89 87 81 62 20 15 92 10 99 2 13 76 36 75 39 17 44 59 85 23 95 82 19 72
65 74 37 50 56 23 33 95 24 50 26 78 18 17 10 73 17 10 15 22 12 97 16 71 83 30 3 67 42 53
15 34 45 63 84 60 45 73 37 81 86 19 13 37 52 46 80 18 84 65 22 40 4 96 6 70 36 70 36 2
32 2 2 57 11 39 28 47 35 54 67 8 91 93 19 17 34 36 25 81 27 98 13 22 89 91 46 68 9 82
80 31 80 35 20 93 62 76 76 31 7 59 73 67 28 97 38 92 55 96 75 37 82 44 26 60 2 81 33 53
54 18 76 10 51 37 35 30 60 35 86 11 50 68 53 45 50 9 48 39 12 52 82 45 69 55 12 45 70 41
30 67 91 19 70 71 93 59 27 25 75 60 44 44 85 50 51 48 93 24 39 54 7 2 31 96 46 16 65 66
17 85 4 27 3 82 52 30 29 51 16 36 78 32 63 8 96 5 86 67 5 24 64 25 28 31 69 95 66 67
55 26 13 48 51 10 45 73 14 93 10 11 47 87 4 71 97 93 39 52 2 99 40 16 86 41 1 71 45 59
33 53 37 54 54 17 15 38 40 60 88 82 76 77 81 45 91 79 21 31 74 46 31 33 93 25 32 27 4 49
74 35 15 47 63 88 60 20 1 12 74 39 11 53 29 89 41 2 57 6 50 60 72 29 56 29 44 64 51 74
37 60 32 92 18 45 37 95 20 36 54 34 18 12 84 43 56 75 60 20 96 2 4 82 96 71 73 45 41 44
23 68 88 40 3 92 73 62 24 69 32 54 46 47 14 83 66 96 52 61 79 87 66 77 98 12 92 85 68 71
8 20 54 73 55 64 14 29 24 71 14 72 90 43 9 42 43 3 69 36 83 9 70 4 84 74 95 75 69 39
29 1 25 75 62 4 8 39 13 17 15 96 43 40 12 39 44 50 88 97 23 13 68 65 7 26 1 63 52 8
34 5 96 18 20 47 95 79 94 37 48 32 10 19 63 12 60 96 58 17 53 69 1 51 97 47 93 50 49 24
53 42 29 95 79 17 33 27 40 74 42 21 28 23 71 8 96 39 9 68 71 25 49 48 87 68 90 75 97 21
24 5 81 82 98 54 10 43 56 5 1 63 36 31 63 5 75 3 50 20 73 52 49 77 87 98 8 12 14 63
90 56 12 87 14 7 10 90 90 83 13 49 17 1 47 87 49 53 40 96 15 26 85 2 58 8 76 42 50 35
7 38 76 58 77 40 74 42 83 67 9 78 55 63 75 17 15 26 53 93 60 82 85 78 69 22 42 78 3 71
75 94 11 71 47 77 86 3 57 53 47 1 60 70 27 16 3 50 1 7 27 70 42 23 16 1 18 79 95 49
64 44 80 23 87 1 65 5 4 52 29 77 33 77 6 85 15 98 53 48 68 46 88 52 51 1 47 32 54 54
91 5 13 19 31 31 3 65 83 7 70 1 85 39 53 72 28 98 79 89 51 55 57 44 96 56 95 55 26 1
6 28 86 24 66 5 75 87 71 78 87 68 68 90 33 41 49 33 91 54 58 82 82 11 49 29 25 22 93 31
58 84 53 32 1 88 24 83 39 55 30 34 92 32 60 26 60 92 7 92 47 59 74 54 95 78 91 67 93 96
27 97 54 72 97 23 34 43 6 39 29 72 44 76 26 44 35 48 5 4 20 2 26 80 30 28 3 56 83 41
64 78 92 33 74 17 25 86 98 40 65 73 56 92 57 13 11 78 47 63 79 7 67 56 18 1 17 81 53 95
3 83 42 8 50 46 72 65 28 11 13 81 33 93 53 82 61 82 23 7 28 55 64 71 73 51 79 10 98 70
19 12 50 96 28 14 86 55 78 77 24 18 59 69 76 60 53 85 95 67 2 32 55 72 30 1 74 86 67 52
39 78 16 94 66 84 89 77 96 77 67 46 8 49 38 98 99 66 40 81 99 75 81 55 28 75 57 49 5 66
66 96 7 55 22 8 21 73 25 30 78 98 16 24 65 27 12 34 81 44 99 66 55 77 60 16 86 87 27 15
42 25 27 82 60 71 70 15 79 84 92 57 16 87 43 11 96 91 25 50 51 82 30 45 96 80 88 82 92 78
96 82 35 66 49 39 17 20 76 85 39 8 60 18 87 65 98 33 89 97 12 69 40 24 86 97 61 25 64 92
12 7 57 26 77 42 32 71 11 36 3 91 97 34 70 55 29 43 37 9 89 83 32 78 18 8 40 14 85 58
92 42 78 34 54 89 33 53 98 4 52 53 40 54 61 18 8 70 78 59 99 83 55 50 15 11 70 78 66 84
17 89 14 29 86 6 30 99 48 80 32 99 68 48 52 68 37 69 54 3 54 98 94 45 16 42 69 58 64 49
37 16 78 34 61 12 31 25 18 39 92 75 46 57 34 23 54 88 62 74 87 66 84 31 91 39 29 92 64 1
28 40 80 67 96 57 21 44 82 88 56 11 70 49 36 6 36 85 47 40 48 66 99 25 47 77 15 32 26 6
51 23 76 57 18 8 25 4 87 89 76 9 85 47 83 48 51 25 42 53 42 29 20 22 86 77 13 36 12 16
46 64 65 17 46 2 14 15 51 6 49 35 32 61 68 1 66 16 94 81 7 83 23 16 50 19 94 27 92 84
64 5 61 30 26 25 62 92 45 96 50 40 6 2 35 72 94 86 61 95 48 23 4 56 44 38 6 39 72 34
32 81 84 63 9 88 45 40 7 46 24 3 15 21 96 33 8 48 30 5 35 52 94 14 26 15 41 17 70 47
45 99 49 38 60 86 57 76 66 56 24 36 29 33 97 37 65 66 48 7 51 33 43 81 57 39 58 81 15 77
59 42 92 49 46 98 64 66 49 37 65 62 90 64 62 89 89 76 59 60 16 51 66 49 38 21 2 15 51 77
84 50 74 54 62 61 37 60 8 82 93 1 98 60 54 55 32 24 6 89 28 27 84 43 23 95 41 48 61 41
2 56 59 95 68 21 72 86 67 40 95 65 74 1 10 50 41 98 33 33 4 47 55 90 43 44 14 46 75 42

Demandas:
0 0 0 1 0 0 0
0 0 0 0 0 0 1
0 1 0 0 0 0 0
0 1 0 0 0 0 0
0 0 0 0 0 0 1
0 0 1 0 0 0 0
0 0 1 0 0 0 0
0 0 1 0 0 0 0
0 0 0 0 1 0 0
0 0 0 0 0 0 1
0 1 0 0 0 0 0
0 0 0 0 0 0 1
0 1 0 0 0 0 0
1 0 0 0 0 0 0
0 0 1 0 0 0 0
0 0 0 0 1 0 0
1 0 0 0 0 0 0
0 0 1 0 0 0 0
0 0 1 0 0 0 0
0 1 0 0 0 0 0
0 0 0 0 0 1 0
0 0 0 0 0 1 0
0 0 0 1 0 0 0
0 0 0 1 0 0 0
0 0 0 0 1 0 0
0 0 1 0 0 0 0
0 1 0 0 0 0 0
0 0 0 0 0 1 0
0 0 1 0 0 0 0
0 0 0 0 0 1 0
0 1 0 0 0 0 0
0 0 1 0 0 0 0
0 0 1 0 0 0 0
0 1 0 0 0 0 0
0 0 0 0 0 1 0
1 0 0 0 0 0 0
0 0 0 0 0 1 0
0 0 0 0 0 0 1
0 0 0 0 0 0 1
0 0 1 0 0 0 0
0 0 0 1 0 0 0
0 0 0 1 0 0 0
0 0 1 0 0 0 0
0 0 0 0 0 1 0
0 1 0 0 0 0 0
0 0 1 0 0 0 0
0 0 1 0 0 0 0
0 0 0 0 1 0 0
0 0 0 1 0 0 0
0 0 1 0 0 0 0
0 0 0 0 0 1 0
1 0 0 0 0 0 0
0 0 1 0 0 0 0
0 0 0 1 0 0 0
1 0 0 0 0 0 0
0 0 0 0 0 1 0
0 0 1 0 0 0 0
0 0 1 0 0 0 0
0 0 0 0 1 0 0
0 0 0 1 0 0 0
0 0 1 0 0 0 0
0 0 0 0 1 0 0
0 0 0 0 0 1 0
0 1 0 0 0 0 0
0 0 0 0 0 1 0
0 0 0 0 1 0 0
0 0 0 1 0 0 0
0 0 0 0 1 0 0
0 0 1 0 0 0 0
0 0 0 0 1 0 0
0 0 0 0 0 1 0
1 0 0 0 0 0 0
0 0 0 0 1 0 0
0 0 0 0 0 1 0
0 0 0 0 0 1 0
0 0 0 0 0 0 1
1 0 0 0 0 0 0
0 0 0 0 1 0 0
0 0 0 0 0 1 0
0 0 0 0 0 0 1
0 0 0 1 0 0 0
0 0 0 0 0 0 1
0 0 0 1 0 0 0
0 1 0 0 0 0 0
0 0 0 0 0 0 1
1 0 0 0 0 0 0
0 0 1 0 0 0 0
0 0 1 0 0 0 0
0 1 0 0 0 0 0
0 0 0 1 0 0 0
0 0 0 1 0 0 0
0 0 0 0 0 1 0
0 1 0 0 0 0 0
0 0 0 1 0 0 0
0 0 0 0 0 0 1
0 0 0 0 0 1 0
0 0 0 0 0 1 0
0 0 0 0 1 0 0
1 0 0 0 0 0 0
0 0 0 1 0 0 0

Capacidades:
1 4 0 3 0 2 2
3 3 4 1 2 1 1
0 0 3 3 1 0 4
0 1 0 2 3 4 0
0 2 1 2 0 0 3
3 0 1 0 1 4 4
2 3 1 1 2 0 1
1 1 4 0 3 1 0
1 2 4 4 4 4 2
4 1 1 4 1 1 0
3 3 2 1 3 0 0
1 4 3 3 2 0 0
4 4 0 3 1 0 1
0 4 4 4 3 3 4
1 4 4 3 1 0 0
0 2 2 4 0 4 3
1 3 1 0 0 2 3
3 1 4 1 3 4 3
1 1 2 0 2 4 2
1 3 1 1 1 2 4
2 3 1 1 4 0 2
3 0 4 1 1 4 1
0 2 4 4 1 4 0
0 4 0 2 2 3 0
3 3 2 0 0 1 1
2 4 2 2 2 4 0
2 3 1 4 0 1 3
4 3 4 0 3 1 2
0 1 3 3 1 0 1
0 3 0 3 3 3 0
