m: 100
n: 30
k: 6

Distancias:
91 20 21 26 60 58 58 40 99 6 21 69 35 7 39 41 34 33 99 24 19 3 95 43 36 86 5 73 78 31
48 42 93 19 53 25 81 39 1 96 33 82 1 85 88 83 97 90 31 56 15 38 80 71 23 7 61 32 54 18
52 51 34 82 81 42 92 59 82 83 1 35 22 79 83 72 37 99 7 18 30 53 69 11 51 83 87 99 2 48
42 68 37 39 71 33 81 59 19 94 64 12 49 38 11 36 99 24 56 74 27 53 21 65 1 17 89 89 9 77
12 9 8 81 99 62 13 63 87 31 66 32 95 37 57 79 83 72 70 46 55 56 21 52 53 20 26 41 49 32
92 2 47 51 57 81 4 94 89 43 84 38 97 92 38 72 67 93 87 86 12 21 70 94 87 24 71 73 74 67
71 5 94 1 77 14 28 29 44 35 58 95 68 93 68 58 14 64 15 35 50 46 82 42 80 27 15 87 65 16
43 19 75 58 55 83 19 34 68 71 17 55 79 4 57 5 8 59 38 5 15 55 66 11 57 33 12 86 45 19
92 65 15 51 65 30 29 91 13 61 69 9 29 79 41 69 57 28 93 67 30 66 37 8 98 32 3 45 97 99
52 27 48 12 67 9 48 56 91 12 61 56 89 44 76 13 84 97 29 14 79 33 17 77 78 25 81 27 20 42
40 63 12 94 63 88 92 40 61 49 14 99 46 43 90 29 91 71 24 54 97 3 12 49 40 92 98 72 99 50
28 36 30 10 29 77 98 48 72 21 57 99 75 83 82 80 58 24 6 55 95 85 52 77 74 50 76 63 3 45
59 33 31 63 50 69 88 31 56 68 45 92 26 10 40 14 46 99 37 10 88 53 6 38 97 20 89 55 53 78
15 25 31 38 51 14 3 99 29 94 43 28 98 18 75 1 48 17 87 86 68 19 92 48 43 74 66 22 33 26
67 72 66 47 70 98 5 22 74 86 84 30 43 79 49 59 89 46 86 26 29 77 33 34 12 45 55 68 64 40
2 61 1 52 79 22 86 19 45 62 25 24 95 13 12 90 45 52 82 53 23 97 32 98 20 87 1 47 8 5
2 75 32 32 21 39 51 31 22 97 52 78 35 50 33 82 84 29 29 15 44 87 89 78 15 65 70 98 8 13
80 43 25 41 27 79 3 59 40 23 75 26 6 57 43 73 57 2 59 1 36 25 77 28 81 1 19 73 65 36
51 89 95 54 99 43 12 29 75 16 78 69 40 3 19 72 91 20 59 48 82 20 50 39 43 48 32 8 33 54
23 65 35 66 77 45 61 26 99 76 25 67 47 62 70 39 77 64 6 45 54 79 60 65 37 70 42 93 16 72
48 36 41 77 59 19 40 23 17 78 9 65 96 99 40 66 30 71 86 4 45 66 24 78 96 64 87 16 30 79
12 87 79 62 49 6 24 43 26 68 74 76 61 10 41 67 34 94 4 48 19 12 54 16 58 23 96 10 50 72
65 85 74 59 15 57 45 89 24 70 24 86 48 31 28 57 6 77 27 50 88 71 97 85 97 52 44 27 64 44
97 30 86 43 83 15 49 2 24 43 49 85 8 62 12 71 51 66 75 26 3 9 46 40 82 77 88 41 4 20
6 62 14 46 56 63 49 60 91 34 32 55 93 20 31 1 76 82 11 8 87 74 86 81 96 12 44 15 76 57
42 62 69 11 27 40 86 56 62 9 80 85 82 90 95 88 64 33 58 37 77 30 76 69 27 34 52 69 31 17
85 23 6 76 20 36 10 41 9 46 12 52 46 43 77 31 20 64 63 62 58 15 46 61 39 34 96 81 13 63
12 46 63 45 82 49 99 66 42 5 78 50 51 67 87 2 25 51 92 77 51 93 87 14 70 77 80 95 39 28
8 95 96 22 59 57 80 64 25 90 57 7 87 30 21 86 66 96 82 17 75 89 7 48 73 36 73 67 16 81
63 8 90 68 70 82 64 32 13 35 56 97 73 25 28 47 10 28 93 71 29 71 75 53 87 43 64 33 90 57
45 84 18 87 94 16 21 76 91 76 78 67 46 66 58 42 30 16 60 71 91 39 42 11 80 93 90 69 59 44
45 15 68 91 19 67 5 20 28 68 80 56 55 12 5 2 55 25 33 74 44 53 72 11 90 90 62 2 83 50
13 2 76 98 59 46 1 42 51 2 2 90 26 63 25 10 14 41 67 36 3 96 59 6 38 6 14 52 97 3
66 22 52 63 14 78 90 36 56 78 28 86 99 67 38 23 14 28 60 13 58 88 36 72 34 4 25 88 87 2
13 82 17 93 59 36 46 49 47 78 71 50 74 96 46 85 59 84 70 83 16 60 10 73 97 47 20 78 50 67
1 7 16 79 34 96 67 76 63 97 67 57 45 46 17 45 87 73 64 2 4 33 26 58 98 21 59 98 51 39
6 50 87 86 36 58 30 23 53 55 20 11 93 45 38 28 63 20 27 18 52 78 73 39 65 66 63 34 52 37
98 51 59 84 69 13 45 13 76 25 70 19 43 76 90 16 10 99 35 13 57 92 31 48 75 67 97 27 32 88
69 92 71 72 97 6 33 59 51 31 81 53 84 60 2 72 77 49 25 24 56 67 5 96 21 12 61 5 37 47
38 97 16 64 61 93 12 48 36 9 20 11 31 64 85 13 79 31 86 40 26 10 31 10 39 17 35 24 53 54
96 79 47 1 49 77 11 98 59 57 46 12 34 15 73 44 81 31 28 94 24 80 75 14 99 25 83 36 97 50
63 28 69 77 21 23 51 50 17 58 1 55 50 50 38 65 29 85 78 45 50 85 21 6 43 89 92 34 64 41
26 9 55 67 81 13 69 81 69 23 4 71 88 38 25 61 97 52 80 77 74 91 68 26 67 57 60 2 20 96
21 85 4 49 95 87 19 23 18 26 42 55 65 66 5 43 83 18 24 59 4 82 89 73 28 94 66 86 99 67
96 10 5 70 19 58 6 61 20 45 42 2 95 33 45 87 98 21 47 29 59 95 87 18 85 47 63 25 12 77
59 7 81 54 96 34 78 77 60 72 53 28 54 92 23 86 78 61 38 3 13 49 49 77 65 65 92 19 53 38
20 73 87 91 90 91 44 64 2 90 67 97 95 58 79 58 32 92 7 54 61 9 77 28 72 31 28 94 97 99
53 11 13 79 51 73 48 68 68 6 2 32 99 74 28 77 75 93 72 24 50 63 7 61 75 33 59 48 14 21
74 96 8 19 26 98 53 93 37 42 7 56 61 59 56 67 40 79 50 63 79 14 60 22 45 44 61 47 29 51
4 29 61 54 10 56 35 47 36 69 10 38 99 27 15 16 52 47 26 94 86 87 25 27 88 23 23 94 55 5
10 55 70 64 22 45 40 45 97 26 59 21 21 8 26 76 16 52 87 70 89 51 57 84 86 66 92 88 93 15
71 94 69 74 46 20 28 40 99 58 10 50 90 90 78 60 62 6 98 69 28 31 67 18 88 56 94 21 12 16
40 85 98 1 95 38 88 68 17 43 62 5 10 31 91 11 73 20 47 34 43 81 36 41 79 63 23 62 26 82
38 86 17 42 76 17 45 20 67 51 77 75 3 45 25 82 29 9 95 61 4 79 76 7 88 8 15 33 90 56
48 19 24 87 67 21 90 9 40 61 13 51 9 76 49 62 64 6 97 16 81 77 50 84 4 33 2 43 27 44
12 81 76 87 33 60 33 65 9 70 88 76 90 52 22 57 41 87 1 51 6 77 49 32 19 52 55 53 30 86
67 93 16 87 31 20 78 75 6 51 35 3 59 16 48 24 88 6 8 77 49 5 72 71 48 39 74 86 30 53
13 31 43 44 8 8 97 4 98 22 61 11 11 55 42 95 15 39 36 48 44 8 91 2 38 18 20 82 62 92
54 26 35 92 24 47 50 8 43 47 67 88 63 61 84 21 94 94 26 33 46 45 33 83 70 48 37 1 28 7
16 36 50 60 26 74 74 79 92 86 2 22 61 44 19 72 45 51 4 74 12 24 51 71 89 27 47 89 98 48
7 30 20 12 49 63 87 54 75 4 90 48 12 17 53 3 76 24 77 3 53 35 68 88 87 86 19 52 62 69
19 95 29 71 93 81 45 51 89 36 34 29 12 68 73 4 29 5 65 29 41 36 27 86 30 39 56 29 66 1
25 81 23 41 17 78 79 12 52 76 54 50 12 54 6 46 18 76 7 10 37 82 13 87 87 8 74 81 27 43
4 85 55 93 71 3 91 12 48 19 71 12 54 23 55 97 47 47 71 40 32 55 84 31 10 94 30 32 34 9
96 40 42 12 56 84 84 35 20 68 1 94 23 95 49 64 95 83 40 2 69 60 81 70 44 61 46 77 34 40
18 96 58 45 43 7 16 47 54 6 74 31 80 68 38 71 57 98 25 74 30 2 83 31 86 56 59 26 76 36
28 54 16 62 66 32 76 44 9 45 66 22 69 70 35 67 61 58 32 84 46 72 60 49 19 98 86 41 87 69
71 58 5 98 99 19 37 27 73 7 39 8 65 13 84 98 30 43 38 73 30 28 5 19 6 96 71 57 51 69
88 13 89 86 76 35 27 50 33 76 16 37 86 32 99 76 67 37 69 16 36 15 18 74 28 81 49 12 91 38
33 11 48 46 70 41 32 41 83 51 4 37 93 65 85 82 39 24 76 66 72 51 59 22 33 44 43 56 68 45
98 6 87 73 29 71 99 92 12 43 45 6 78 55 30 98 69 40 26 64 62 43 92 69 83 24 15 66 70 97
16 90 47 26 35 40 81 3 51 91 17 89 89 73 89 5 23 3 69 55 21 13 90 30 94 45 6 74 10 95
5 1 40 17 22 66 45 25 70 25 71 59 84 72 33 83 54 74 47 96 91 68 48 88 25 12 13 31 11 97
55 1 8 37 15 69 45 3 58 4 46 82 12 94 2 82 75 48 11 70 84 43 46 57 90 39 73 2 30 64
75 45 61 67 17 88 92 28 19 12 67 89 14 11 30 84 13 36 32 27 81 87 93 62 74 36 62 95 71 82
68 48 41 18 49 54 75 69 72 3 11 77 13 93 16 8 28 18 26 30 66 97 83 99 62 53 63 20 54 6
96 90 69 66 41 83 91 5 10 38 89 7 86 53 22 39 52 57 6 77 97 28 66 23 51 96 92 88 96 29
79 39 86 5 82 74 5 49 59 64 99 32 51 48 38 3 59 55 55 41 44 9 67 82 49 44 72 5 71 39
64 28 66 57 49 2 49 56 62 55 79 90 95 90 72 61 63 15 34 35 53 56 48 70 48 95 91 3 14 29
99 76 2 36 3 62 29 84 63 75 25 99 90 56 80 72 80 26 44 69 67 65 68 8 36 31 13 43 8 20
73 93 98 21 33 78 13 76 76 13 48 63 36 45 81 79 65 78 52 32 75 91 90 60 95 10 71 98 68 45
38 32 72 26 40 96 17 7 79 58 44 51 53 23 33 52 20 92 61 27 84 45 88 34 91 95 93 8 27 71
17 25 53 51 56 75 33 62 84 22 67 95 35 13 47 46 76 2 44 83 59 34 81 53 73 46 53 13 35 13
41 11 65 26 96 97 18 38 50 71 82 46 74 53 36 6 68 91 35 10 86 42 71 10 62 55 91 54 17 49
43 70 81 30 58 56 83 42 16 24 4 41 1 65 36 26 66 16 63 71 94 47 40 40 51 52 22 19 33 85
59 24 77 60 13 92 74 93 60 85 50 11 83 18 37 78 31 80 23 80 53 3 23 8 33 9 62 96 88 90
54 81 78 74 38 98 80 85 37 22 1 97 45 13 64 72 18 86 43 74 77 10 63 10 71 49 61 63 82 12
37 87 98 47 86 20 70 7 99 26 82 66 52 94 50 47 93 19 53 34 88 91 38 17 37 10 98 5 99 27
58 5 70 32 95 64 73 5 93 3 34 51 95 41 78 57 56 78 95 8 95 43 65 25 62 42 28 50 73 19
50 66 68 55 66 34 96 32 10 3 87 83 93 57 40 78 54 12 92 68 94 23 30 17 59 63 8 47 80 13
79 36 11 53 7 53 58 32 76 49 49 16 28 3 10 36 98 68 35 23 3 41 22 94 40 9 17 42 84 86
41 27 60 95 14 20 9 23 70 4 40 35 2 53 64 61 82 71 21 78 47 86 69 92 42 54 9 7 47 60
49 49 66 87 8 56 73 17 32 45 34 99 82 38 79 56 66 72 70 92 73 78 68 87 28 39 90 30 81 2
41 55 43 28 48 39 44 54 88 6 58 11 72 23 95 53 44 9 43 63 10 71 11 92 18 26 23 4 66 4
50 85 7 57 57 88 84 36 65 73 54 48 79 86 3 25 44 30 23 43 36 67 19 61 17 87 56 17 52 75
99 95 88 12 65 74 28 99 23 16 91 46 32 72 49 64 73 1 32 29 98 12 31 91 37 99 76 22 4 87
26 75 76 76 13 34 14 19 98 24 21 28 21 51 36 52 33 50 58 13 97 79 98 23 36 92 43 61 51 72
31 10 22 9 89 93 65 16 98 19 75 33 84 46 84 37 67 30 2 10 95 72 2 87 22 8 40 70 49 38
34 51 87 96 28 83 64 43 43 87 4 69 78 8 9 3 81 97 16 6 97 39 94 19 23 13 95 69 65 16
44 6 23 27 32 29 42 51 36 41 44 72 76 3 55 3 3 35 53 77 24 19 3 68 1 81 2 42 22 6

Demandas:
1 0 0 0 0 0
0 1 0 0 0 0
0 0 0 1 0 0
0 0 0 0 0 1
0 0 1 0 0 0
0 0 0 1 0 0
1 0 0 0 0 0
0 0 0 0 1 0
0 0 0 0 0 1
0 0 0 0 1 0
1 0 0 0 0 0
0 0 0 0 0 1
0 0 0 0 1 0
0 0 0 0 0 1
0 0 0 1 0 0
0 1 0 0 0 0
0 0 0 1 0 0
0 0 0 0 0 1
0 0 0 1 0 0
0 1 0 0 0 0
0 0 0 1 0 0
0 1 0 0 0 0
0 0 0 0 1 0
0 0 0 0 0 1
0 0 0 0 0 1
0 0 0 0 0 1
0 1 0 0 0 0
0 0 0 0 1 0
0 1 0 0 0 0
0 0 0 1 0 0
0 0 0 0 0 1
0 0 1 0 0 0
1 0 0 0 0 0
1 0 0 0 0 0
0 0 0 1 0 0
0 1 0 0 0 0
1 0 0 0 0 0
0 0 1 0 0 0
0 1 0 0 0 0
0 0 0 0 1 0
0 1 0 0 0 0
0 0 0 1 0 0
0 1 0 0 0 0
0 0 1 0 0 0
0 1 0 0 0 0
0 1 0 0 0 0
0 1 0 0 0 0
0 0 0 0 0 1
1 0 0 0 0 0
0 0 1 0 0 0
1 0 0 0 0 0
0 0 0 1 0 0
0 0 0 0 1 0
0 0 0 1 0 0
0 0 1 0 0 0
0 0 0 1 0 0
0 0 1 0 0 0
0 0 0 1 0 0
0 0 0 1 0 0
1 0 0 0 0 0
0 0 0 1 0 0
1 0 0 0 0 0
1 0 0 0 0 0
0 0 0 0 0 1
0 1 0 0 0 0
0 0 0 1 0 0
0 0 1 0 0 0
0 0 1 0 0 0
0 1 0 0 0 0
0 0 1 0 0 0
0 0 0 1 0 0
0 1 0 0 0 0
0 0 0 1 0 0
0 1 0 0 0 0
1 0 0 0 0 0
0 0 0 1 0 0
1 0 0 0 0 0
0 0 0 0 0 1
0 0 0 0 0 1
1 0 0 0 0 0
0 0 0 0 0 1
1 0 0 0 0 0
0 0 1 0 0 0
0 0 1 0 0 0
0 1 0 0 0 0
0 0 0 1 0 0
0 0 1 0 0 0
0 0 0 0 0 1
0 0 1 0 0 0
0 0 0 1 0 0
0 0 1 0 0 0
0 0 0 0 1 0
0 0 0 1 0 0
0 0 1 0 0 0
0 0 0 0 0 1
0 0 0 1 0 0
0 0 0 1 0 0
0 1 0 0 0 0
0 0 0 0 0 1
1 0 0 0 0 0

Capacidades:
2 3 4 4 3 2
0 1 3 4 2 1
0 3 0 4 4 1
3 2 3 1 4 2
1 3 4 4 1 1
4 3 4 4 1 2
4 4 1 3 2 3
4 1 0 3 2 3
0 3 4 1 3 1
3 2 4 1 1 3
4 4 4 4 4 4
3 4 4 3 2 2
3 0 4 3 0 0
1 4 3 2 1 4
4 2 3 3 3 3
1 1 4 3 4 3
4 1 2 2 4 0
2 4 1 0 2 1
2 2 2 0 3 2
4 1 1 1 3 4
4 3 2 0 3 3
2 2 0 4 4 3
0 3 2 2 3 0
0 1 1 0 2 1
1 0 4 1 3 1
1 0 0 0 2 4
0 2 2 2 2 4
2 0 3 4 1 3
1 3 0 0 1 1
1 1 2 2 1 0
