m: 100
n: 30
k: 7

Distancias:
22 15 91 98 50 74 16 18 99 71 1 34 58 23 49 31 92 75 27 96 54 62 76 96 88 89 89 39 31 46
16 99 45 97 9 12 30 41 67 60 70 80 72 72 70 19 9 36 11 98 93 57 64 41 60 98 69 13 48 48
16 94 65 72 82 40 32 48 12 82 54 69 87 8 39 79 83 13 88 59 26 50 55 17 79 5 99 68 64 61
50 13 91 77 24 97 70 71 22 80 57 52 11 67 70 73 77 42 43 44 69 13 30 31 71 73 75 5 65 16
26 46 45 82 90 84 28 84 16 67 10 23 38 93 8 80 92 8 47 44 83 63 5 87 56 8 98 68 94 23
71 32 59 17 35 18 21 58 92 72 50 89 39 87 48 83 95 38 2 98 69 44 54 47 20 45 56 58 31 45
13 51 51 15 17 29 20 78 96 6 33 89 77 10 49 95 99 28 40 16 45 25 28 32 95 32 15 36 13 59
56 20 92 3 16 33 54 68 77 57 63 80 47 88 5 13 22 51 70 68 23 22 92 88 62 82 51 23 4 15
90 93 21 57 14 65 82 2 52 8 54 81 42 57 19 73 25 60 94 95 66 92 67 59 58 25 56 12 12 22
69 11 56 35 83 18 77 11 50 34 45 19 42 91 50 58 6 14 37 94 45 99 72 32 34 4 17 94 66 24
80 18 28 28 29 65 5 96 56 33 81 81 21 27 19 84 32 38 45 62 91 66 80 53 89 51 15 13 29 14
55 29 57 65 71 28 3 93 24 83 40 99 30 96 72 14 94 65 95 68 4 9 76 14 16 5 25 53 82 60
42 56 93 89 57 67 90 49 65 54 17 74 17 32 41 26 19 73 12 94 25 59 46 21 42 59 48 52 38 9
52 79 10 85 97 46 80 34 2 4 26 40 35 79 63 35 92 33 66 50 8 94 98 32 84 32 82 69 44 4
11 28 13 57 23 59 92 67 45 68 46 81 81 4 95 32 75 89 29 49 72 46 44 26 10 44 26 60 35 36
40 75 39 23 48 93 15 33 99 33 24 24 30 20 89 82 78 42 13 50 72 61 13 72 75 75 27 95 29 12
42 86 88 38 6 76 16 32 30 71 31 71 88 97 19 77 51 40 10 87 49 42 69 27 61 49 97 55 67 10
54 37 78 32 8 15 16 99 71 74 11 95 34 78 65 4 55 11 51 75 4 20 16 36 9 30 29 39 65 58
12 86 97 29 13 86 34 83 65 37 66 93 84 18 38 13 82 82 8 59 3 48 84 30 3 11 88 99 64 32
24 28 19 16 93 50 80 98 53 62 77 23 59 76 23 22 11 7 31 22 95 64 8 45 24 42 37 22 44 10
41 78 79 10 66 65 36 78 56 56 1 93 18 50 20 44 85 80 8 1 6 56 44 82 20 25 84 95 35 4
10 60 79 15 79 95 21 92 73 11 2 10 64 14 56 93 1 18 15 50 56 54 41 28 8 58 65 19 85 25
98 96 16 39 98 20 47 72 66 14 95 98 27 99 5 14 7 63 61 72 5 66 82 6 21 93 32 67 49 76
8 95 24 93 68 62 47 66 93 57 36 19 26 12 94 19 59 19 83 88 58 33 39 36 56 32 22 68 3 7
1 53 41 53 54 95 92 80 10 98 99 17 44 44 2 34 90 19 38 64 21 94 72 18 40 5 57 26 70 45
26 89 13 41 98 15 91 49 81 84 89 67 47 97 45 68 25 88 37 78 12 20 71 15 81 23 18 97 7 9
49 49 70 53 85 78 99 74 44 17 27 19 18 32 23 41 21 13 64 34 86 47 39 96 54 68 26 20 26 7
21 11 61 44 86 21 55 74 96 70 40 92 43 59 44 83 75 99 7 41 93 88 34 63 70 15 85 58 74 86
11 97 33 78 81 5 87 16 97 45 57 67 59 99 55 3 38 3 11 71 74 12 73 70 47 40 97 71 26 68
66 35 44 54 51 33 19 21 46 2 73 80 80 54 22 16 28 11 34 22 10 8 74 48 16 21 9 58 82 41
54 8 24 40 45 68 93 23 26 78 22 80 5 14 48 22 73 49 45 44 59 55 40 51 17 57 65 32 76 65
26 49 93 65 62 22 13 13 19 66 61 90 18 55 38 53 44 24 58 93 75 33 93 38 90 64 84 71 70 84
4 7 72 42 95 37 20 4 78 51 31 9 2 98 6 31 12 65 14 16 16 53 59 68 77 82 86 16 95 74
66 81 53 43 84 32 39 28 51 50 77 20 50 8 61 85 29 58 17 83 29 4 5 53 48 92 16 15 21 47
95 89 50 21 80 74 59 98 73 98 25 64 74 90 37 92 38 32 9 94 84 90 20 59 89 67 15 9 51 85
79 22 48 53 79 30 86 32 32 57 37 53 87 49 34 28 78 73 16 89 28 74 3 37 90 49 75 17 38 11
23 36 30 97 9 75 17 87 65 24 88 55 24 41 50 59 91 15 23 35 4 31 86 87 73 82 77 26 6 38
20 15 4 83 33 20 45 30 4 23 18 67 28 11 94 43 44 32 99 35 11 13 92 5 70 43 80 79 18 14
82 3 7 41 38 59 85 72 49 97 12 17 94 31 37 7 74 48 22 42 13 18 89 43 87 31 83 8 9 96
50 15 50 73 70 39 28 61 32 33 16 5 13 66 15 69 99 88 54 63 38 46 87 69 50 14 79 70 87 76
42 43 20 76 2 31 9 82 16 20 81 19 7 83 32 18 12 93 52 45 50 93 98 51 30 58 82 54 78 98
14 26 25 53 36 34 90 17 52 70 37 60 97 89 96 97 59 55 4 96 61 38 41 34 82 28 71 36 50 82
82 63 94 88 76 39 87 18 63 68 47 25 13 17 25 87 60 55 17 1 60 35 74 47 94 30 81 25 10 11
62 79 51 13 75 70 71 94 55 63 39 49 4 18 36 64 79 6 3 61 23 94 31 90 23 36 86 71 27 38
40 4 53 3 55 3 69 20 63 9 10 93 89 42 29 39 40 50 30 11 2 29 1 86 11 98 10 90 2 30
71 77 14 90 4 36 81 12 30 60 64 51 47 68 13 75 94 41 3 51 91 67 88 79 75 57 40 77 67 9
84 15 39 20 78 9 1 99 34 55 95 85 12 94 92 10 49 70 96 79 81 32 20 46 61 46 29 71 65 77
88 34 49 3 7 96 78 38 65 17 8 14 37 30 93 17 21 23 26 2 17 23 82 44 51 60 78 40 94 13
29 41 41 74 78 67 6 15 73 11 69 58 69 61 64 75 34 22 94 72 50 2 89 44 6 44 45 73 85 86
67 96 29 31 40 80 89 77 5 95 68 34 62 54 53 93 81 63 56 50 78 68 7 47 85 28 11 28 87 67
20 87 54 45 77 96 56 77 32 50 31 74 8 21 75 30 46 83 8 83 12 29 71 6 77 39 35 93 56 91
95 60 49 43 34 83 69 51 47 6 57 17 19 77 72 4 81 38 70 80 76 33 89 90 6 1 5 68 84 89
21 92 79 9 66 12 77 24 85 98 67 32 31 13 84 86 1 32 64 59 93 5 12 45 2 90 65 40 99 46
20 79 55 49 97 78 75 38 53 2 95 99 20 7 78 91 37 30 95 38 59 87 62 56 70 29 19 2 84 55
2 14 43 94 6 56 64 48 16 41 95 88 46 85 99 45 94 45 96 55 32 80 91 45 83 16 85 57 63 4
83 65 77 21 77 21 89 84 27 71 36 41 69 38 65 42 30 72 98 92 17 63 42 38 18 35 90 86 38 9
50 56 56 31 81 26 55 33 81 35 90 54 83 19 10 49 88 30 54 42 49 61 5 45 51 98 79 19 20 18
11 92 91 47 50 52 65 38 9 9 59 33 49 76 94 45 89 29 21 42 24 36 32 73 31 71 88 86 17 59
92 66 19 49 19 11 46 81 51 55 64 44 36 30 32 69 56 56 51 76 92 67 49 73 81 29 31 3 8 2
58 53 52 7 71 95 30 76 8 10 2 12 15 3 29 46 63 15 10 49 68 81 62 75 40 2 94 16 84 68
65 86 90 92 12 10 14 72 54 32 9 82 8 34 12 82 29 40 10 67 67 11 8 86 20 25 32 44 37 3
11 90 77 39 31 56 72 41 18 53 59 86 32 43 26 91 83 60 32 12 55 30 22 13 23 92 27 37 62 14
47 56 30 53 43 88 61 28 79 40 13 51 4 22 21 79 3 37 30 13 79 18 60 62 25 8 78 45 72 24
6 38 98 39 41 13 68 65 85 81 96 12 4 12 83 13 17 20 21 31 51 97 94 27 2 37 37 26 17 74
48 41 3 58 4 97 40 57 16 52 37 42 19 18 16 75 53 83 64 83 98 3 52 86 61 71 83 2 16 32
3 39 58 81 61 57 12 75 89 64 20 87 72 69 43 22 82 35 62 79 11 85 33 66 93 27 50 33 49 27
97 96 67 19 10 45 24 43 61 62 28 68 35 86 46 58 74 87 70 8 99 2 5 2 15 58 17 20 93 53
31 43 53 78 5 52 89 40 34 56 94 80 62 74 78 37 62 57 47 60 73 4 50 62 23 28 29 25 65 15
19 21 84 5 47 61 89 63 9 64 17 16 28 25 65 17 14 93 97 71 56 53 82 45 41 66 55 55 57 32
34 55 31 78 62 8 80 50 76 16 67 27 57 34 88 85 1 55 83 94 10 15 69 95 12 12 17 10 41 74
17 73 25 78 35 36 20 99 52 89 60 25 27 61 76 52 49 19 29 23 96 17 84 58 32 30 89 86 71 42
48 60 31 98 20 49 93 83 72 19 33 32 91 53 24 8 88 68 57 3 39 47 66 17 29 99 30 34 88 30
37 70 36 77 50 89 46 73 72 98 34 38 20 44 74 96 10 74 35 11 75 61 49 95 29 30 13 82 47 37
52 16 45 54 20 58 76 39 11 48 98 43 25 4 63 66 7 67 51 6 61 98 8 30 59 18 4 97 6 13
92 1 21 20 25 82 81 63 56 30 39 22 19 84 88 29 99 93 58 76 68 7 68 36 32 71 93 72 86 59
16 40 46 64 97 96 49 25 92 57 35 48 31 2 89 60 12 61 97 31 96 30 69 70 39 38 46 98 51 41
12 95 40 71 55 76 9 10 3 45 76 25 42 77 8 54 33 91 2 31 12 11 70 34 43 10 8 22 52 60
45 65 5 83 54 89 11 74 48 25 9 59 15 64 21 66 41 98 73 46 56 99 36 21 83 15 7 71 48 50
86 37 1 97 62 18 58 43 1 96 82 89 8 25 97 72 4 98 74 94 85 34 64 73 59 21 75 62 69 55
60 87 9 2 18 38 4 46 64 94 88 97 10 96 84 62 78 79 7 20 74 70 67 61 21 5 12 92 31 42
26 59 50 95 92 83 73 93 77 28 42 84 74 39 98 69 74 70 16 5 6 77 61 38 51 80 12 99 80 27
34 24 74 96 80 47 56 11 67 83 93 53 13 65 35 54 41 88 63 48 4 26 16 8 28 90 43 70 46 21
72 3 27 20 30 60 83 67 17 64 35 98 79 83 55 90 2 77 26 12 38 91 40 25 1 57 49 93 53 32
28 59 54 76 84 92 57 24 47 41 30 70 67 5 2 45 85 79 4 45 21 44 9 4 98 8 50 39 4 51
90 6 9 70 74 94 87 60 90 43 90 90 34 61 25 2 99 83 90 32 53 2 62 98 65 56 95 63 6 29
62 47 23 9 43 63 69 66 71 48 33 99 75 55 27 85 29 23 10 74 6 23 95 43 16 93 69 49 43 75
17 55 48 17 88 29 33 15 89 5 70 58 40 61 47 47 45 14 46 57 63 59 94 19 66 92 59 91 40 13
10 61 51 14 28 62 75 94 6 39 27 16 57 50 54 69 22 46 4 28 13 33 22 11 82 26 67 22 13 57
40 12 42 2 32 56 32 75 48 44 1 56 84 88 80 52 99 19 96 48 70 73 84 18 15 39 81 89 8 90
5 12 67 69 27 79 65 28 46 78 17 1 31 24 96 79 33 88 29 35 48 56 89 68 83 11 27 26 81 47
99 61 3 40 26 92 82 6 84 36 4 57 97 69 53 69 21 1 76 63 94 75 8 49 33 98 66 36 79 13
2 64 66 87 10 13 43 23 18 97 68 70 20 52 12 5 5 59 61 33 51 87 75 30 85 82 23 2 46 62
89 32 55 49 16 30 69 48 79 12 16 95 17 69 99 62 40 3 34 36 51 40 31 17 7 27 69 89 86 8
68 66 9 42 8 73 99 15 13 81 44 64 49 96 91 77 84 39 17 38 87 56 61 74 30 26 91 19 66 91
67 49 44 19 98 10 91 82 46 53 25 97 7 41 2 1 58 71 69 28 93 11 81 22 51 53 1 64 22 83
56 73 54 43 62 75 25 64 59 71 25 67 29 34 15 56 91 84 13 46 29 62 90 19 83 33 41 47 4 39
72 79 95 33 56 52 20 59 97 86 88 25 75 38 58 80 40 40 75 90 87 88 60 31 66 87 87 21 88 87
13 75 4 44 67 76 79 96 79 96 81 61 77 40 57 76 22 10 34 79 45 39 36 60 94 88 26 39 30 66
83 62 35 46 1 19 88 76 97 22 37 27 48 56 37 5 59 97 81 51 24 48 90 23 95 19 92 97 89 47
68 77 95 22 87 5 13 51 19 70 88 70 46 83 33 88 37 70 56 33 6 75 59 74 35 30 19 76 12 10

Demandas:
0 0 0 0 0 1 0
1 0 0 0 0 0 0
0 0 0 0 0 1 0
0 0 1 0 0 0 0
0 0 0 0 0 0 1
0 0 0 0 1 0 0
0 0 0 0 0 0 1
0 0 0 0 1 0 0
0 0 1 0 0 0 0
0 0 0 0 0 0 1
0 0 0 1 0 0 0
0 0 0 1 0 0 0
1 0 0 0 0 0 0
0 0 0 0 0 1 0
0 0 0 0 0 1 0
0 0 1 0 0 0 0
0 0 0 1 0 0 0
0 0 0 0 0 1 0
0 0 1 0 0 0 0
0 0 0 0 0 1 0
0 1 0 0 0 0 0
0 0 0 1 0 0 0
0 0 0 0 0 0 1
0 0 0 0 1 0 0
1 0 0 0 0 0 0
0 0 0 0 1 0 0
0 0 0 0 0 0 1
0 1 0 0 0 0 0
0 0 1 0 0 0 0
0 0 0 0 1 0 0
1 0 0 0 0 0 0
0 0 0 1 0 0 0
0 0 0 0 0 0 1
0 0 0 0 0 0 1
0 1 0 0 0 0 0
0 1 0 0 0 0 0
0 0 0 1 0 0 0
0 0 0 0 0 0 1
0 1 0 0 0 0 0
0 0 1 0 0 0 0
0 0 0 0 1 0 0
0 0 1 0 0 0 0
0 0 0 0 0 0 1
0 0 0 0 0 1 0
1 0 0 0 0 0 0
0 0 1 0 0 0 0
0 0 0 1 0 0 0
0 0 0 0 0 0 1
0 0 1 0 0 0 0
0 0 0 0 0 1 0
0 0 0 0 0 0 1
0 0 0 0 0 0 1
0 0 0 0 0 0 1
0 0 0 0 1 0 0
0 0 0 0 0 0 1
0 0 0 0 0 1 0
0 0 0 1 0 0 0
1 0 0 0 0 0 0
0 0 0 0 0 1 0
0 0 0 0 1 0 0
0 1 0 0 0 0 0
0 0 0 0 0 0 1
0 1 0 0 0 0 0
1 0 0 0 0 0 0
0 0 1 0 0 0 0
0 0 0 0 0 1 0
0 0 0 0 1 0 0
0 0 0 0 1 0 0
1 0 0 0 0 0 0
0 0 1 0 0 0 0
0 0 1 0 0 0 0
1 0 0 0 0 0 0
0 0 0 1 0 0 0
0 0 0 0 0 0 1
0 0 1 0 0 0 0
0 0 1 0 0 0 0
0 1 0 0 0 0 0
0 0 0 0 0 1 0
0 0 0 0 0 1 0
0 0 0 1 0 0 0
0 0 0 0 0 0 1
0 0 0 0 0 0 1
1 0 0 0 0 0 0
1 0 0 0 0 0 0
0 0 1 0 0 0 0
0 0 0 0 0 0 1
0 0 0 0 1 0 0
0 0 0 0 0 1 0
1 0 0 0 0 0 0
0 0 0 0 0 1 0
0 0 0 0 0 0 1
0 0 0 0 1 0 0
0 1 0 0 0 0 0
0 0 0 0 1 0 0
0 0 0 0 0 0 1
0 0 0 1 0 0 0
1 0 0 0 0 0 0
0 0 0 0 1 0 0
0 0 0 1 0 0 0
0 0 1 0 0 0 0

Capacidades:
0 0 0 1 1 0 0
2 4 2 3 0 0 1
0 3 0 4 3 3 4
2 0 0 4 1 2 4
4 4 4 2 3 2 1
2 1 0 3 0 1 2
1 2 3 3 1 3 1
3 0 0 0 3 3 3
3 1 4 3 1 0 4
2 3 1 3 2 4 4
2 3 3 0 3 2 4
3 0 2 4 3 1 4
0 2 2 4 4 3 2
3 4 4 1 4 3 3
0 3 2 1 3 1 1
3 4 0 0 0 4 4
4 4 3 3 1 3 2
4 3 4 1 4 4 0
2 3 1 1 4 3 2
0 0 1 3 0 0 4
4 1 1 1 2 4 4
3 1 2 3 1 3 2
4 3 1 2 1 3 3
3 2 3 0 1 2 2
4 1 0 1 0 0 4
4 4 2 3 3 2 3
4 3 4 0 1 1 0
3 2 4 0 4 1 1
3 4 2 3 3 0 1
3 3 1 4 4 3 0
