m: 250
n: 75
k: 6

Distancias:
95 12 21 98 87 40 6 8 5 24 87 32 64 90 85 46 70 41 82 10 34 42 40 51 86 95 68 46 64 88 66 47 40 73 72 97 69 63 17 39 79 5 50 51 16 7 48 44 25 87 38 25 47 16 4 80 73 98 75 60 78 85 68 55 7 95 92 57 1 73 57 98 8 80 67
86 7 90 65 62 98 12 67 65 49 89 87 48 88 51 80 79 54 40 27 24 63 11 75 35 65 67 73 13 75 69 79 6 3 68 96 49 9 38 3 80 29 85 8 84 11 59 22 59 64 67 78 89 83 13 26 71 6 87 61 26 41 16 22 5 55 5 49 11 95 34 23 46 62 77
88 82 76 42 29 55 95 5 19 57 39 96 78 65 83 80 18 83 27 27 39 18 8 4 21 22 17 88 29 9 7 40 44 28 1 20 1 44 77 1 62 83 29 37 75 4 91 93 26 65 88 31 49 22 42 38 32 59 69 75 28 82 43 96 84 4 28 17 83 71 37 57 22 96 50
6 99 64 99 22 72 84 69 32 39 13 72 83 53 46 10 11 80 14 31 56 47 69 59 61 36 18 89 46 65 17 51 11 54 88 60 3 97 18 9 74 30 88 40 56 59 77 79 33 7 25 55 23 1 71 78 1 24 44 83 18 43 52 9 15 49 2 42 6 12 28 9 44 49 4
34 12 55 52 1 99 48 47 98 15 43 75 5 5 85 26 13 29 3 58 81 81 21 18 23 23 32 47 40 95 72 64 91 17 15 32 47 36 6 63 67 68 10 79 87 87 60 33 47 4 70 50 30 55 5 22 94 79 45 50 56 43 21 3 46 43 63 96 16 94 84 88 24 94 35
69 21 60 44 8 50 2 40 74 20 57 7 69 1 76 8 45 20 34 93 77 92 84 68 56 57 78 96 2 98 35 17 14 85 28 53 47 29 2 76 92 67 81 19 16 41 94 60 54 31 83 3 28 87 32 81 3 12 60 76 82 76 53 38 25 95 32 19 78 78 29 43 97 25 55
59 21 67 71 55 54 97 51 75 91 16 89 59 37 31 50 43 22 35 25 72 70 88 89 47 23 91 36 52 33 56 33 25 25 80 45 65 37 52 93 89 43 98 80 75 7 13 30 19 20 17 63 43 28 58 97 91 19 79 30 85 12 85 14 25 23 65 71 63 58 51 84 57 52 39
9 2 42 65 43 51 25 92 20 5 77 32 71 85 70 94 27 14 38 50 25 46 9 12 92 25 49 90 73 64 19 64 23 91 49 34 76 55 44 25 2 65 4 83 55 86 34 22 82 56 25 9 81 29 73 53 89 80 44 5 85 74 81 10 24 69 91 6 29 49 83 76 42 65 93
41 62 96 85 62 42 61 61 18 86 94 7 45 12 29 45 37 98 91 97 55 58 42 20 66 98 56 66 86 85 56 60 83 22 37 50 27 58 47 29 48 8 22 90 7 74 58 53 64 58 94 99 7 33 49 55 55 92 59 59 58 53 32 3 39 69 75 72 12 72 95 49 87 50 30
63 3 18 80 14 50 24 38 37 19 9 34 22 22 23 55 62 39 7 44 48 23 94 82 71 14 63 75 74 14 62 72 47 25 30 94 36 15 33 14 62 65 57 69 88 65 55 37 63 52 59 35 96 81 26 1 4 67 76 57 4 74 47 40 79 98 63 54 73 5 5 91 98 50 16
50 49 73 88 32 36 39 95 85 2 25 34 32 89 13 43 15 89 74 14 86 73 22 76 75 61 50 66 10 6 89 84 84 53 54 66 21 37 4 24 8 57 93 4 79 20 27 33 8 12 67 98 27 66 73 96 13 25 26 22 40 31 74 75 92 85 76 75 96 70 13 52 89 12 24
39 38 13 87 35 9 86 46 54 72 46 94 29 14 22 13 77 82 4 73 54 20 83 80 14 80 59 73 42 9 53 34 87 89 20 31 44 85 95 1 77 92 91 3 33 50 30 70 22 88 62 3 48 30 38 77 60 68 50 36 59 90 69 30 5 70 94 19 79 17 77 27 21 83 53
58 77 66 10 22 87 76 96 53 74 99 38 1 6 87 3 94 51 85 71 1 47 28 69 99 2 61 2 70 99 68 26 37 26 28 72 84 77 26 15 46 51 67 1 51 67 74 70 37 38 22 71 43 50 81 48 77 54 37 14 45 20 55 51 77 48 69 87 44 50 33 67 80 13 67
81 74 85 93 32 70 34 80 13 55 84 10 92 53 1 70 2 79 36 84 36 60 62 41 24 69 38 78 28 42 33 9 99 58 43 9 95 41 19 1 59 99 86 6 55 55 92 93 21 10 68 90 86 87 81 33 25 67 5 35 62 11 36 85 56 32 79 96 96 31 17 12 92 73 86
33 47 71 54 18 80 10 32 49 22 77 39 47 54 77 6 43 54 61 28 65 19 41 28 26 98 59 2 1 57 33 25 91 45 35 58 2 94 70 76 26 95 28 31 58 93 10 37 42 13 31 39 27 90 69 21 53 33 76 95 84 76 81 93 25 30 99 96 43 81 2 64 72 73 45
58 66 29 92 69 53 80 27 25 90 20 72 98 18 28 69 39 18 95 1 6 34 62 47 85 32 82 5 20 3 12 18 35 37 26 94 73 68 12 93 40 93 75 39 81 59 52 96 17 33 98 85 88 84 65 33 37 28 44 28 7 17 21 14 74 70 43 91 67 49 62 44 56 66 7
37 39 3 80 67 19 74 73 43 66 50 45 29 79 16 57 29 30 53 20 82 78 38 1 43 70 2 47 75 25 3 73 44 55 66 52 52 36 95 92 4 48 16 76 12 14 28 15 78 91 58 67 84 69 8 15 43 74 39 72 70 6 61 16 32 85 87 73 91 78 82 84 51 65 42
78 7 79 5 80 20 96 83 61 84 59 74 92 61 98 92 21 47 8 95 89 70 25 21 81 5 51 66 10 44 44 52 63 15 69 5 44 50 33 42 82 15 17 15 70 60 85 78 57 90 9 96 52 60 45 12 65 66 80 44 28 85 74 47 69 97 54 56 53 62 94 85 74 10 19
31 32 42 47 76 97 74 53 89 50 38 67 98 52 14 57 32 98 51 22 88 82 90 64 28 31 8 11 92 3 59 5 18 3 81 54 98 49 59 59 82 23 73 27 87 32 54 85 67 66 86 22 35 17 38 38 85 37 64 25 94 38 31 15 49 62 30 50 42 44 42 37 98 13 34
40 56 2 61 65 85 66 24 61 20 32 67 36 47 73 38 38 11 35 86 97 65 14 99 11 10 62 99 19 30 60 68 47 93 88 79 14 26 23 55 20 36 79 83 25 17 51 2 77 61 33 41 82 33 65 12 2 63 38 51 84 88 82 82 9 66 53 43 12 54 68 30 54 2 47
75 21 38 86 95 78 20 38 9 92 19 97 97 64 9 99 2 46 97 2 13 62 37 64 13 16 12 41 51 73 73 14 22 30 98 70 84 37 12 15 53 93 45 8 99 61 48 50 5 20 49 93 87 18 83 46 38 15 44 73 55 72 7 67 30 75 7 58 8 26 61 22 56 46 99
43 97 66 78 28 25 31 73 50 11 77 82 45 80 3 64 42 28 30 50 36 55 50 77 1 9 45 21 2 39 83 92 12 88 22 97 55 35 83 25 45 63 84 21 45 26 3 64 2 16 29 20 34 79 47 32 86 59 3 79 76 18 58 10 6 45 35 89 96 84 91 58 52 10 2
75 50 42 63 74 32 24 8 64 85 91 27 44 30 51 61 45 70 32 85 35 47 17 64 66 69 29 55 54 48 28 49 18 82 3 19 4 97 89 84 64 11 51 73 72 79 59 94 53 67 42 36 37 48 48 41 61 29 78 27 48 41 60 47 4 55 80 62 89 21 42 99 86 98 67
71 18 41 30 69 42 88 4 42 80 74 50 36 30 66 47 85 6 28 73 33 64 80 23 61 56 67 20 50 55 90 31 48 19 20 84 2 33 47 41 18 25 26 77 45 76 80 50 49 35 16 94 38 36 4 91 95 92 22 82 88 80 97 14 42 23 30 68 58 94 50 33 91 28 64
18 81 77 10 15 8 96 72 99 33 9 44 24 82 85 39 65 4 64 55 52 19 10 44 27 79 14 48 14 99 44 81 74 17 27 50 2 23 3 28 78 17 24 8 7 70 75 5 89 99 78 81 42 12 32 57 27 9 70 74 26 94 15 41 30 1 7 56 71 42 9 58 82 63 25
36 38 36 10 46 75 34 19 46 51 34 32 42 41 12 72 63 31 56 1 66 64 34 66 53 71 81 64 80 52 79 48 22 2 73 80 75 93 21 83 68 60 29 31 19 15 61 98 27 28 89 54 34 2 85 20 8 21 50 68 85 64 24 81 51 75 88 94 22 66 83 49 7 46 54
35 2 67 64 26 67 70 31 3 74 66 32 79 2 9 25 77 60 74 72 34 20 64 43 66 42 79 6 14 69 42 97 49 74 7 35 31 50 95 99 21 25 70 30 12 34 65 70 67 56 90 77 47 12 57 34 73 37 62 63 58 85 16 99 79 99 20 89 69 99 10 10 90 29 5
8 11 50 81 67 41 91 30 21 53 59 87 81 82 83 88 40 91 62 13 19 97 48 94 89 22 24 64 46 66 96 66 16 43 82 38 88 73 67 92 81 71 30 50 71 46 59 55 47 15 7 13 96 14 86 9 79 5 2 12 92 77 6 28 59 70 98 86 64 55 7 76 66 82 79
21 73 6 11 6 29 8 50 1 82 83 47 64 66 95 56 45 41 66 91 82 60 76 86 66 27 47 97 46 84 16 35 47 45 9 89 92 20 69 31 6 79 78 94 21 26 82 70 35 51 75 37 86 29 66 42 99 29 90 22 52 38 66 14 11 59 22 4 20 53 92 86 97 20 69
30 61 21 61 30 65 16 9 64 59 42 87 21 16 30 46 27 1 7 9 30 5 15 14 55 11 57 97 74 42 29 70 97 99 3 54 41 16 20 41 89 93 56 54 99 83 20 32 27 99 47 13 58 25 83 71 16 48 94 25 20 54 26 77 39 94 25 6 25 38 3 91 30 8 71
38 12 9 2 50 75 36 33 95 80 36 2 28 75 58 85 77 24 77 37 71 42 57 25 5 54 98 14 16 55 5 45 96 94 45 83 61 25 89 70 22 52 25 37 79 40 85 49 73 9 6 44 72 17 70 66 24 74 92 91 19 89 94 9 13 24 70 93 31 58 58 49 2 83 58
43 3 60 85 7 58 3 43 38 78 29 10 19 54 25 17 59 45 43 30 85 15 91 1 63 94 3 62 18 7 56 84 49 20 79 85 68 84 33 99 86 62 79 99 27 34 93 64 94 36 81 39 60 32 18 81 48 62 98 75 92 22 42 17 31 9 57 71 6 80 27 50 13 62 90
85 91 34 14 85 7 26 60 72 65 31 91 21 80 31 38 58 30 91 57 51 30 12 3 44 8 11 52 21 95 61 48 57 10 95 94 91 4 72 2 6 36 52 45 1 37 19 61 61 2 97 56 59 87 16 98 98 39 78 16 25 33 33 85 46 81 63 86 88 54 24 54 30 96 38
77 27 35 44 95 80 51 80 9 61 78 82 45 93 73 90 34 82 89 59 87 17 47 25 21 93 54 78 73 14 38 48 8 10 10 25 52 56 27 52 48 59 63 46 2 12 84 79 94 42 12 15 41 92 94 24 41 40 79 24 72 69 11 67 5 44 1 89 2 50 10 17 2 9 25
94 29 33 19 13 86 50 75 54 82 91 73 24 88 64 71 52 68 28 55 40 97 87 77 20 3 33 69 56 54 37 85 69 64 97 65 35 39 93 45 34 21 73 45 97 28 13 45 81 19 74 7 21 45 23 10 56 42 36 61 36 11 81 64 56 57 95 96 86 98 81 48 66 3 56
42 73 78 86 75 74 61 35 75 46 86 5 75 76 42 98 58 44 56 67 72 42 85 90 5 89 68 10 67 63 63 50 97 72 59 32 63 36 49 53 42 84 77 98 72 2 85 85 25 6 32 65 41 48 1 80 61 3 13 40 18 82 1 75 37 5 37 15 14 18 76 22 13 94 75
21 74 7 12 82 77 57 80 98 91 39 61 98 34 18 73 40 68 70 66 19 69 41 83 77 75 3 17 44 8 22 98 47 50 60 88 96 61 69 90 16 94 48 68 92 59 66 25 35 19 93 49 94 89 75 46 26 31 56 85 12 68 98 95 47 73 37 19 28 69 37 79 46 71 62
69 78 27 47 88 62 58 73 92 9 31 9 16 8 82 32 71 48 67 94 81 55 61 81 70 94 21 60 66 39 93 20 10 35 21 49 5 56 14 28 14 66 26 53 54 88 47 88 26 32 34 13 14 63 94 96 7 49 7 3 3 31 62 76 51 45 41 94 94 46 3 75 9 77 51
94 17 57 8 94 92 10 79 92 90 25 53 4 57 94 96 79 1 24 94 14 4 46 28 31 75 54 40 24 21 81 51 56 43 66 73 14 41 68 42 2 82 24 80 78 69 31 7 66 78 71 29 75 76 45 7 35 91 12 42 87 90 5 85 40 89 88 62 36 6 10 60 64 98 85
21 58 34 6 25 39 58 95 19 19 86 80 24 93 54 64 33 48 92 15 43 7 95 16 26 41 53 28 14 15 3 74 94 45 50 77 15 27 22 33 19 59 24 76 2 2 77 1 32 26 57 50 30 54 12 26 66 23 44 68 24 79 71 37 87 88 25 99 86 77 40 59 69 12 46
34 7 76 21 90 38 29 12 98 20 14 79 95 68 22 34 53 44 99 55 25 31 36 63 27 13 41 33 25 91 14 14 65 60 57 69 40 44 62 53 83 81 48 95 43 14 99 66 70 42 61 58 21 22 77 30 31 61 99 63 26 82 78 46 11 10 41 95 62 18 67 10 22 95 38
67 13 95 78 9 78 61 91 4 99 13 40 51 76 8 16 4 38 98 85 13 81 69 91 21 45 49 92 56 94 72 22 39 56 6 96 17 76 52 68 74 4 87 71 79 56 45 41 86 57 1 46 85 55 45 88 9 4 81 63 41 59 64 27 56 10 6 73 77 39 90 50 51 59 76
54 29 81 44 75 83 59 91 23 78 35 94 75 92 20 79 5 64 5 33 80 49 94 31 90 26 11 59 98 66 97 62 37 14 40 28 9 41 19 24 46 40 11 3 65 4 70 47 80 6 55 36 30 36 98 97 60 11 3 58 51 43 84 97 79 56 25 81 12 71 82 24 90 71 22
59 9 1 20 94 76 14 82 4 42 81 15 4 60 68 75 34 34 52 48 91 38 27 85 31 64 11 93 47 42 53 61 71 57 69 55 71 18 98 23 75 58 30 26 84 16 20 40 99 63 12 26 56 28 53 90 34 55 41 25 14 5 20 8 21 2 75 55 17 37 20 30 33 82 9
13 61 34 51 40 31 78 2 71 20 27 71 89 31 46 19 19 49 19 17 57 51 24 19 60 98 87 74 10 59 35 99 40 46 77 45 58 32 57 22 24 49 2 41 14 5 49 94 67 53 43 46 92 12 83 8 15 69 37 66 64 67 64 63 12 15 22 16 57 56 49 84 14 5 33
21 14 4 72 91 33 89 69 88 12 26 27 37 7 26 3 75 31 38 38 22 49 64 26 26 88 77 25 86 27 49 5 48 92 95 55 49 47 27 84 74 31 90 85 97 18 88 35 6 63 70 66 60 60 81 88 33 38 87 66 4 88 50 87 42 36 75 9 6 70 55 10 8 86 69
17 71 36 3 81 7 62 70 43 80 81 60 82 36 69 19 86 93 34 17 43 73 92 86 8 90 87 41 35 84 21 32 58 33 61 5 2 39 49 13 44 18 14 4 24 49 11 30 52 71 39 94 6 76 94 23 85 88 36 35 27 68 79 42 81 11 15 48 82 93 69 16 79 59 35
53 93 26 76 70 6 50 57 43 20 27 64 40 52 55 76 21 74 89 75 43 77 97 29 82 91 76 22 14 62 58 96 7 61 38 89 46 87 8 99 59 96 98 2 66 12 74 15 36 62 95 40 49 32 30 48 51 62 5 99 63 33 55 51 26 19 39 9 35 67 1 34 41 23 18
78 54 81 91 89 40 77 25 36 66 13 60 46 80 32 77 81 20 88 17 64 77 85 16 19 61 47 73 5 61 85 6 70 75 77 63 58 93 18 62 96 64 95 42 30 86 55 44 98 19 49 86 91 53 85 71 31 72 3 53 89 10 6 22 33 68 19 45 35 19 57 29 8 50 50
27 71 2 35 51 2 89 66 84 4 61 34 52 3 74 84 34 12 75 68 19 1 58 1 39 70 39 86 28 19 4 4 87 20 9 21 64 78 30 59 3 99 33 58 7 53 97 80 27 6 40 82 22 95 92 59 18 6 11 43 5 65 99 2 15 33 7 42 43 21 17 35 76 41 42
52 59 14 10 26 65 77 90 77 3 81 19 92 81 50 18 44 85 1 14 46 27 14 91 94 71 76 31 32 84 14 51 6 92 68 78 27 27 57 54 80 76 93 5 30 15 57 2 96 22 38 70 13 55 83 91 14 88 56 36 11 39 30 33 70 11 93 63 80 57 78 91 89 3 3
97 37 40 80 74 52 78 66 15 7 70 2 6 5 11 73 30 98 41 28 43 66 60 83 13 84 3 93 53 37 74 35 7 71 21 57 16 66 20 59 89 72 9 41 24 87 64 99 6 71 5 12 96 53 87 50 98 87 97 26 54 77 44 19 13 62 28 58 87 61 59 33 38 98 20
14 74 6 67 52 42 69 19 97 92 3 54 10 35 52 67 35 70 27 61 88 61 71 36 31 14 27 95 99 43 15 18 64 22 99 46 22 14 69 39 40 47 23 42 31 37 61 94 16 98 70 2 89 75 62 32 40 3 35 41 79 25 65 59 27 38 25 70 49 38 3 51 10 74 18
38 43 5 17 60 72 44 57 55 25 1 8 20 6 83 76 96 36 99 70 53 12 97 83 18 7 43 29 59 99 49 95 52 41 98 79 8 17 47 2 16 34 88 1 25 43 24 24 52 33 12 2 70 26 80 40 76 9 15 32 52 89 67 37 3 44 98 86 87 96 58 93 46 8 68
38 23 86 57 59 2 89 39 42 25 42 4 93 50 21 1 62 69 65 60 91 66 54 47 62 71 47 56 13 30 20 50 32 29 63 60 69 29 3 96 22 53 28 53 5 22 94 37 55 2 11 39 58 71 91 72 23 14 17 96 45 97 24 97 32 50 98 55 93 83 49 48 46 51 48
13 51 5 85 87 69 47 35 27 43 28 19 77 88 78 60 3 52 30 26 59 74 30 68 98 53 69 2 54 67 45 65 62 12 72 3 47 2 66 23 18 1 52 97 39 59 96 16 49 8 19 21 95 87 35 73 84 75 84 88 83 2 75 84 40 1 1 25 52 5 50 44 10 32 53
98 68 92 51 85 29 16 21 71 10 8 44 91 57 33 53 67 37 60 90 14 68 36 58 19 1 27 86 73 41 43 94 38 23 81 53 40 35 43 56 72 80 29 97 2 31 20 21 88 88 81 43 16 88 92 54 51 93 70 85 29 10 38 57 65 56 18 98 58 62 16 37 37 71 16
51 70 89 36 73 16 34 75 68 41 77 45 83 3 12 76 73 64 17 43 85 21 75 18 99 41 67 70 81 80 14 88 40 11 48 17 29 58 97 52 54 35 40 85 50 78 26 81 21 79 93 93 74 88 82 63 25 96 66 38 26 91 9 64 10 20 96 84 50 76 43 51 64 7 98
70 5 99 59 75 2 69 15 51 39 15 8 31 87 30 37 99 4 66 45 52 35 3 56 35 40 67 2 59 88 22 87 40 85 14 51 68 99 89 46 74 75 93 67 71 61 48 56 10 39 84 46 47 92 34 78 16 66 87 26 30 32 78 75 67 41 26 5 66 51 56 93 20 81 86
25 16 92 32 24 55 11 68 99 4 81 15 10 42 45 66 6 47 88 46 23 11 9 3 13 65 55 24 80 4 43 46 92 43 92 31 69 60 20 5 75 76 98 70 33 48 47 65 3 51 31 24 68 16 85 7 50 16 31 55 7 6 29 65 2 68 73 40 86 85 16 18 93 13 1
29 12 90 48 57 61 18 99 73 59 51 56 66 96 76 62 9 66 29 13 94 7 50 75 82 42 2 95 30 66 69 35 67 34 90 58 76 80 1 70 15 17 36 63 26 88 54 1 37 87 9 36 43 69 47 83 9 68 85 79 18 32 80 55 24 90 46 33 45 50 73 33 40 20 88
93 30 85 62 39 49 90 70 87 45 31 79 99 53 55 69 69 97 85 23 24 58 71 67 14 99 93 11 32 44 66 47 4 35 80 50 89 32 51 43 35 1 63 13 85 81 58 42 23 40 51 66 16 2 80 96 91 43 86 32 72 4 34 52 9 68 43 25 91 53 98 91 70 1 65
76 21 9 85 41 91 63 34 80 76 28 28 48 82 71 27 65 74 3 63 80 82 74 25 12 45 30 88 99 33 69 68 8 62 7 62 39 54 1 57 92 12 56 3 56 38 49 7 91 57 63 14 68 50 27 21 95 2 28 79 69 93 45 15 58 94 89 15 24 53 74 38 27 94 74
18 10 85 51 36 29 63 50 58 25 84 16 66 9 31 73 7 77 1 7 92 98 17 90 2 38 73 77 50 48 18 61 80 21 80 76 57 17 54 89 13 78 9 87 66 8 2 41 36 2 24 54 5 69 37 2 79 45 29 46 12 12 59 89 74 92 6 85 76 84 50 1 26 52 79
72 7 49 99 44 88 10 8 59 41 88 41 31 79 73 13 7 97 66 48 11 98 6 14 76 5 62 66 91 3 27 25 7 71 54 45 58 97 39 87 37 15 21 75 82 33 3 52 71 29 62 92 20 88 88 35 40 93 31 20 87 88 45 79 19 98 78 11 36 23 40 28 63 66 3
8 79 61 7 54 59 81 27 18 23 69 90 22 77 24 88 95 41 58 75 58 42 75 7 15 59 66 60 38 57 48 19 99 33 73 65 33 60 34 97 63 71 52 19 79 10 63 33 51 46 14 79 20 97 49 16 1 62 31 82 58 62 61 15 41 6 87 3 49 19 61 76 46 18 37
49 27 93 30 99 27 37 96 39 94 30 38 36 9 14 82 16 12 50 75 80 26 42 95 81 8 93 70 16 53 84 68 72 61 13 96 17 83 10 76 89 7 93 26 79 6 90 8 1 10 96 13 11 10 81 34 10 76 77 24 15 19 54 8 8 68 79 48 4 36 26 82 23 65 92
1 49 75 34 80 45 46 6 24 62 5 93 60 86 80 33 23 88 23 70 16 8 86 37 65 83 46 54 42 2 74 53 43 33 59 65 62 69 97 71 42 47 47 66 94 85 77 79 13 81 75 77 95 80 68 10 5 24 23 65 52 74 44 59 30 72 36 51 9 2 29 32 28 84 52
10 42 38 59 23 70 49 52 34 30 69 14 18 26 75 88 68 48 91 45 25 58 52 12 74 34 13 70 63 83 1 87 43 25 25 66 58 38 69 50 64 39 62 10 30 27 60 24 79 8 10 61 64 53 98 17 80 24 97 68 85 53 21 83 9 69 8 74 74 62 28 62 29 47 63
26 40 97 67 38 17 78 68 32 76 71 23 75 14 79 44 66 98 69 34 52 17 85 62 58 69 15 49 79 80 22 96 78 73 50 21 68 37 94 70 75 22 31 38 59 30 79 80 90 13 43 31 62 6 79 70 54 29 37 67 89 78 86 15 2 83 69 43 83 84 73 14 44 70 4
96 37 61 29 51 74 18 53 52 19 4 94 31 25 78 48 54 38 88 39 40 52 60 55 52 89 94 89 61 25 73 15 92 77 69 63 7 7 69 60 37 84 26 63 83 76 32 89 9 47 6 43 50 68 45 46 4 97 79 40 81 46 79 15 93 6 83 29 68 65 87 38 80 49 28
36 17 6 2 12 80 54 11 74 1 70 33 15 17 45 56 19 56 74 81 56 72 45 52 89 30 78 85 89 63 45 61 98 29 23 82 20 98 5 64 10 63 75 65 65 39 65 73 52 40 87 16 83 56 76 49 41 71 71 48 60 10 77 47 88 87 89 62 25 44 74 50 82 79 72
89 82 71 33 54 97 63 85 28 88 59 82 24 92 28 72 45 13 67 98 22 41 10 79 29 66 19 48 34 84 28 77 57 30 18 53 76 55 91 71 46 45 46 89 54 26 39 38 10 82 23 15 44 68 52 65 39 60 66 23 41 22 18 88 79 36 29 42 35 58 84 66 95 68 51
45 66 29 40 48 90 98 31 93 96 33 26 93 1 76 94 19 40 57 96 14 72 84 21 64 29 92 55 73 98 50 19 4 30 79 62 24 42 21 94 93 59 25 91 28 98 3 68 81 29 80 86 62 46 17 91 67 80 34 46 69 9 30 35 34 70 98 18 78 27 52 43 98 26 97
69 11 88 57 68 21 16 70 5 70 83 39 87 91 58 18 76 28 56 36 31 33 91 72 50 53 24 77 33 16 78 39 36 30 24 58 92 61 55 35 94 76 47 63 55 76 98 39 8 38 79 28 80 36 76 32 20 35 73 94 93 75 10 42 61 21 98 33 54 47 8 87 57 65 77
83 57 83 7 11 47 99 18 78 47 3 40 33 19 86 3 69 46 82 62 72 48 4 82 86 79 95 74 98 67 99 72 12 40 1 11 42 24 50 54 85 47 79 72 95 85 45 63 69 98 76 46 72 55 43 35 93 39 67 26 21 43 69 87 14 57 7 38 55 64 41 30 74 30 7
36 21 44 19 23 10 12 17 80 96 97 45 7 49 4 12 2 87 31 64 69 22 49 77 22 73 67 52 40 83 74 72 1 95 15 70 79 64 99 75 21 42 9 32 28 65 81 40 5 50 66 72 74 97 95 49 30 35 32 2 11 76 22 53 51 57 30 68 70 64 54 13 18 71 38
73 33 69 69 94 85 69 7 71 83 5 27 99 82 39 57 40 70 32 64 57 85 74 72 61 56 30 19 47 77 18 97 57 42 19 87 41 75 22 75 40 98 71 1 4 79 40 34 29 37 92 24 61 90 66 87 51 62 85 91 2 87 69 2 53 22 92 59 58 25 41 53 69 47 34
19 50 14 22 74 14 14 98 30 12 10 55 42 47 64 29 46 37 67 40 43 34 66 24 72 29 47 85 21 59 43 36 95 77 63 30 27 71 63 24 74 31 52 21 97 77 58 34 58 47 80 12 3 99 98 96 53 77 83 41 61 29 58 67 53 75 84 75 72 57 44 36 66 44 92
5 5 90 20 90 66 39 14 44 46 79 54 63 30 78 48 67 41 88 90 35 76 56 19 6 39 64 92 98 53 34 16 35 19 50 25 14 27 36 26 63 12 4 25 15 89 41 92 49 36 24 42 30 53 89 41 2 1 83 80 1 39 24 81 19 68 6 56 91 63 15 95 1 16 23
75 49 93 50 50 59 5 39 83 51 74 11 6 2 24 87 34 77 77 48 8 22 21 57 7 20 60 94 44 31 33 32 45 58 98 12 93 9 65 59 20 4 29 22 57 42 64 31 73 12 78 67 49 5 9 53 81 27 33 29 72 48 3 17 61 55 38 98 86 2 42 78 81 45 25
84 91 12 66 76 6 10 66 5 81 89 92 66 81 90 22 90 44 58 33 29 80 28 71 26 81 66 67 84 61 9 99 82 47 1 11 61 35 78 30 44 28 74 13 63 87 71 3 7 43 5 37 52 45 85 61 89 54 91 28 79 37 23 8 16 59 74 90 6 98 98 87 9 21 83
5 93 94 43 41 38 70 13 20 40 84 70 48 85 39 49 13 91 54 9 75 11 39 84 27 88 47 40 38 88 57 8 42 62 33 37 79 36 11 20 16 65 28 54 51 41 35 63 39 25 38 85 66 99 51 8 25 77 14 66 53 64 11 5 65 2 43 2 76 45 50 15 64 87 59
6 60 38 86 1 23 44 85 34 89 4 35 62 9 28 17 88 90 62 85 44 69 1 22 76 38 78 79 10 53 26 78 54 64 71 68 47 26 4 8 6 97 97 96 98 76 12 71 56 18 16 91 13 56 24 35 74 7 6 3 17 48 82 48 90 34 87 77 70 19 63 44 12 47 14
16 71 85 4 57 54 3 14 29 46 90 99 26 79 64 13 2 66 8 22 65 39 53 66 79 59 12 30 60 29 81 21 25 42 85 46 3 72 37 44 88 22 70 83 35 44 92 83 86 65 27 83 85 46 34 20 44 91 24 98 11 69 73 34 84 83 57 23 7 10 84 47 96 68 13
61 34 69 8 61 95 2 18 17 39 14 14 55 89 21 50 16 64 59 77 17 58 86 65 93 83 11 8 21 48 20 38 14 64 47 4 16 54 9 49 40 20 10 60 76 96 76 76 95 54 12 79 85 82 82 14 39 96 38 11 58 54 99 91 88 75 83 93 56 74 52 79 88 58 67
27 96 22 34 71 39 72 95 89 25 48 46 14 17 16 47 10 32 90 38 53 19 43 56 68 71 47 19 95 37 11 33 24 89 63 98 81 8 8 19 46 70 27 5 66 7 88 15 76 25 76 25 21 87 7 9 12 33 67 42 90 66 4 86 44 96 94 97 69 91 54 44 91 76 95
61 57 64 61 11 77 88 42 47 24 88 66 91 61 20 24 31 66 49 75 20 86 37 10 50 60 41 45 48 89 25 37 25 26 34 4 1 38 59 97 81 12 93 60 25 34 91 4 52 17 87 8 82 91 19 20 55 65 72 68 86 53 57 47 89 11 64 16 62 30 24 77 22 72 35
71 21 20 71 50 14 32 74 19 84 5 56 34 86 85 31 20 53 30 26 61 39 72 53 7 75 84 27 42 47 35 35 79 53 15 50 66 25 32 98 31 3 30 31 40 11 82 99 40 12 56 40 6 54 99 48 71 88 98 7 39 4 67 54 40 43 5 32 72 18 28 95 76 5 43
90 25 31 21 81 5 68 31 14 84 96 3 24 96 95 58 59 14 44 72 97 83 99 35 10 47 35 51 43 58 29 93 37 60 74 74 38 33 29 8 81 35 68 78 33 73 70 10 79 90 8 65 35 29 97 88 60 5 50 51 54 39 80 91 35 61 15 63 12 24 10 66 76 85 56
99 74 30 16 65 61 89 83 35 91 53 33 77 19 14 96 17 77 28 19 97 53 21 67 67 57 99 95 64 86 81 29 64 15 63 97 26 42 68 46 69 15 55 24 27 28 17 75 80 36 22 86 74 66 42 9 84 66 47 67 24 51 62 27 66 11 69 90 68 25 68 70 6 97 65
17 33 92 79 51 73 17 48 46 25 43 73 48 66 30 64 62 31 2 71 83 98 65 42 74 62 35 27 78 58 83 86 89 18 96 59 35 65 67 40 77 36 78 1 91 71 79 64 15 60 85 48 68 88 79 13 9 55 31 87 15 18 56 90 80 45 98 45 87 57 53 56 59 36 38
21 55 97 63 32 20 24 18 22 72 88 92 43 62 31 48 64 64 55 24 12 74 18 49 66 93 34 65 53 89 46 28 35 5 9 53 87 72 10 15 21 22 40 12 80 12 34 97 95 35 92 57 28 55 44 21 3 3 57 60 93 76 58 61 27 18 25 32 23 12 49 73 60 44 71
66 88 82 28 83 81 55 47 71 10 41 47 68 9 92 77 71 5 84 89 75 16 25 77 39 95 40 78 1 42 20 57 11 55 52 30 24 61 86 77 51 92 82 14 97 59 49 23 69 11 43 30 51 72 18 74 66 97 69 88 73 21 80 3 44 9 34 78 9 58 67 32 1 62 83
93 36 87 74 21 71 37 43 52 62 52 52 81 75 59 6 65 97 45 23 36 67 62 95 14 85 62 29 41 51 43 42 56 55 2 86 98 80 36 85 68 82 89 10 26 9 55 23 45 17 22 48 18 41 39 46 27 55 77 40 78 79 16 88 68 1 56 28 69 67 64 48 96 84 91
96 23 9 90 29 5 91 4 43 65 20 70 74 81 56 73 64 43 73 9 63 15 43 64 92 12 73 56 73 46 68 30 62 5 20 52 35 28 35 43 87 88 39 91 65 5 41 74 12 29 54 81 7 34 19 43 49 27 19 23 77 23 62 80 22 22 36 79 85 27 66 2 60 89 73
81 21 42 95 65 81 79 12 46 72 77 84 6 79 15 33 9 69 76 71 14 77 63 12 19 21 31 31 77 49 4 78 61 50 71 68 77 3 73 48 44 85 56 36 10 78 17 44 70 96 61 63 71 11 51 42 33 41 88 57 95 88 10 7 27 22 87 13 16 11 21 2 4 90 80
6 55 54 13 25 39 4 41 52 89 55 54 77 6 45 44 47 93 9 55 31 49 60 59 41 73 55 3 8 63 81 47 92 46 87 4 84 34 26 9 87 36 60 53 75 57 57 94 89 97 56 58 36 22 21 75 49 55 73 5 46 17 24 73 67 84 11 53 77 39 35 80 5 54 36
12 24 85 26 83 52 40 13 27 50 29 96 55 24 19 60 55 71 84 37 57 96 30 81 86 85 47 9 8 88 64 25 22 72 77 23 51 54 15 61 44 68 78 92 97 15 80 77 41 86 13 73 43 81 37 5 63 87 90 84 15 31 99 25 5 27 56 43 50 2 29 62 54 61 70
56 39 87 8 41 76 55 31 9 12 76 19 79 42 74 33 51 34 39 2 17 27 26 25 8 43 13 48 93 74 3 60 59 26 20 47 55 66 86 67 97 88 17 82 76 4 59 5 85 62 14 30 88 41 49 15 82 96 27 79 88 8 48 16 86 28 34 39 75 23 56 62 37 23 54
57 78 98 1 22 94 41 72 33 41 47 79 24 17 77 46 10 63 96 35 61 77 63 66 24 35 91 84 55 27 42 25 65 59 85 85 7 4 35 40 90 99 77 5 9 66 48 6 58 79 10 96 94 2 10 47 60 58 77 91 89 68 51 97 91 92 8 94 72 67 39 59 84 13 33
62 14 67 14 40 40 30 94 68 19 99 6 80 95 71 64 9 5 41 91 77 80 81 23 79 83 50 91 57 26 3 62 67 69 92 32 93 22 87 85 75 84 24 75 15 45 47 46 63 84 84 82 83 45 69 32 68 61 37 98 40 38 36 89 59 10 68 71 61 43 59 62 94 96 12
88 69 77 22 70 84 68 32 37 96 95 67 23 74 71 24 45 85 57 87 26 75 91 54 55 14 88 40 35 78 7 59 22 24 30 92 86 60 78 23 57 32 43 12 91 29 74 30 83 46 3 24 84 80 35 80 61 94 59 21 94 91 85 67 50 20 99 98 1 99 26 39 40 10 67
63 93 48 9 21 75 2 87 71 97 32 25 1 90 53 20 76 83 76 51 93 12 9 71 39 31 7 1 30 93 53 41 94 6 67 62 84 81 47 8 91 21 65 75 28 67 72 87 37 59 24 73 37 13 10 17 99 72 76 24 41 45 56 81 77 55 34 35 81 79 23 98 49 29 10
29 59 22 67 65 26 30 19 30 59 41 4 81 11 82 50 73 56 69 85 11 76 9 65 26 72 37 94 21 40 36 4 66 24 44 50 68 40 70 7 22 76 6 65 14 86 16 44 85 26 25 56 23 35 94 93 63 46 75 94 63 46 76 58 66 15 89 76 19 52 64 19 27 63 70
70 19 38 36 46 65 4 54 12 65 11 69 33 90 45 24 21 75 22 4 16 23 14 12 1 8 22 95 48 83 92 42 90 4 12 79 97 3 39 17 16 36 80 40 95 13 29 28 37 12 55 9 24 76 93 30 20 44 98 79 7 38 43 40 71 61 32 77 80 1 31 82 82 7 95
26 47 85 29 51 17 30 22 77 79 25 28 83 25 91 73 77 57 5 13 49 29 22 10 89 21 58 97 78 53 64 10 41 50 3 59 54 82 25 66 15 63 52 33 39 81 97 59 82 70 54 1 28 72 17 20 23 76 64 67 85 64 29 3 91 90 32 61 93 77 54 14 7 53 36
23 54 50 4 92 94 10 3 50 9 49 52 88 52 79 17 94 75 7 28 89 93 72 32 35 63 20 37 39 87 20 73 93 57 74 28 86 66 48 12 29 62 65 13 32 41 32 20 56 68 60 88 59 48 22 68 79 9 51 74 52 95 43 53 22 6 43 24 60 50 73 15 37 9 73
17 44 75 51 96 98 97 14 39 59 70 97 1 80 89 33 86 79 11 39 79 23 32 18 94 13 38 96 49 29 89 90 2 37 54 25 94 1 79 29 33 24 35 82 40 74 25 76 26 71 57 88 68 56 48 16 10 4 73 62 74 83 41 24 26 44 15 39 80 46 8 99 27 33 35
70 59 39 17 88 15 44 16 49 46 32 38 38 87 70 48 46 70 71 8 79 24 12 98 17 40 50 96 4 47 64 79 15 98 2 45 35 10 99 56 44 10 60 17 19 32 39 61 35 79 65 20 83 74 79 28 49 86 1 55 38 65 26 68 4 98 62 6 86 32 75 60 13 57 70
35 76 21 60 85 94 65 13 76 49 81 95 84 44 80 98 3 13 96 94 32 55 3 93 30 11 58 24 69 7 40 76 1 10 85 12 52 66 7 78 44 4 12 60 52 78 67 25 64 55 71 1 47 40 6 59 87 7 70 91 98 89 61 6 6 52 94 76 85 21 83 80 1 76 25
29 89 17 10 95 7 39 36 79 45 39 83 69 80 77 32 34 1 70 86 14 92 64 87 10 74 47 72 5 75 18 75 13 81 33 72 16 62 55 63 24 65 95 60 93 85 30 3 86 27 61 45 29 75 99 21 48 1 54 44 1 7 21 77 73 62 32 44 14 7 27 77 21 92 50
89 4 78 27 91 85 33 53 54 24 94 7 15 45 73 66 82 27 68 68 66 48 63 15 85 82 23 50 40 81 19 84 33 4 85 68 72 58 67 60 80 96 96 75 11 7 70 58 86 19 65 30 47 10 13 45 27 19 52 26 75 73 2 12 57 18 4 70 95 11 68 54 77 76 75
77 46 31 56 56 77 88 25 46 34 37 3 97 56 7 71 69 33 83 1 14 63 87 89 77 51 28 25 20 96 30 40 55 37 46 89 94 13 59 52 50 35 49 31 31 80 42 65 82 90 19 32 70 2 44 96 39 75 77 86 82 39 91 88 89 22 9 47 12 68 75 67 18 23 64
10 45 11 93 57 91 25 43 94 62 53 18 29 50 31 5 19 19 9 71 87 49 39 96 85 34 95 93 5 2 25 80 26 54 58 93 6 7 17 64 38 89 1 3 52 29 58 8 72 71 39 30 15 43 2 91 22 16 27 16 30 75 86 43 29 46 73 98 98 22 69 7 66 91 89
77 31 89 9 18 93 95 20 54 48 70 74 98 4 51 20 46 71 36 35 33 72 6 19 34 27 23 79 11 21 17 74 21 98 56 27 92 14 9 83 85 46 39 91 93 14 18 96 69 24 7 21 40 45 41 68 8 24 83 3 76 21 21 71 86 48 17 12 57 19 24 54 18 13 40
64 3 34 32 90 95 84 4 90 45 1 89 4 37 86 60 27 12 90 68 7 13 54 68 95 34 66 42 64 83 99 93 73 72 93 60 48 81 96 93 54 33 14 9 99 18 4 57 72 50 24 24 34 91 38 86 77 54 54 13 23 66 27 46 61 64 41 58 19 81 91 78 72 28 38
70 46 33 88 3 24 6 42 86 9 5 67 21 63 18 25 14 65 90 23 86 26 23 73 15 1 36 97 40 5 25 44 5 83 92 1 69 69 92 7 22 95 79 80 38 48 10 10 49 84 10 20 59 3 35 35 80 40 12 29 53 4 26 13 30 71 69 63 69 20 48 67 8 60 66
98 65 29 61 81 75 1 98 22 22 72 39 63 60 63 16 56 26 82 71 98 43 29 61 96 94 52 76 80 3 42 95 75 76 99 60 35 8 3 26 17 78 42 16 24 84 23 13 60 7 88 90 32 95 1 26 11 2 6 5 93 24 15 33 42 20 50 10 60 62 71 14 93 19 60
41 50 21 62 90 57 73 45 59 24 73 70 75 14 25 41 16 94 7 40 96 66 13 85 77 52 26 51 77 70 3 35 51 1 20 95 41 11 81 67 45 33 40 86 41 88 35 83 33 42 84 35 69 81 96 95 96 77 19 93 45 70 33 21 52 97 7 45 90 43 27 38 59 44 57
55 65 70 73 36 7 17 70 6 33 69 35 16 46 16 98 28 66 77 73 9 9 13 98 42 96 69 63 95 54 68 56 46 67 5 32 9 90 50 56 69 88 40 10 84 34 50 11 54 19 29 48 74 29 62 14 21 69 30 70 10 42 10 43 85 74 4 4 17 93 16 84 13 78 26
8 41 47 63 72 92 7 60 41 18 84 16 36 91 36 30 42 69 80 69 68 71 67 9 76 45 72 22 11 87 94 25 74 6 69 10 69 21 83 65 97 90 92 25 96 79 70 12 60 64 43 28 54 83 93 60 9 35 44 14 88 19 21 5 82 12 3 66 80 70 21 99 54 45 4
28 49 39 49 84 7 63 51 33 35 42 44 87 70 92 28 3 90 5 39 58 5 96 57 17 60 97 43 55 44 54 13 83 14 47 42 33 94 37 3 63 9 48 96 22 22 36 82 36 4 40 9 24 6 85 89 48 60 20 30 27 94 14 26 99 87 32 22 99 29 85 39 49 59 71
16 81 42 69 93 81 62 69 59 57 61 28 60 52 63 68 10 20 25 75 43 50 3 73 73 27 95 45 55 45 83 11 9 98 65 81 9 99 91 91 90 26 28 55 72 53 86 80 56 21 21 34 27 59 63 56 59 59 3 93 6 48 23 51 63 81 93 15 85 44 45 30 22 36 53
21 55 91 13 12 15 22 19 42 65 89 28 92 26 27 82 43 71 41 2 56 69 42 75 4 34 15 29 27 66 40 90 75 3 49 15 28 28 32 60 34 70 43 54 49 54 46 89 20 53 68 40 68 93 44 36 41 26 27 78 81 35 57 30 30 95 15 20 93 31 67 48 7 56 56
59 41 54 2 19 28 6 71 41 39 1 93 99 15 26 11 31 48 32 86 91 95 62 71 84 13 10 84 11 8 84 37 77 74 67 43 79 25 34 46 61 45 71 82 93 8 63 38 43 43 7 13 13 90 15 14 68 43 79 71 79 74 34 18 98 65 77 24 21 28 89 27 28 47 26
35 49 60 97 45 31 9 65 61 76 38 79 42 88 63 18 27 79 34 31 41 12 2 3 42 27 57 47 21 51 75 43 17 79 85 58 14 2 17 56 47 94 72 7 4 33 24 51 18 25 63 66 58 90 88 61 41 59 41 94 30 11 29 83 43 81 58 15 54 85 86 50 60 36 78
42 5 40 52 55 53 19 49 71 17 94 46 11 76 81 9 7 7 85 33 83 73 45 62 66 87 44 55 97 56 44 49 74 70 95 59 69 75 92 78 75 74 38 8 81 13 2 82 76 80 16 58 61 37 74 26 59 93 52 86 9 78 12 38 57 36 82 3 19 63 47 86 30 97 6
40 50 3 7 77 15 71 59 93 41 55 38 21 82 48 51 82 5 57 81 92 24 96 33 90 14 64 46 83 21 91 42 70 17 85 61 22 75 22 50 76 63 26 4 21 92 46 91 10 61 91 37 98 58 82 50 77 66 7 31 38 30 55 44 35 74 90 81 50 25 9 58 95 74 61
33 62 30 64 86 84 45 83 61 13 9 36 13 35 42 86 29 83 5 52 26 48 65 40 1 93 40 5 28 1 43 19 49 59 15 86 53 50 36 20 65 75 37 62 54 47 43 86 52 8 49 41 40 22 43 76 92 86 76 19 79 7 65 13 67 26 3 55 4 1 87 34 35 91 66
56 34 62 17 5 57 41 49 24 41 37 40 35 72 50 76 55 53 35 61 71 56 44 18 65 41 9 31 33 60 41 5 92 23 57 93 9 69 96 51 57 87 36 56 40 1 93 8 56 10 4 70 51 88 28 79 58 1 70 91 6 78 94 69 7 19 17 57 23 72 28 58 27 53 80
75 68 36 14 56 99 94 50 52 9 83 99 3 45 87 35 2 10 75 88 33 52 87 11 83 9 62 83 51 35 2 11 6 74 54 51 93 37 60 49 18 58 2 42 85 44 14 77 6 97 15 20 60 61 41 13 55 26 76 46 84 88 52 2 46 94 30 41 59 74 51 67 25 70 35
51 19 1 69 94 57 57 35 27 71 70 79 3 89 82 72 83 47 34 98 63 40 64 35 38 85 48 44 96 91 24 30 25 86 38 18 55 84 97 46 99 73 25 64 26 24 28 75 23 22 31 89 9 42 82 7 48 67 5 68 89 97 36 58 98 8 64 40 76 2 53 10 25 27 47
93 97 70 65 31 5 13 68 83 94 70 89 57 59 90 22 54 56 67 76 72 72 32 80 36 88 45 62 84 52 89 9 44 4 95 59 74 21 50 36 99 47 10 38 98 37 30 10 46 29 1 58 1 52 9 12 97 90 60 45 50 96 22 72 4 25 98 73 38 91 39 97 1 95 79
87 1 31 82 60 23 31 56 51 25 65 10 17 10 98 33 10 57 16 21 51 18 16 59 19 80 75 81 95 43 29 43 7 6 73 72 26 80 86 33 68 54 71 37 11 99 33 29 53 3 35 27 23 85 69 17 63 9 25 42 36 64 18 55 8 66 14 11 52 5 97 91 20 40 87
60 88 27 45 3 17 82 14 27 61 84 54 4 97 20 84 56 29 27 96 14 52 17 89 21 32 22 24 81 65 6 86 1 23 11 63 39 88 52 28 6 51 89 6 51 76 8 25 28 20 86 40 65 82 10 46 89 41 17 17 27 10 83 15 54 56 82 78 93 24 10 98 36 12 22
87 69 9 90 66 83 96 50 73 51 62 90 82 57 77 9 15 29 90 89 12 63 51 16 88 92 2 48 46 39 94 47 28 50 84 8 18 76 71 46 50 4 14 48 33 40 74 15 88 23 29 29 86 74 28 91 56 75 41 22 84 91 83 59 74 52 65 17 62 35 67 75 58 47 23
85 43 36 58 20 92 8 28 38 67 48 58 75 94 35 19 15 88 13 24 59 40 51 49 19 30 1 46 36 54 58 97 26 44 4 70 98 43 86 49 97 86 1 12 13 21 89 83 72 63 77 3 3 13 16 26 44 88 15 78 56 60 58 43 43 68 48 13 71 15 3 28 90 57 38
35 30 11 50 30 38 13 87 44 41 86 85 74 53 72 17 39 40 32 57 41 59 27 28 14 12 78 73 92 93 34 73 32 43 77 30 63 93 7 65 65 47 79 73 66 39 9 24 88 87 96 34 53 69 32 28 37 52 32 81 15 83 71 98 71 68 1 30 23 59 68 86 11 51 31
20 74 34 22 59 74 29 51 52 59 92 12 76 48 81 28 95 81 72 49 36 2 99 46 45 71 38 68 78 29 67 49 18 47 36 89 38 84 97 28 57 25 1 39 27 82 32 37 57 28 64 94 1 39 57 41 84 37 7 30 77 43 12 19 51 29 42 79 54 99 44 50 40 11 50
99 49 24 45 96 57 15 38 26 63 25 84 50 22 6 28 2 21 90 73 46 53 85 35 17 66 28 91 63 90 60 71 97 68 13 92 29 31 51 82 42 23 55 10 95 16 48 76 18 51 87 78 5 12 59 66 85 51 20 12 15 58 12 41 43 64 59 83 74 68 72 46 54 77 34
30 35 47 11 90 91 76 6 69 92 93 47 95 96 8 52 99 70 90 70 59 6 26 94 1 33 36 86 20 94 56 71 97 97 94 66 37 2 50 80 6 79 6 46 84 22 96 69 42 57 59 31 4 5 84 12 39 51 52 43 11 58 34 61 92 2 27 97 81 24 2 97 49 90 78
83 61 77 68 52 85 7 95 8 53 26 74 76 70 52 62 4 3 39 20 55 71 54 77 96 21 91 55 19 69 83 97 29 51 21 79 43 64 49 65 87 67 92 92 15 76 93 20 60 31 74 52 31 31 86 26 60 40 61 78 83 52 30 98 25 2 59 76 5 51 70 74 90 67 67
7 6 26 29 79 64 71 16 88 69 92 31 47 5 7 30 11 78 13 60 49 98 47 58 29 18 38 76 28 4 97 15 20 16 48 28 8 51 32 1 56 10 5 54 70 87 84 3 52 66 86 19 90 18 3 10 78 99 52 52 29 92 35 48 44 87 87 71 41 30 85 3 98 48 28
89 18 38 12 32 70 26 44 54 61 22 14 83 41 89 22 64 52 86 69 62 69 18 35 38 75 94 50 42 59 82 64 28 76 35 50 73 70 33 10 66 80 62 31 4 76 31 68 35 36 14 18 4 1 3 35 34 76 80 51 80 74 80 81 24 35 26 9 35 9 95 6 6 61 9
41 58 66 34 37 54 6 67 83 39 90 50 70 83 94 61 33 75 24 76 20 32 9 53 91 57 3 60 70 23 60 26 31 59 31 63 5 55 54 16 98 54 48 43 32 46 45 38 23 62 55 37 93 67 69 49 16 85 84 71 84 82 68 55 23 46 84 58 5 10 50 75 20 94 6
15 84 79 51 40 79 65 99 43 40 43 47 87 67 51 20 92 71 60 30 39 11 31 58 2 27 52 29 56 90 57 84 97 59 5 53 1 88 36 32 34 68 7 25 95 8 22 2 23 93 7 33 99 66 34 42 26 82 43 27 91 36 70 5 62 27 78 30 88 18 83 59 69 2 26
2 3 23 48 86 16 25 54 17 79 90 75 56 89 1 46 21 99 29 88 39 46 4 35 93 44 83 81 8 82 13 39 74 47 87 8 56 59 6 16 23 45 84 9 33 32 45 67 56 89 71 17 98 1 43 22 87 65 56 59 33 83 59 5 85 93 48 83 76 64 72 22 88 75 9
32 65 27 49 40 39 3 35 32 42 20 56 75 89 26 92 50 27 82 42 71 51 40 76 77 52 6 73 93 80 2 26 35 95 32 35 7 10 93 9 78 96 69 7 90 47 78 37 66 48 44 4 33 23 7 35 32 68 3 42 87 52 57 27 91 31 39 53 68 34 2 79 26 84 60
80 85 92 59 81 28 77 27 20 54 11 16 38 2 88 82 34 70 32 71 44 19 10 9 39 24 4 82 52 30 23 47 29 81 99 5 14 10 45 64 20 35 22 28 54 90 59 35 14 12 82 8 39 33 96 93 73 16 68 12 99 54 16 78 38 57 58 57 84 5 82 76 75 81 9
60 46 38 17 17 37 3 92 74 53 77 60 13 65 28 85 56 66 28 36 8 8 9 70 60 49 84 50 33 83 34 97 68 81 65 46 5 32 42 69 10 76 83 78 39 50 54 63 37 72 34 6 99 98 79 67 56 28 95 55 88 36 86 59 73 36 75 84 10 58 50 47 42 27 13
89 50 47 27 87 27 37 57 34 59 51 74 21 3 92 39 49 3 77 35 53 29 5 9 10 68 37 62 72 98 33 13 49 47 50 39 69 70 69 44 50 57 47 61 89 17 95 18 71 8 85 8 66 9 27 74 94 15 68 75 43 71 47 31 93 27 86 6 58 95 55 62 39 30 79
35 62 30 69 70 75 45 32 27 35 60 25 62 49 85 59 55 63 72 47 96 6 60 22 62 24 60 60 90 68 51 13 86 35 82 43 78 77 57 27 62 46 77 38 47 72 55 81 84 76 18 34 55 83 36 73 70 32 39 76 78 31 8 93 82 91 17 98 33 40 93 84 28 88 17
47 80 93 34 34 53 51 25 75 70 69 34 32 94 92 49 84 92 35 73 86 13 71 83 28 72 16 38 11 34 27 97 93 59 90 38 86 11 7 36 99 92 6 72 41 79 85 38 59 8 84 29 36 3 9 76 66 13 67 8 9 80 28 67 60 32 82 48 14 33 19 37 54 93 13
65 2 67 12 35 5 51 48 43 19 85 43 62 1 56 44 10 86 67 82 93 99 14 19 48 70 21 77 41 88 74 57 88 74 90 72 92 72 17 54 74 93 66 24 90 60 48 16 29 41 74 27 76 6 18 53 67 3 80 6 71 4 15 29 93 26 45 69 55 25 63 51 56 81 39
83 49 72 64 62 76 22 52 10 86 47 9 55 57 21 96 93 92 31 24 36 32 10 54 91 23 63 76 69 95 97 61 97 91 10 19 58 69 80 83 49 64 85 41 21 7 82 33 45 84 46 38 6 71 14 59 88 41 16 81 40 20 11 65 77 12 11 41 25 46 93 86 6 91 78
74 44 10 17 65 80 20 11 94 31 39 59 63 97 99 43 72 76 11 42 50 77 52 55 8 87 61 97 23 58 27 76 38 97 78 92 30 86 65 89 95 24 92 11 81 87 53 17 15 92 21 19 61 1 20 7 29 29 88 78 64 43 43 11 99 63 59 57 48 66 42 90 11 67 87
51 75 5 58 71 97 44 83 23 12 23 92 37 40 30 59 82 86 87 97 5 59 2 24 10 16 40 26 2 96 96 11 57 65 19 73 56 50 63 21 18 85 90 3 71 43 27 64 69 62 10 98 45 25 8 77 47 26 4 47 14 93 93 39 47 90 3 77 99 20 3 41 38 48 75
70 12 92 10 52 75 8 6 64 50 5 32 48 86 24 37 9 34 69 88 30 35 40 1 46 41 19 32 81 37 93 63 69 41 36 43 4 58 47 54 23 95 4 89 90 55 26 76 2 66 98 54 46 63 57 35 7 95 49 44 51 70 74 71 80 16 34 63 55 70 4 81 81 75 65
5 20 78 70 65 45 89 31 48 51 22 43 60 15 11 76 88 86 52 79 63 9 45 52 49 37 33 15 63 47 36 51 54 37 24 58 84 17 13 20 31 44 54 98 88 68 70 7 67 78 30 78 81 14 94 27 14 60 69 81 29 6 51 23 43 55 15 85 90 81 30 33 51 44 77
24 78 43 6 76 54 14 56 60 21 53 99 33 14 57 67 9 6 77 76 67 7 53 69 63 88 57 47 74 57 52 35 21 42 65 44 27 8 25 87 7 73 6 97 94 12 50 31 11 42 84 38 37 51 26 2 50 12 1 23 2 84 83 39 13 17 26 86 85 28 65 11 45 79 69
19 68 91 99 89 56 78 65 84 51 92 25 80 24 10 83 95 72 16 55 54 12 73 88 89 35 48 76 57 42 32 78 67 99 92 30 87 21 1 6 42 91 5 37 37 11 34 98 93 3 5 77 47 72 41 50 56 50 72 5 63 34 28 68 53 58 12 1 39 37 76 44 80 1 43
68 55 49 29 90 58 21 37 2 31 86 48 71 5 66 36 22 74 15 66 54 69 73 18 20 76 59 57 61 12 32 55 23 63 16 55 21 35 97 54 19 95 78 94 64 30 96 41 79 76 90 81 13 71 83 12 55 71 73 75 62 38 73 71 73 91 29 55 62 23 57 75 43 83 4
84 44 81 27 99 23 54 51 70 17 71 35 52 93 54 50 38 84 20 47 94 3 28 70 85 65 14 40 4 26 68 97 98 4 82 53 63 6 67 95 81 5 43 25 23 62 60 90 6 5 43 80 15 69 35 9 72 60 66 36 43 24 31 56 15 77 91 31 66 14 89 49 19 60 57
36 70 17 6 18 30 89 21 58 29 20 62 58 88 98 74 22 77 38 58 30 43 35 95 42 80 15 37 8 36 49 75 4 64 75 33 5 46 8 64 51 10 9 78 87 26 8 44 14 82 26 46 67 6 39 58 63 85 10 79 13 45 57 17 51 88 27 55 25 17 94 75 73 55 37
62 72 80 43 53 25 91 73 82 76 28 96 21 36 48 73 54 80 69 72 65 23 89 98 72 49 14 26 66 97 73 40 99 95 67 70 42 5 77 92 27 58 3 36 68 55 69 59 75 58 28 30 51 94 23 45 61 91 71 69 38 66 18 2 68 84 61 52 33 32 82 77 13 76 52
82 94 40 40 79 63 14 97 91 1 35 65 66 55 90 58 53 30 12 39 9 42 56 43 76 45 34 99 83 5 42 59 50 91 71 30 85 21 32 54 77 38 23 11 57 80 72 51 39 83 31 50 72 59 9 29 87 25 61 90 62 67 26 3 36 19 71 1 25 15 48 52 7 14 65
10 44 21 36 16 69 76 51 73 83 5 99 90 79 96 5 50 57 60 63 2 10 81 64 96 83 18 15 45 71 34 62 75 22 45 59 33 49 40 50 41 97 61 50 16 62 54 91 27 64 14 85 60 44 78 25 92 87 29 28 2 32 21 10 38 16 6 84 9 60 44 94 99 44 1
1 63 42 54 87 2 61 82 96 54 92 76 57 78 70 35 72 11 48 60 60 30 93 94 71 93 83 20 82 33 74 78 49 84 63 10 40 78 58 14 85 72 2 16 44 94 46 52 86 83 48 61 44 28 40 10 38 13 97 49 22 71 95 72 76 8 60 64 43 16 38 79 5 23 54
70 60 40 97 41 86 10 58 34 59 52 8 34 76 56 2 99 81 34 61 60 31 35 87 72 33 98 87 60 87 25 36 99 21 72 55 73 30 95 31 49 26 27 83 70 89 37 51 45 71 11 22 33 83 93 34 66 66 51 2 77 20 81 85 26 37 83 8 68 79 45 30 30 30 19
26 44 40 38 48 51 50 90 22 47 76 38 99 74 38 30 39 95 78 62 75 36 81 67 94 3 68 7 57 71 12 73 8 71 8 18 14 96 72 10 54 25 12 44 28 95 20 27 87 31 90 64 5 67 48 68 60 1 67 18 56 92 31 50 62 61 75 16 69 69 44 49 23 36 41
83 80 11 65 91 92 84 73 17 49 46 94 22 30 57 75 91 16 61 60 64 92 50 52 71 72 88 90 48 82 29 34 68 63 64 18 36 30 92 71 11 37 27 72 33 8 64 39 66 56 20 50 81 20 7 45 60 32 36 2 50 41 62 56 99 81 96 18 5 75 27 2 68 21 78
31 95 67 12 38 63 71 98 8 58 81 40 27 13 6 34 11 32 20 1 2 14 16 78 99 76 18 96 83 12 75 8 88 36 36 86 53 49 70 60 67 44 67 81 68 10 66 39 66 28 12 17 62 75 17 56 97 1 3 70 33 45 10 62 63 17 90 33 58 55 9 7 3 19 25
63 53 57 90 80 66 62 47 76 91 96 53 77 75 33 13 65 93 10 27 51 98 22 73 2 38 55 35 54 48 24 19 53 31 99 43 40 38 90 73 51 15 56 34 71 91 73 61 98 27 1 36 63 35 57 47 75 51 82 36 8 33 46 1 93 45 8 6 45 72 51 30 34 43 57
66 31 48 98 55 20 90 97 20 94 71 41 74 69 14 94 37 92 84 8 37 29 38 44 33 61 64 16 57 73 18 31 50 6 56 38 92 31 4 67 80 47 61 9 84 93 64 27 30 24 44 44 50 51 23 15 1 88 20 19 45 55 32 65 52 38 80 98 55 19 75 93 34 85 50
72 6 64 89 90 85 16 26 64 9 36 29 49 29 22 51 37 36 36 36 71 8 7 81 68 11 11 12 41 76 26 91 65 82 53 22 53 85 91 69 19 35 11 23 34 52 17 50 74 46 99 64 24 3 15 48 35 31 12 34 21 63 11 58 26 2 13 89 10 23 31 88 64 23 59
61 90 9 66 59 83 87 60 57 31 59 13 94 75 64 41 42 54 76 30 9 57 59 62 72 92 97 15 95 36 50 68 33 60 44 86 44 53 46 72 31 32 27 36 49 68 22 91 87 81 2 20 38 74 34 54 61 28 49 22 85 76 28 74 55 76 97 12 66 81 26 8 42 15 93
45 17 67 17 39 26 77 72 15 25 54 37 66 58 98 34 48 4 77 4 2 12 11 74 27 69 36 39 26 15 43 98 54 74 77 82 24 38 83 54 75 94 84 39 42 25 64 82 31 41 29 54 88 50 57 52 42 30 43 42 57 79 9 62 89 8 45 70 22 61 86 96 2 9 60
56 40 9 21 43 28 34 81 9 47 62 98 4 26 86 81 24 52 70 35 77 82 5 83 99 34 71 94 74 10 43 23 44 92 8 31 45 57 2 76 44 49 44 65 99 98 95 32 84 7 85 79 45 5 27 72 91 90 17 14 55 49 20 30 30 45 81 73 31 79 69 21 7 94 25
13 6 30 67 85 87 41 98 64 68 14 63 31 63 80 43 7 54 31 87 9 82 53 55 8 71 24 76 55 4 98 88 80 44 80 56 3 43 95 96 8 35 85 36 18 7 53 57 63 25 98 8 86 9 62 76 86 37 34 42 90 24 99 87 90 52 42 95 3 19 45 88 71 48 16
24 94 90 90 77 42 10 22 15 93 70 62 71 96 92 60 47 85 32 37 21 73 73 50 36 52 84 1 5 7 72 20 94 19 37 49 86 94 75 93 10 92 26 25 76 77 30 37 70 29 21 99 74 94 9 4 63 9 60 37 18 32 74 12 64 74 95 13 29 59 98 86 33 18 88
44 58 59 23 42 9 20 64 41 58 74 22 72 20 67 47 7 23 70 92 86 71 57 28 24 55 79 60 77 66 99 5 13 53 16 91 55 96 52 40 52 47 73 69 3 74 4 63 17 99 93 92 46 44 71 85 57 33 80 90 97 57 96 57 17 70 23 63 39 27 68 24 97 61 18
23 52 95 92 33 98 28 12 76 42 15 7 43 27 77 15 8 55 19 67 28 31 34 82 4 80 35 91 46 73 23 83 13 45 26 87 56 14 55 40 89 95 56 6 11 74 49 74 31 18 47 16 49 45 28 53 94 39 66 32 1 72 1 60 96 42 18 51 13 95 76 26 62 49 51
59 46 1 12 33 42 20 64 44 9 6 71 21 14 76 30 18 21 85 66 84 90 54 81 51 94 63 78 27 14 51 31 67 34 3 67 17 83 15 85 8 76 77 50 19 32 94 47 68 76 15 11 70 42 5 38 24 12 18 24 32 51 43 97 56 67 7 24 56 20 56 23 2 6 68
73 89 78 48 73 17 80 65 81 33 50 21 88 67 91 23 70 76 53 81 97 89 20 12 81 94 53 88 12 18 99 79 59 92 54 50 87 48 10 26 10 54 14 50 8 10 6 98 8 86 15 20 36 28 42 41 82 24 10 29 91 38 40 72 63 22 72 32 56 9 17 65 39 26 44
3 43 32 93 93 90 13 28 28 84 79 84 6 53 23 43 31 30 14 66 9 37 18 39 20 70 55 46 32 48 76 77 72 23 10 49 10 81 63 39 7 76 99 77 50 73 71 44 1 39 74 33 52 6 92 54 8 3 6 43 16 86 6 65 89 25 53 22 3 81 6 66 18 78 42
21 46 52 17 43 87 84 68 38 40 19 72 53 80 26 84 24 10 2 86 50 8 64 92 72 55 23 81 30 25 77 32 11 95 31 75 34 3 33 55 45 92 59 64 52 87 12 61 73 71 53 28 41 73 6 77 85 72 73 12 81 88 77 12 45 16 12 91 62 71 48 79 55 22 79
25 43 95 40 90 85 40 71 26 31 88 63 52 87 32 93 26 44 69 1 97 96 40 25 12 46 37 18 74 21 95 75 89 84 22 30 73 6 20 83 74 87 56 84 35 68 3 70 71 77 49 47 63 37 95 18 53 14 25 78 1 35 32 45 71 59 52 24 19 58 3 76 86 16 76
38 48 61 8 17 56 87 54 71 95 88 56 40 75 78 54 78 49 37 21 80 72 91 45 31 77 92 62 56 17 61 29 1 58 9 32 56 7 44 31 6 24 53 28 54 16 83 67 53 92 46 26 94 16 83 1 29 15 98 52 10 21 77 28 35 7 53 23 33 58 17 10 44 71 67
57 83 75 73 82 68 86 89 63 27 8 44 81 93 47 51 88 5 25 2 54 71 13 55 75 17 35 13 51 65 17 45 49 49 60 31 48 58 7 23 66 32 49 1 78 1 21 79 39 80 61 63 72 37 55 40 92 4 1 76 29 61 75 83 92 17 51 33 41 87 82 69 79 13 30
7 36 4 16 85 16 81 79 68 87 91 63 83 71 48 54 20 37 53 3 32 27 80 66 24 50 42 62 94 36 60 22 96 34 29 1 19 40 43 20 64 12 60 4 93 98 28 44 53 86 77 81 58 11 41 78 65 12 60 87 88 43 83 99 36 22 52 1 9 71 44 69 77 26 97
96 55 70 20 41 52 84 43 42 14 55 91 55 93 39 93 85 56 97 32 64 77 91 87 68 91 48 13 31 60 4 17 2 25 62 56 90 40 12 76 84 46 77 2 32 16 30 66 84 21 69 31 64 50 21 58 11 65 29 67 97 7 5 50 66 30 86 55 82 91 6 17 11 4 46
18 71 9 33 10 16 57 38 90 61 25 53 25 18 65 47 28 82 24 55 98 19 60 23 27 85 60 56 22 38 19 99 99 74 65 21 69 36 41 46 63 47 83 36 1 7 42 88 18 82 15 59 19 97 42 66 97 9 72 53 72 66 43 9 9 95 95 57 12 72 23 60 24 84 63
66 35 52 27 11 1 74 84 45 88 90 32 84 85 94 12 89 81 8 20 65 69 90 71 13 23 43 48 36 37 13 87 70 38 64 76 30 79 53 14 61 19 15 78 7 66 91 35 59 27 10 30 74 39 49 71 74 12 69 66 77 23 12 1 78 68 51 47 57 69 93 12 40 14 85
12 1 85 38 20 47 16 81 32 51 95 61 56 37 76 16 47 21 99 90 27 48 42 53 78 25 87 26 52 86 3 4 5 74 6 33 71 24 18 68 37 71 64 13 16 75 35 68 46 16 94 53 21 59 71 66 15 75 37 96 98 15 93 35 65 80 44 89 94 64 54 21 30 65 28
79 22 88 42 75 25 70 51 33 52 92 28 84 57 7 53 53 32 61 79 22 41 10 65 15 36 55 1 34 12 9 76 43 27 67 76 89 42 43 61 99 25 95 77 76 21 69 14 33 29 70 39 69 86 50 41 79 51 62 89 24 33 93 31 74 43 58 63 77 89 70 59 32 85 73
51 85 76 83 35 4 53 60 40 55 84 5 27 11 73 38 77 38 48 36 86 60 81 65 32 91 24 82 55 21 61 27 74 42 81 73 80 94 23 49 62 93 38 39 70 15 91 75 70 77 22 15 17 40 26 79 34 68 35 40 53 57 55 30 14 22 32 41 11 37 44 97 20 79 55
22 57 67 82 14 2 52 36 46 51 50 86 2 21 56 36 17 39 71 20 90 13 52 17 87 28 51 12 59 92 23 28 58 51 12 4 58 4 32 87 85 47 78 51 64 41 79 28 73 63 71 91 1 76 7 20 46 32 40 34 63 22 17 13 47 71 49 89 18 35 2 94 91 82 39
49 28 39 60 70 23 69 19 13 94 83 91 69 72 18 89 40 66 27 9 12 98 73 78 93 22 97 91 56 35 93 73 81 17 72 74 71 99 24 32 99 89 1 93 19 65 14 23 3 29 24 10 26 34 28 46 29 25 66 35 57 45 49 58 49 67 77 82 2 54 72 74 58 19 7
42 32 34 57 66 40 86 25 68 34 49 13 33 42 38 74 97 77 82 98 67 46 66 72 4 60 60 67 57 20 33 51 95 72 42 29 68 95 94 70 23 52 92 12 36 37 30 86 5 31 75 97 79 3 47 35 72 45 88 65 64 29 28 24 2 49 30 59 31 99 80 20 83 97 98
87 52 32 47 80 18 6 20 85 80 23 95 93 16 13 17 65 92 30 38 79 80 31 57 18 71 85 70 64 24 63 83 48 70 55 75 82 46 39 24 45 58 78 41 79 62 22 48 15 48 2 11 53 73 52 3 48 38 43 24 15 10 24 50 30 25 54 98 6 38 55 82 71 28 98
2 17 87 28 75 94 25 24 98 77 28 27 31 69 13 90 6 80 18 44 17 19 99 35 32 81 79 87 2 81 67 99 34 68 33 10 14 35 53 97 69 33 41 49 20 13 71 83 29 43 72 24 79 2 8 73 32 56 42 58 17 20 70 93 60 22 40 8 71 45 21 23 77 67 43
77 49 29 89 56 61 6 78 23 51 49 87 13 21 96 36 36 47 51 2 22 22 42 63 53 62 5 75 47 25 99 26 28 78 84 96 10 18 32 68 76 63 14 76 35 53 58 15 73 76 5 64 76 36 77 32 41 25 27 3 96 48 21 56 68 32 23 81 91 66 45 81 41 70 16
3 35 38 12 93 85 6 9 88 35 59 39 34 43 57 77 28 48 5 96 39 27 12 7 36 88 9 76 31 4 28 71 34 33 58 88 52 28 25 77 98 87 36 60 88 34 30 18 44 94 5 79 51 85 38 90 24 36 34 2 34 34 98 84 7 68 68 36 91 36 96 41 76 61 36
66 8 27 53 95 26 95 65 78 52 82 87 90 60 96 90 5 37 70 82 74 28 73 68 91 77 97 92 33 78 11 2 3 96 5 24 53 77 4 6 27 46 98 77 50 97 94 82 16 65 90 24 91 71 74 78 6 70 93 1 41 90 21 43 37 56 78 12 16 64 84 51 46 11 13
41 21 1 40 14 30 12 30 84 88 46 64 32 44 69 78 48 87 99 71 7 88 95 47 21 83 82 63 23 50 85 73 51 67 54 28 49 67 94 27 11 14 13 37 56 11 47 49 58 21 44 49 69 30 25 7 78 82 88 58 71 99 64 26 63 58 10 94 2 14 52 26 37 66 88
27 32 78 85 93 97 80 62 54 46 42 25 79 15 74 17 96 9 32 70 83 92 51 30 60 71 27 36 25 80 24 99 57 31 30 87 16 61 60 27 74 20 33 15 92 16 88 61 36 60 78 53 65 48 24 66 84 92 63 28 66 87 67 88 4 95 55 47 84 10 2 19 33 91 28
18 47 9 8 31 4 29 69 51 9 66 54 22 82 10 7 7 39 59 16 39 57 9 14 39 42 96 42 16 54 37 23 4 33 38 31 5 61 29 36 5 60 29 19 37 52 33 68 26 60 42 31 31 4 21 34 57 62 7 59 79 35 22 16 1 88 18 66 41 7 92 54 26 14 69
74 30 60 30 97 1 35 98 79 48 83 4 11 13 83 71 35 85 17 36 45 54 74 14 56 19 97 7 13 21 60 26 37 91 24 47 47 63 40 74 55 83 67 74 89 26 23 54 55 49 25 57 87 39 67 14 19 92 97 97 54 8 97 61 56 95 62 46 7 55 62 65 28 98 9
50 65 30 18 46 96 46 16 42 95 62 83 40 30 26 55 69 65 32 28 21 81 82 5 4 75 38 42 82 20 48 21 10 58 71 3 17 76 15 97 96 55 78 89 12 32 21 14 75 10 49 26 12 30 81 52 94 35 6 62 59 47 70 27 17 55 93 19 51 20 5 24 7 89 73
5 67 46 30 45 69 44 6 82 7 89 83 23 14 27 65 28 29 84 32 64 94 22 76 13 63 44 56 48 37 47 89 97 18 63 36 25 83 73 87 99 44 52 81 34 17 68 20 35 87 62 66 94 44 93 38 10 32 88 94 28 99 10 16 74 45 37 27 56 47 1 41 81 14 31
56 35 33 24 44 13 8 62 3 26 91 5 53 50 2 4 70 3 68 5 1 36 52 17 65 3 33 31 74 25 97 40 89 79 42 46 84 15 7 45 72 39 75 88 55 73 69 20 35 52 84 35 86 42 48 70 24 61 39 46 91 3 82 61 66 19 78 82 58 69 13 44 99 84 80
46 31 66 81 48 72 95 85 43 45 38 84 29 3 59 87 59 20 1 1 2 36 30 70 37 65 96 50 26 24 73 19 26 48 79 55 72 68 96 82 3 23 96 29 58 12 25 46 46 39 80 46 49 79 44 76 69 16 17 7 82 81 96 33 62 23 80 90 21 59 81 35 19 60 87
78 52 20 79 22 60 58 9 48 13 62 5 27 93 80 50 93 61 50 28 62 72 47 14 64 25 42 58 16 18 12 76 4 36 60 20 84 23 48 22 88 89 59 7 54 66 58 12 1 1 58 70 25 57 74 59 95 74 29 86 81 63 8 51 82 25 1 45 65 9 40 15 25 9 98
89 73 96 73 26 44 38 89 77 51 53 34 31 13 49 38 86 8 53 81 3 85 13 32 44 40 40 66 49 47 56 14 37 61 19 24 46 63 9 60 66 88 99 64 5 84 94 22 70 37 45 19 2 21 95 48 45 87 76 86 51 30 35 51 45 72 17 73 34 82 54 71 29 76 47
29 33 85 20 48 99 49 93 70 9 42 4 42 16 14 3 47 63 27 11 67 20 50 31 92 67 15 97 18 59 30 37 10 76 32 86 35 99 44 85 63 33 31 54 46 22 88 85 97 40 3 3 47 29 98 2 70 4 44 95 53 96 32 64 17 40 14 83 24 52 77 63 77 46 68
84 41 90 83 21 6 5 65 26 21 55 43 38 58 34 3 53 77 67 43 71 31 79 95 48 67 56 30 89 75 44 62 18 11 52 3 22 73 34 12 44 24 84 98 30 5 82 61 52 68 44 4 5 11 64 22 26 17 97 99 90 90 44 32 65 12 16 40 57 59 84 10 76 34 75
91 11 77 33 95 79 82 3 79 94 15 59 12 50 65 64 39 89 99 28 98 71 62 83 72 34 66 23 90 77 83 29 31 53 68 36 64 81 59 4 24 26 13 99 60 23 28 26 1 89 87 79 17 60 90 84 53 95 10 88 16 39 91 41 29 13 20 19 83 29 86 24 83 87 48
72 2 21 17 91 43 57 42 35 45 10 57 58 41 12 66 18 88 52 87 41 84 51 45 33 70 96 69 99 54 22 14 59 8 18 24 52 88 62 11 94 78 35 99 76 84 68 60 85 85 77 93 12 90 6 93 92 19 49 75 49 67 57 55 11 48 82 25 24 61 43 90 74 36 76
14 58 3 77 14 63 12 51 16 50 61 44 87 69 50 5 67 89 32 53 42 57 92 64 20 32 60 1 8 48 69 76 26 97 75 72 72 82 4 66 8 78 96 18 33 14 45 70 62 66 84 88 17 77 21 77 92 25 40 74 96 14 41 80 85 73 34 11 32 43 69 43 68 8 76
23 38 14 50 46 40 37 1 48 64 58 57 26 42 7 27 38 54 60 97 25 67 80 41 13 60 90 41 65 19 47 46 94 17 26 58 50 54 93 11 61 53 22 13 57 20 64 51 51 24 57 94 10 9 72 18 76 73 4 8 69 97 86 17 64 24 8 91 99 52 10 56 94 43 27
15 65 59 35 34 47 61 42 44 16 8 55 50 16 28 98 81 81 85 45 20 33 35 69 51 22 16 9 97 4 82 77 84 28 10 17 96 9 29 80 34 36 70 2 34 74 19 40 96 97 60 94 51 75 49 30 49 25 83 83 98 57 12 41 27 10 75 98 87 67 77 46 29 21 86
19 44 87 8 94 16 98 94 19 90 39 65 41 71 31 38 55 11 32 58 42 78 30 64 86 38 95 43 28 46 40 69 48 71 21 49 65 96 57 84 67 46 78 62 27 31 97 60 72 77 69 80 75 25 12 69 44 57 18 90 61 76 36 41 56 33 65 28 21 24 98 34 35 76 9
69 85 36 40 16 45 98 46 62 50 13 45 69 21 20 50 40 25 49 36 35 78 25 8 30 60 91 75 98 44 87 38 34 78 1 4 53 96 82 55 44 78 24 72 47 71 71 40 36 81 46 46 60 28 41 16 96 15 8 55 18 85 34 85 18 56 99 82 82 79 43 55 17 25 77
48 75 6 95 55 75 3 55 36 59 86 86 2 33 25 90 89 79 66 92 18 5 37 2 65 73 28 21 3 24 31 15 29 18 88 50 35 45 26 26 71 69 33 63 54 35 28 97 14 89 36 41 37 48 9 68 81 99 92 68 53 65 54 59 79 53 93 80 54 90 1 89 27 87 34
80 66 54 99 13 71 63 72 54 92 88 86 38 24 8 49 41 5 70 60 65 22 8 43 80 34 9 60 7 77 76 10 9 86 14 9 92 6 53 9 36 7 77 55 26 33 4 10 64 93 10 77 98 17 24 45 68 79 2 21 23 65 41 50 29 80 94 84 15 98 87 32 62 4 78
42 45 64 45 76 34 52 24 95 85 88 75 23 1 73 49 81 45 95 95 9 69 6 76 28 24 72 53 84 37 19 62 39 54 20 90 91 18 94 36 97 75 82 4 84 5 35 42 71 85 50 63 24 36 40 99 26 8 32 53 78 19 69 6 34 5 45 81 35 23 88 29 24 41 32
8 63 6 55 93 98 1 24 54 72 98 38 56 54 22 54 63 56 13 6 69 2 49 92 18 38 81 13 34 84 78 52 64 79 40 22 97 19 36 57 69 82 43 1 72 51 60 73 89 46 78 39 54 89 65 38 81 4 10 45 44 96 49 61 84 82 7 13 44 3 9 42 90 33 40
13 63 31 9 72 96 30 60 17 94 8 24 85 52 76 37 17 69 88 96 92 11 88 61 97 38 7 65 57 12 81 88 53 40 31 31 64 98 39 52 13 69 9 5 50 6 90 21 63 22 59 74 55 27 56 23 98 10 31 87 86 6 36 11 21 72 41 77 75 53 26 84 84 87 23
87 47 36 67 47 67 13 98 3 21 63 59 35 40 33 72 66 79 29 34 33 16 21 56 98 76 32 17 77 61 20 56 25 45 22 90 56 66 31 12 43 26 33 91 97 41 17 56 30 30 72 67 19 85 56 58 2 55 47 45 22 82 22 67 24 2 68 41 24 67 99 62 32 76 35
6 30 17 62 27 15 3 32 79 28 81 64 45 74 63 25 54 13 21 95 14 44 4 85 49 17 14 96 9 85 45 55 1 86 29 56 26 93 9 82 3 55 85 8 23 61 21 65 50 89 12 78 43 78 18 17 58 35 58 65 56 42 53 10 89 3 18 79 33 96 47 1 18 53 54
68 71 26 95 25 31 67 71 17 83 90 89 93 91 59 23 37 97 61 6 87 77 95 38 60 83 21 74 67 20 27 59 28 34 87 28 50 18 73 11 95 91 70 16 64 77 74 39 80 15 30 19 62 21 54 23 12 70 22 61 29 60 34 21 61 90 27 53 4 29 39 20 3 78 41
50 73 79 57 51 7 33 24 51 81 63 26 44 27 24 57 47 87 70 38 54 48 32 79 38 86 96 14 79 61 73 54 20 43 66 67 67 86 26 53 94 14 98 92 58 87 89 38 50 40 27 17 57 4 45 62 86 91 98 33 12 59 62 79 89 53 23 84 57 54 3 27 97 45 69
93 39 36 21 50 20 86 24 51 41 46 31 37 87 30 37 67 68 7 1 41 48 25 65 62 74 8 26 23 80 42 45 64 77 64 45 33 66 25 62 40 60 8 61 90 26 79 23 15 51 7 42 81 41 28 90 61 49 67 60 87 71 91 86 51 59 47 45 11 85 80 7 3 77 63
25 12 40 52 10 86 39 23 84 55 3 83 17 75 79 40 72 61 96 56 4 78 42 78 74 18 93 1 38 86 67 72 80 42 96 64 61 81 23 23 70 40 72 21 58 60 65 80 44 97 22 56 72 92 42 12 98 82 54 99 18 84 65 10 25 18 35 50 96 35 66 3 77 68 15
44 2 43 4 51 67 66 54 42 10 78 76 38 11 54 16 24 94 14 25 14 67 91 12 71 78 86 11 83 66 80 2 6 19 37 65 21 36 41 51 88 73 43 11 53 23 15 6 69 39 5 24 58 55 99 65 56 40 70 8 28 14 51 14 19 38 56 12 61 83 89 71 31 51 6
90 35 48 14 84 82 12 37 75 89 74 45 87 76 36 84 88 79 47 32 30 62 13 10 51 18 28 46 90 40 73 9 65 28 87 90 11 43 99 79 21 92 41 20 57 42 53 47 57 79 91 61 68 95 46 30 16 12 90 52 99 77 99 39 5 6 39 84 7 43 69 79 48 57 41
97 54 95 76 55 56 34 20 14 44 83 9 61 4 98 44 59 59 93 4 61 3 85 63 31 3 58 71 60 38 28 47 14 50 81 29 10 32 92 17 69 61 45 44 19 25 37 78 93 5 18 14 30 17 15 13 59 22 96 50 15 87 31 75 1 33 41 17 76 95 23 66 65 25 20
79 57 86 56 20 15 47 28 81 38 10 72 59 82 94 15 71 61 43 48 45 99 30 96 85 39 76 12 52 87 68 16 17 34 89 38 41 87 9 63 13 30 1 67 52 15 31 51 86 18 66 69 9 95 92 1 92 12 63 76 45 12 99 5 13 62 17 33 97 71 46 70 38 18 4
69 29 44 28 52 58 30 79 11 45 27 70 4 6 22 21 36 80 64 43 34 53 29 19 79 98 19 38 81 71 20 93 94 85 82 87 87 26 30 4 89 35 19 76 3 58 92 26 87 64 15 24 78 44 79 34 86 48 7 29 82 83 12 94 2 9 60 33 11 35 53 50 83 47 72
17 44 16 19 74 98 16 99 88 89 97 75 41 35 33 54 66 96 24 80 13 12 50 20 28 20 95 4 96 23 2 54 85 18 53 79 28 30 72 99 97 41 81 23 2 2 4 23 77 34 51 43 50 71 96 26 80 72 34 13 56 89 60 6 80 26 42 90 72 28 95 64 75 90 59
84 16 56 43 69 30 54 53 91 58 95 25 56 94 65 29 63 67 12 43 61 78 31 99 92 47 33 97 35 99 7 53 39 22 10 80 94 75 71 97 49 62 43 72 36 45 88 78 29 5 17 79 80 8 42 78 43 81 1 93 99 59 19 48 47 80 19 15 23 93 14 26 5 93 82
21 16 40 26 59 98 43 15 75 48 9 35 31 15 72 33 8 48 57 68 64 37 52 62 71 6 53 69 81 46 76 24 8 17 41 69 91 67 15 84 7 98 23 30 15 30 36 66 2 62 56 95 8 28 88 82 96 41 56 12 52 7 54 11 20 82 33 36 74 37 96 32 28 52 46
35 33 72 22 71 57 32 10 39 64 61 77 68 66 27 22 35 16 84 56 88 39 58 88 56 68 51 16 5 88 80 27 37 93 28 90 99 10 23 24 44 50 22 10 74 73 10 10 70 55 20 83 28 89 27 14 93 42 29 80 69 38 96 33 88 41 47 95 81 35 31 14 80 34 47
80 51 75 12 15 1 16 47 26 58 32 75 10 92 4 61 97 59 49 60 41 84 59 35 38 38 93 87 52 18 44 75 19 14 9 55 17 44 31 61 7 89 28 92 25 76 77 8 92 23 55 20 33 93 61 73 98 61 1 81 41 55 77 20 29 64 22 1 23 82 1 89 79 9 16
2 75 6 4 64 19 58 55 10 94 75 10 39 6 48 2 75 48 51 16 80 69 11 87 25 53 31 5 56 98 69 65 42 46 49 83 28 27 5 35 68 95 12 80 56 33 25 88 13 84 5 49 63 81 74 28 57 68 18 72 56 55 47 28 75 3 24 28 88 57 70 72 8 46 22
42 6 27 56 58 51 86 73 20 74 34 33 92 88 89 81 40 12 75 34 7 14 93 26 77 41 1 98 72 77 94 84 38 99 13 7 70 50 62 83 95 7 81 97 8 39 72 36 77 28 48 75 16 56 78 78 79 47 3 63 60 83 43 47 72 72 94 95 56 18 61 35 96 47 31
45 62 64 13 56 37 12 78 30 64 63 37 51 1 47 32 40 93 89 24 80 89 5 62 53 81 19 36 68 59 13 18 20 45 71 94 73 53 38 19 27 5 58 98 76 41 17 67 7 27 9 9 58 39 68 19 92 20 66 42 69 38 3 90 43 65 51 25 21 22 18 11 42 93 89
41 17 79 49 45 97 22 16 95 77 11 21 83 50 26 81 34 92 90 90 65 25 26 75 74 98 3 30 13 35 62 11 84 67 45 40 15 18 68 64 95 94 87 42 3 77 2 4 15 37 32 39 81 53 79 17 13 65 28 10 41 75 92 82 94 26 99 98 19 65 94 31 41 38 34
45 29 27 9 84 2 86 89 50 69 77 11 72 18 30 84 77 3 75 56 68 7 9 84 61 14 26 37 96 65 26 48 12 14 94 84 42 27 37 29 14 92 10 81 75 37 83 26 47 39 46 37 71 34 98 63 27 82 52 28 80 76 65 20 62 94 42 59 88 81 47 93 43 54 61

Demandas:
0 0 0 1 0 0
0 0 0 1 0 0
0 0 1 0 0 0
0 0 1 0 0 0
0 0 0 1 0 0
0 0 0 0 0 1
0 1 0 0 0 0
0 0 0 0 0 1
0 1 0 0 0 0
0 0 0 1 0 0
0 0 0 1 0 0
0 0 0 1 0 0
0 0 1 0 0 0
0 0 1 0 0 0
1 0 0 0 0 0
1 0 0 0 0 0
0 0 1 0 0 0
0 1 0 0 0 0
0 0 0 0 0 1
0 1 0 0 0 0
0 0 0 0 0 1
0 0 0 0 0 1
0 0 0 0 0 1
0 0 0 1 0 0
0 0 0 0 0 1
0 1 0 0 0 0
1 0 0 0 0 0
0 1 0 0 0 0
0 0 0 0 1 0
0 1 0 0 0 0
0 0 1 0 0 0
0 0 0 0 1 0
1 0 0 0 0 0
0 0 0 0 0 1
0 1 0 0 0 0
0 0 0 1 0 0
0 1 0 0 0 0
0 0 0 1 0 0
0 1 0 0 0 0
0 0 0 0 1 0
1 0 0 0 0 0
0 0 0 0 1 0
0 0 0 0 1 0
0 0 0 1 0 0
0 0 0 1 0 0
0 0 0 0 0 1
0 0 0 0 0 1
0 0 1 0 0 0
0 0 1 0 0 0
0 0 0 0 1 0
1 0 0 0 0 0
0 0 0 0 1 0
0 0 0 1 0 0
1 0 0 0 0 0
0 1 0 0 0 0
0 0 0 1 0 0
1 0 0 0 0 0
0 0 1 0 0 0
0 0 1 0 0 0
0 0 0 0 0 1
0 0 1 0 0 0
0 1 0 0 0 0
0 1 0 0 0 0
0 0 0 0 0 1
0 0 0 0 0 1
0 0 1 0 0 0
0 0 1 0 0 0
0 0 0 1 0 0
0 0 1 0 0 0
0 0 0 1 0 0
0 0 0 0 0 1
0 0 0 0 0 1
0 0 0 1 0 0
0 0 0 1 0 0
0 0 0 1 0 0
0 1 0 0 0 0
0 0 0 0 0 1
0 0 1 0 0 0
0 0 0 0 1 0
0 0 1 0 0 0
0 1 0 0 0 0
0 0 0 0 1 0
0 1 0 0 0 0
1 0 0 0 0 0
0 0 0 0 0 1
0 1 0 0 0 0
0 0 0 0 1 0
0 0 1 0 0 0
0 0 0 1 0 0
0 0 0 0 0 1
0 0 0 0 0 1
0 0 0 1 0 0
0 1 0 0 0 0
0 1 0 0 0 0
0 0 0 0 1 0
0 0 0 1 0 0
0 0 0 1 0 0
0 0 0 0 0 1
0 0 0 0 1 0
0 0 1 0 0 0
0 0 1 0 0 0
0 0 0 1 0 0
0 0 0 1 0 0
0 0 0 1 0 0
0 0 0 0 1 0
0 0 0 0 1 0
0 1 0 0 0 0
0 1 0 0 0 0
0 1 0 0 0 0
0 1 0 0 0 0
1 0 0 0 0 0
0 0 1 0 0 0
1 0 0 0 0 0
0 0 0 0 0 1
0 0 0 1 0 0
0 0 0 1 0 0
0 1 0 0 0 0
0 0 0 0 1 0
0 0 1 0 0 0
0 0 0 0 1 0
0 1 0 0 0 0
0 0 0 0 1 0
0 1 0 0 0 0
0 0 0 0 1 0
0 1 0 0 0 0
1 0 0 0 0 0
0 0 0 1 0 0
0 0 1 0 0 0
0 0 0 0 1 0
1 0 0 0 0 0
0 0 0 0 0 1
0 0 0 0 1 0
0 0 0 0 1 0
1 0 0 0 0 0
0 0 0 0 0 1
0 0 0 0 1 0
0 0 0 0 1 0
0 0 0 0 0 1
0 0 0 0 1 0
0 0 0 0 1 0
0 0 0 0 1 0
0 1 0 0 0 0
1 0 0 0 0 0
1 0 0 0 0 0
0 0 1 0 0 0
0 0 0 1 0 0
0 0 0 0 1 0
1 0 0 0 0 0
0 0 0 1 0 0
1 0 0 0 0 0
0 0 0 0 1 0
0 0 0 1 0 0
0 0 0 0 0 1
0 0 1 0 0 0
0 0 0 0 1 0
0 0 1 0 0 0
0 0 0 1 0 0
1 0 0 0 0 0
1 0 0 0 0 0
0 0 0 1 0 0
1 0 0 0 0 0
0 0 0 1 0 0
1 0 0 0 0 0
0 0 1 0 0 0
0 0 0 0 0 1
0 1 0 0 0 0
1 0 0 0 0 0
0 0 0 1 0 0
0 0 1 0 0 0
0 1 0 0 0 0
0 0 1 0 0 0
0 0 0 0 0 1
0 0 0 0 1 0
0 1 0 0 0 0
0 0 1 0 0 0
0 0 0 0 1 0
0 1 0 0 0 0
0 0 0 1 0 0
0 1 0 0 0 0
0 0 0 1 0 0
0 0 0 1 0 0
0 0 1 0 0 0
1 0 0 0 0 0
0 0 1 0 0 0
0 0 0 0 0 1
0 0 0 0 1 0
0 0 1 0 0 0
0 0 1 0 0 0
0 0 0 1 0 0
0 0 1 0 0 0
0 0 0 1 0 0
0 0 0 1 0 0
0 0 1 0 0 0
0 0 0 0 0 1
0 0 1 0 0 0
1 0 0 0 0 0
0 0 0 0 1 0
1 0 0 0 0 0
0 0 0 1 0 0
0 1 0 0 0 0
0 0 1 0 0 0
0 0 0 0 0 1
0 0 0 0 0 1
0 0 0 0 0 1
0 0 0 0 1 0
0 0 0 0 1 0
0 0 0 0 1 0
0 1 0 0 0 0
0 0 0 0 1 0
0 0 1 0 0 0
0 1 0 0 0 0
0 0 0 0 1 0
0 0 0 0 1 0
0 1 0 0 0 0
0 0 1 0 0 0
0 0 0 0 0 1
0 0 0 0 0 1
0 0 0 1 0 0
1 0 0 0 0 0
0 0 1 0 0 0
0 0 0 0 0 1
0 0 1 0 0 0
0 0 0 1 0 0
1 0 0 0 0 0
0 0 0 1 0 0
1 0 0 0 0 0
0 0 0 0 1 0
0 1 0 0 0 0
1 0 0 0 0 0
1 0 0 0 0 0
0 0 0 0 1 0
1 0 0 0 0 0
0 0 0 0 1 0
0 0 0 0 0 1
0 0 0 0 1 0
0 0 0 1 0 0
0 0 0 1 0 0
1 0 0 0 0 0
0 0 1 0 0 0
0 0 0 0 0 1
0 1 0 0 0 0
0 0 0 1 0 0
0 0 0 0 0 1
0 0 0 1 0 0
0 1 0 0 0 0
0 0 0 0 0 1
0 0 0 0 0 1
0 0 0 0 1 0
1 0 0 0 0 0
0 0 1 0 0 0

Capacidades:
3 2 0 1 1 2
4 3 1 4 1 2
2 2 2 0 3 4
0 4 2 3 2 4
4 1 2 4 3 2
0 2 1 2 3 3
0 1 3 0 3 0
0 2 4 1 2 3
3 2 0 0 2 0
1 1 1 3 4 2
4 3 4 0 4 1
0 3 3 3 4 1
4 1 1 4 2 3
0 4 0 2 3 3
0 2 3 4 2 3
4 2 1 0 4 4
1 1 3 3 4 2
0 2 1 3 4 0
2 1 2 3 4 3
2 3 3 3 1 3
4 3 2 2 4 3
1 0 3 2 0 3
2 2 1 0 4 0
0 1 4 4 2 2
1 1 1 2 2 2
3 0 3 4 4 0
0 1 3 3 0 3
2 2 1 4 4 0
0 3 2 4 2 3
3 0 4 3 2 2
3 0 3 1 1 0
0 4 2 4 0 3
1 2 1 1 0 3
0 3 0 3 2 2
1 4 3 3 2 1
2 0 2 0 4 4
2 4 2 2 2 3
3 3 3 0 4 0
0 0 1 0 0 0
3 4 2 3 0 2
0 1 4 4 1 0
0 2 4 2 4 1
0 1 4 3 1 2
1 4 3 1 3 1
1 3 4 2 1 0
0 2 0 3 1 1
3 2 1 1 4 3
2 1 1 4 3 1
1 4 0 2 3 2
1 4 0 3 1 3
3 4 1 2 1 0
4 4 1 4 4 4
4 0 2 0 3 3
3 3 2 1 2 3
4 1 1 1 2 4
1 2 3 3 1 2
4 0 0 2 4 2
2 4 0 3 1 0
3 2 3 3 3 4
3 3 0 3 1 1
0 2 2 0 1 0
4 4 3 1 0 1
4 2 4 3 3 3
1 0 0 2 3 4
0 1 0 2 2 2
1 2 0 0 4 3
2 4 3 2 3 3
4 4 3 2 0 1
4 0 1 2 3 0
0 0 3 3 4 2
4 1 4 3 2 2
1 2 1 2 2 4
2 2 3 0 1 1
2 4 0 2 3 3
1 1 4 1 2 4
