m: 250
n: 50
k: 8

Distancias:
50 59 99 62 14 8 73 64 2 58 94 38 8 70 46 46 42 42 19 21 19 4 4 88 88 47 6 74 65 94 45 43 84 31 8 41 26 96 30 43 15 55 93 80 17 31 46 32 23 96
47 19 59 48 17 3 92 16 92 48 28 28 44 54 23 97 89 41 34 84 74 95 10 75 47 99 35 81 5 15 94 90 47 50 49 97 75 11 82 51 73 53 66 78 32 18 83 27 12 94
10 17 11 3 42 32 29 7 64 40 40 83 92 22 44 72 72 9 18 14 39 88 44 3 87 50 93 13 61 92 66 71 52 29 80 93 3 71 77 21 38 72 44 41 21 73 18 63 42 56
33 52 44 89 13 41 22 9 74 93 49 90 24 73 11 27 44 44 12 36 46 79 92 8 43 22 53 98 9 71 79 3 80 91 33 36 52 53 47 96 89 45 33 44 45 46 33 23 99 86
28 73 60 81 80 35 56 12 31 52 12 13 59 36 53 19 15 36 54 68 19 39 90 5 66 38 49 10 49 7 32 16 43 58 90 85 71 58 8 23 68 13 99 94 31 30 74 71 36 4
99 86 42 75 11 20 13 64 67 6 2 74 86 81 76 58 60 61 43 52 41 95 80 97 33 1 41 15 12 11 44 18 2 12 81 58 70 3 88 55 2 91 4 8 69 87 86 35 65 11
90 45 91 57 71 81 10 71 29 31 87 38 27 11 90 81 53 37 81 11 43 89 49 26 31 9 37 46 36 33 59 76 73 57 50 5 58 22 17 62 21 33 11 30 10 58 78 59 18 31
54 42 91 92 43 82 4 88 33 37 30 24 80 33 64 3 30 88 65 81 87 30 88 52 80 75 36 85 25 30 99 19 15 60 8 7 47 21 89 51 76 5 75 39 96 98 89 23 8 98
87 29 28 32 55 72 17 53 12 70 49 17 39 18 93 35 48 13 17 74 14 67 44 55 38 76 19 26 63 90 62 7 30 8 5 31 7 75 29 23 44 1 74 38 98 31 96 81 5 41
29 48 55 47 14 44 77 86 38 86 99 87 93 30 88 1 77 66 61 79 79 7 52 43 77 72 66 96 46 48 33 33 45 98 26 59 61 41 82 2 96 68 38 28 34 32 66 31 89 41
70 39 34 39 38 81 35 53 92 31 73 60 38 25 20 1 2 16 94 84 61 42 76 77 29 6 34 76 77 36 2 12 36 80 5 43 48 47 87 85 76 50 80 81 39 21 28 47 44 10
78 58 30 62 55 61 10 36 63 87 24 59 47 1 85 15 47 14 50 10 74 72 90 70 27 90 67 14 99 57 11 29 4 70 38 7 95 41 32 59 22 16 66 32 37 46 34 82 91 94
89 37 3 86 3 54 40 98 68 83 66 77 2 13 58 10 72 74 38 87 9 39 8 12 80 72 9 90 69 89 20 63 80 4 48 41 79 38 17 25 7 70 47 67 46 38 59 2 40 89
88 84 68 16 10 72 29 18 1 27 75 15 42 23 97 32 34 96 67 96 15 84 55 7 58 11 74 59 63 84 93 90 69 68 39 12 47 73 19 40 76 19 43 78 68 64 72 67 2 58
47 15 88 59 97 81 95 29 56 22 58 9 75 67 99 90 57 33 71 62 56 85 65 23 93 21 28 78 72 32 14 11 30 82 67 10 33 73 26 46 22 41 96 12 76 60 44 59 66 26
48 53 25 82 81 38 62 89 42 5 27 4 4 48 31 66 99 9 44 75 97 31 82 43 18 48 10 39 72 8 88 97 86 9 89 79 93 16 79 18 64 28 46 53 91 25 69 42 50 3
14 61 47 72 36 64 61 79 83 12 14 64 99 74 76 56 23 57 29 54 42 37 63 92 50 93 3 59 87 37 61 6 90 44 27 84 99 92 84 68 84 28 10 46 5 57 95 53 82 10
98 27 23 1 89 67 13 31 79 43 38 23 84 63 31 38 92 61 15 98 21 60 52 46 15 62 50 14 15 70 64 30 26 12 28 84 1 29 77 31 54 60 28 32 56 46 74 13 89 42
96 45 15 60 13 30 85 60 79 61 18 34 93 30 48 25 62 7 65 71 30 63 7 64 68 27 94 16 94 44 17 5 86 52 66 68 98 37 84 80 47 15 64 24 11 64 59 43 26 27
82 87 66 11 35 14 49 29 41 32 3 24 28 32 62 29 87 50 91 77 61 9 76 18 14 35 91 58 68 85 86 17 16 69 83 20 32 51 77 53 43 74 35 12 87 34 89 90 67 4
39 2 1 30 79 10 50 80 17 89 66 86 18 35 95 54 83 79 17 93 71 72 22 57 1 90 89 39 71 95 9 69 83 57 54 21 70 37 54 32 83 75 32 90 42 12 85 96 72 15
29 78 43 72 55 34 28 96 43 53 67 64 35 47 13 79 95 41 98 91 73 20 27 81 47 73 16 10 69 87 71 58 58 31 75 76 93 88 21 84 14 10 61 32 35 66 65 10 49 31
14 91 13 32 22 41 98 42 45 56 29 47 55 51 42 44 47 72 22 21 61 13 77 86 1 70 85 75 19 31 45 44 94 3 25 19 81 64 94 19 30 7 68 96 30 14 72 24 28 66
42 29 69 8 55 54 64 90 24 88 79 91 24 41 82 5 74 6 53 7 60 1 47 29 65 99 12 45 36 64 74 15 33 83 39 66 36 97 68 93 20 10 62 68 78 16 33 40 7 48
43 80 3 71 42 17 22 39 69 46 48 24 37 71 63 68 45 96 70 87 60 74 24 9 44 16 77 51 80 92 16 49 89 89 37 49 52 12 70 83 9 6 78 54 41 78 85 81 56 8
55 7 54 86 34 69 75 3 37 94 28 91 95 67 72 18 65 2 81 39 8 75 69 44 92 38 44 20 39 79 88 60 4 71 9 59 83 74 43 35 74 42 89 4 93 23 48 21 28 3
91 3 3 84 88 3 85 91 46 51 34 96 75 53 81 79 72 1 27 7 66 86 51 22 59 63 15 32 38 65 62 46 44 34 78 56 48 3 59 59 63 66 59 28 75 65 61 90 1 3
22 63 97 74 66 7 9 8 73 56 96 39 35 26 74 93 61 58 78 98 59 94 20 61 11 45 81 48 5 3 91 77 93 84 9 82 69 2 91 11 58 66 42 79 6 32 74 53 75 39
44 26 20 14 80 30 46 68 5 39 79 83 44 98 13 65 34 92 92 31 5 92 80 37 21 94 33 78 17 22 60 81 45 23 77 58 64 40 12 71 49 22 88 32 55 67 81 38 14 42
59 61 28 23 64 35 10 59 52 67 12 61 89 91 11 23 70 29 16 48 19 42 41 43 98 76 20 36 90 19 50 82 40 29 31 55 12 42 87 74 74 58 22 42 42 37 48 51 26 36
46 45 75 75 44 30 39 6 71 15 48 65 2 96 83 84 64 40 55 13 87 56 9 17 19 99 13 49 2 98 14 18 25 47 52 41 83 53 29 43 21 32 87 74 78 55 20 59 34 80
89 15 45 85 32 5 76 41 66 54 47 60 86 34 56 40 89 7 15 83 57 82 12 63 82 2 37 9 25 99 96 23 96 21 29 89 96 55 91 97 3 35 35 93 1 62 92 67 25 7
85 2 19 4 51 76 37 96 64 52 81 46 76 14 42 61 51 91 9 79 59 14 4 42 47 18 82 10 37 35 73 67 99 1 88 42 4 71 28 96 91 16 34 52 1 52 95 46 12 71
6 32 5 75 59 47 68 17 37 30 64 74 36 71 52 68 30 51 43 73 76 88 99 5 46 85 13 85 78 51 13 47 81 9 93 79 6 28 26 22 83 18 36 32 18 99 88 33 30 99
30 97 25 81 58 47 44 73 1 41 33 17 47 22 57 51 8 84 27 31 30 37 83 43 77 46 99 76 89 93 34 72 12 52 14 95 83 95 65 59 23 39 64 99 14 68 86 2 68 90
47 20 93 49 34 29 45 88 43 70 59 12 54 26 56 92 35 1 82 77 85 54 27 87 76 31 9 55 56 69 47 94 48 92 18 59 91 56 62 26 81 82 47 9 88 50 48 10 96 1
24 13 87 55 11 13 86 85 90 40 38 30 72 73 38 47 24 9 81 6 18 99 41 95 27 86 77 86 35 75 15 25 50 52 59 47 49 81 15 4 51 96 26 3 78 99 95 29 57 31
12 28 85 54 28 55 83 52 37 97 42 47 73 29 39 12 43 89 92 1 67 43 39 6 74 11 29 15 20 48 34 40 70 56 61 45 23 40 85 32 28 49 56 73 61 54 91 44 72 39
54 90 63 34 63 64 19 48 42 29 13 6 67 36 12 97 33 77 88 75 35 88 46 34 70 42 45 5 23 65 98 91 46 39 35 12 20 81 99 64 77 73 9 99 69 67 72 4 41 60
41 2 46 72 85 17 44 1 35 12 72 13 74 49 14 32 48 47 79 49 65 61 60 16 37 65 52 15 66 33 32 45 59 23 44 55 58 83 82 92 9 70 11 31 78 74 45 49 19 31
86 88 69 35 50 3 60 80 33 38 38 61 77 36 80 88 37 88 35 48 28 26 24 97 69 5 9 86 46 95 63 43 84 4 82 9 56 9 91 86 44 99 23 49 33 46 69 48 86 19
11 63 1 68 20 23 74 41 5 41 9 85 40 33 94 32 48 32 12 30 10 24 30 25 48 21 66 50 63 72 68 55 11 25 98 84 81 96 10 75 57 88 28 32 74 99 10 80 78 38
61 18 22 39 86 38 46 5 47 56 17 33 71 17 53 22 81 10 43 36 33 5 77 35 61 5 86 37 31 67 90 57 80 31 85 99 86 52 87 45 57 37 36 5 83 22 94 57 50 94
31 92 77 64 15 33 95 74 39 42 17 49 64 66 4 15 13 98 24 13 27 99 7 44 96 25 68 8 49 8 26 86 57 79 78 50 16 38 12 5 34 33 85 16 66 17 24 63 25 50
83 72 69 12 84 5 24 88 90 92 59 22 90 28 91 93 42 14 33 17 65 93 26 25 30 76 93 30 99 44 49 29 99 90 37 10 72 35 88 89 57 41 31 50 23 75 90 87 85 17
3 89 79 13 85 8 66 11 67 44 65 83 54 14 42 95 23 97 51 44 89 73 24 86 81 56 78 96 58 94 87 35 50 86 41 64 91 42 54 28 53 94 69 49 66 51 28 77 5 56
7 99 37 25 13 71 87 62 78 20 42 25 64 29 82 68 86 60 35 8 38 63 42 79 69 48 6 76 53 81 61 56 30 62 58 85 38 41 83 10 91 61 29 63 18 65 97 88 30 2
51 2 88 93 40 20 78 4 67 98 64 69 76 35 49 80 73 59 36 1 53 98 97 24 7 30 52 23 67 37 58 11 11 97 76 13 73 23 20 19 51 70 16 49 9 72 37 82 23 69
6 91 17 27 57 19 29 34 74 87 65 95 45 4 58 74 44 78 10 28 1 96 44 49 7 76 26 20 13 71 88 35 81 31 78 11 19 92 57 81 87 20 51 8 78 93 16 26 75 9
14 6 48 27 3 37 96 66 53 46 79 40 35 69 41 64 78 69 24 22 52 60 19 77 70 91 63 90 89 75 90 86 17 54 31 27 19 54 96 6 52 22 37 72 89 22 3 16 60 48
4 37 24 71 12 5 17 28 78 74 50 55 58 66 34 72 68 4 19 74 34 34 72 47 87 30 93 78 14 56 23 77 39 99 66 63 79 9 58 59 2 73 14 8 79 29 89 57 48 76
58 28 92 90 28 56 17 59 71 5 43 78 7 47 64 41 83 57 6 86 62 96 94 96 93 43 3 95 79 66 13 39 31 84 57 40 60 10 97 51 48 23 14 97 38 62 11 29 69 24
74 24 27 94 5 45 5 71 49 25 57 66 78 9 94 80 54 27 3 29 66 98 20 99 38 65 14 8 24 53 94 30 11 38 47 98 6 6 15 69 5 47 90 48 2 63 20 62 63 75
86 33 34 25 96 37 21 74 69 82 66 27 86 85 35 85 23 76 85 39 49 23 6 64 10 9 83 74 16 46 61 30 97 98 1 28 39 75 25 58 4 2 11 1 70 93 93 98 97 88
38 2 8 33 5 3 72 95 28 91 80 3 97 7 78 26 56 89 68 89 2 24 93 84 40 66 88 27 24 72 24 77 8 72 13 90 63 33 83 82 35 69 65 53 24 80 13 49 48 31
91 28 71 68 8 95 19 63 48 73 38 4 68 76 64 59 5 97 36 45 77 85 53 24 38 71 94 74 42 33 98 92 25 75 97 70 54 49 44 99 97 7 24 72 10 35 78 46 87 11
17 37 62 49 19 75 45 65 27 85 51 97 23 95 77 13 52 38 15 88 70 46 30 82 55 15 68 4 71 76 89 20 38 26 79 23 87 86 77 93 78 83 50 22 17 93 33 39 6 76
53 31 48 85 77 35 58 67 77 85 39 4 8 22 53 28 35 71 81 72 55 89 1 64 18 93 53 95 21 91 16 32 2 73 89 93 63 9 98 7 98 1 5 25 93 47 12 79 62 50
87 94 41 79 45 59 6 30 16 45 18 68 34 21 20 50 89 38 43 14 39 91 75 98 39 94 29 1 32 74 83 95 26 90 58 16 48 85 47 91 30 98 63 50 88 3 5 22 37 47
15 80 32 39 80 38 31 56 59 47 30 5 13 27 42 96 90 92 78 86 92 47 6 33 83 33 66 18 81 10 71 35 2 59 37 30 48 28 98 62 37 87 4 17 25 83 44 88 19 23
47 63 95 14 59 43 64 10 86 4 17 62 75 96 77 28 53 11 92 26 15 19 79 24 84 10 41 65 55 79 42 34 41 30 17 40 96 90 75 61 47 76 44 69 75 77 25 77 13 31
90 66 57 36 97 49 74 79 36 64 51 36 31 32 39 37 37 56 12 18 27 71 15 92 57 67 38 75 21 36 68 34 32 47 94 30 86 56 41 24 87 30 77 10 4 75 11 41 24 42
14 87 94 92 74 33 39 7 13 85 68 65 70 83 40 4 36 28 15 36 26 70 67 66 67 65 35 62 58 45 39 25 70 58 2 32 1 22 12 91 94 53 92 18 94 91 38 21 82 91
23 99 66 55 25 9 71 87 94 33 69 90 89 17 18 13 99 11 82 3 6 38 2 1 55 82 21 68 81 85 27 81 43 81 23 82 15 51 97 18 44 24 51 24 4 71 91 11 43 39
84 76 16 75 34 56 66 15 20 48 29 60 58 31 82 94 56 1 71 53 52 55 43 63 60 19 38 39 94 16 49 3 51 86 61 86 60 58 33 40 71 64 3 71 4 52 74 11 10 29
72 57 86 58 43 91 55 70 36 76 13 73 83 35 21 62 51 83 1 16 43 10 60 3 25 7 32 44 92 22 75 44 44 52 85 31 32 9 16 94 26 29 54 45 26 91 56 56 19 8
47 11 75 56 52 57 70 32 97 58 13 41 9 52 89 2 67 92 38 7 95 18 20 51 57 53 53 34 82 46 21 17 72 19 86 5 43 78 40 56 80 56 56 98 63 4 72 84 78 46
61 10 32 89 38 5 38 90 10 68 12 84 48 21 59 10 35 32 99 4 93 14 94 90 41 85 86 58 7 27 17 57 26 50 91 9 10 17 8 92 19 16 66 95 39 52 18 74 20 30
44 20 80 2 8 12 38 86 52 56 71 6 14 94 24 17 93 71 74 87 24 16 73 59 29 59 54 37 75 11 95 51 55 28 24 75 27 18 7 37 25 39 42 20 28 58 46 54 12 4
34 73 50 20 3 44 95 39 64 68 91 40 27 56 92 15 54 7 24 63 55 45 11 20 84 68 36 14 14 19 59 19 93 21 9 81 16 41 6 20 84 21 98 79 31 52 6 91 68 80
28 96 52 6 26 30 55 80 97 51 64 1 29 98 12 75 99 13 20 18 20 64 87 28 47 45 28 57 55 19 65 34 32 39 59 95 19 28 45 52 96 79 57 25 10 22 81 80 79 96
27 90 86 81 44 21 19 22 95 9 39 61 42 21 70 88 80 11 30 27 10 8 19 10 43 51 90 52 45 65 32 82 4 11 7 87 84 14 62 24 86 87 93 61 35 12 3 34 37 53
22 29 81 37 25 65 5 75 3 1 46 38 53 11 7 20 39 10 57 43 60 24 60 92 55 60 29 19 23 40 21 18 32 47 4 76 89 48 16 52 53 35 31 33 84 93 19 41 3 93
35 25 93 23 51 61 91 90 2 30 61 52 7 46 42 30 2 50 13 64 67 55 97 85 91 86 4 48 50 20 53 53 32 70 73 34 67 92 27 50 35 53 10 75 12 26 39 71 70 29
87 79 66 42 7 11 59 23 50 14 16 2 84 63 32 17 87 69 17 10 2 24 28 3 86 10 54 49 92 30 10 23 58 31 76 77 42 73 47 80 62 14 2 89 32 60 55 81 25 74
96 46 87 60 21 57 64 64 48 70 9 35 38 88 16 74 69 52 71 10 73 50 20 30 77 40 74 75 66 95 71 23 25 71 61 25 28 17 54 4 59 68 26 93 77 14 52 89 82 54
10 98 29 41 9 58 90 44 31 57 74 1 10 98 48 8 37 29 46 85 86 76 75 51 18 25 99 58 7 97 6 87 23 39 27 73 8 11 54 4 29 98 5 18 97 66 6 24 81 5
39 1 3 27 31 48 65 73 3 88 28 93 94 75 68 32 18 50 48 29 21 52 19 29 47 42 77 56 21 29 38 50 30 25 3 44 24 32 37 27 36 59 75 93 5 92 55 29 56 98
54 6 23 87 91 33 87 64 21 86 40 40 76 85 2 72 35 14 20 36 68 21 51 17 76 29 51 20 82 54 85 84 94 43 87 25 80 47 83 80 40 59 63 6 66 64 34 14 86 92
33 52 41 22 9 48 94 1 42 3 37 16 79 4 57 78 34 43 21 30 81 3 25 8 86 3 88 25 26 77 70 70 59 59 60 63 3 86 91 59 4 44 81 84 59 88 10 66 8 23
71 27 9 82 68 2 21 40 59 33 92 89 6 58 94 89 17 72 77 28 73 30 67 20 33 52 63 58 55 15 65 41 16 65 39 4 79 71 39 71 66 78 49 54 7 10 97 80 36 9
50 8 5 62 85 88 89 80 79 44 85 46 42 46 14 84 40 68 25 15 9 82 86 68 91 8 30 83 35 17 50 13 6 96 77 38 39 51 89 90 87 95 37 79 11 97 61 16 41 89
54 60 60 57 25 21 7 67 50 54 81 62 9 53 23 34 92 77 18 36 29 2 39 14 29 59 52 67 56 78 13 42 75 20 53 78 85 51 82 49 30 94 51 53 5 6 86 77 51 44
52 32 67 4 3 19 28 40 47 21 98 75 88 25 16 94 40 12 33 29 3 15 83 72 54 36 95 66 29 42 69 36 70 89 14 6 10 60 22 78 12 63 59 19 34 97 79 25 49 46
84 69 25 60 10 90 90 16 49 89 20 96 90 13 5 74 99 99 45 82 87 93 91 36 55 48 36 49 82 95 15 81 95 91 36 98 85 2 85 81 9 90 55 68 91 34 77 43 50 34
77 45 27 51 58 89 57 1 96 94 77 81 10 98 39 17 6 44 78 37 60 72 22 93 98 99 99 35 79 71 79 60 98 22 31 22 27 89 67 97 24 36 25 64 2 28 94 98 94 6
68 14 36 86 69 5 9 60 89 76 91 24 34 93 26 74 81 85 79 82 36 15 75 38 28 98 76 47 34 84 51 26 39 66 74 8 50 3 99 24 19 22 81 20 62 28 75 26 75 82
50 73 13 32 45 26 5 1 85 32 27 53 42 31 30 83 12 57 24 27 76 62 60 85 14 45 78 18 27 38 4 47 2 49 89 77 43 51 18 34 58 57 91 14 34 67 38 49 50 97
20 70 38 79 49 57 47 7 34 4 47 31 59 65 39 98 62 99 48 51 18 44 70 76 10 12 93 64 61 35 83 25 83 44 16 70 67 59 38 28 22 76 25 45 61 24 51 60 47 5
6 34 87 20 40 65 64 92 24 67 23 22 22 45 84 24 73 88 27 86 23 8 59 93 33 17 71 13 43 54 11 16 77 31 43 70 56 5 47 13 68 18 33 58 98 4 56 37 65 9
13 23 20 30 17 41 74 47 40 10 26 60 9 23 62 54 4 32 20 40 65 15 92 98 81 37 27 23 43 99 4 74 50 64 53 72 91 46 15 91 89 47 11 17 19 95 65 83 53 48
44 84 83 67 57 48 2 41 4 79 35 54 22 88 37 20 45 63 8 78 35 27 73 11 35 53 92 10 37 6 91 52 15 34 72 8 9 54 44 20 18 66 4 53 61 26 22 65 47 70
89 44 51 70 4 69 4 75 62 93 57 51 63 58 68 35 39 31 76 87 67 75 2 33 76 12 94 40 53 20 61 22 73 34 3 67 93 17 96 68 63 41 74 38 87 8 61 91 35 22
45 69 82 79 62 14 14 45 38 8 96 89 67 37 7 13 99 84 18 77 40 6 71 9 46 67 50 53 65 69 57 83 61 63 64 88 19 93 18 82 98 19 74 24 85 16 96 5 6 26
14 26 73 16 98 8 63 43 37 47 90 45 75 66 27 17 69 89 99 27 26 40 10 99 24 65 47 13 28 75 15 83 67 28 94 18 75 39 61 84 47 25 75 12 34 46 29 10 62 70
96 82 51 26 42 83 31 83 94 34 79 65 33 51 95 85 72 81 11 10 16 45 45 38 17 50 96 90 9 26 29 13 72 33 97 76 88 81 91 74 54 85 61 34 59 66 36 51 40 16
68 70 90 87 18 54 89 22 42 85 44 93 83 11 32 13 75 92 40 38 17 22 46 49 48 47 77 33 99 86 65 56 72 85 20 63 90 90 98 72 13 29 42 52 26 80 16 84 4 5
18 22 59 33 26 35 57 52 56 31 69 22 55 12 89 91 27 36 98 39 50 41 42 54 14 23 1 98 32 54 38 9 88 36 35 6 26 57 18 2 58 26 42 44 44 34 53 94 70 92
41 11 2 39 60 76 68 51 29 31 78 51 15 51 40 4 34 17 91 79 48 43 37 24 71 18 98 53 50 43 88 64 86 82 63 82 80 28 69 30 26 59 72 57 30 77 47 86 8 66
39 42 69 41 41 26 19 57 59 71 62 4 19 4 11 26 17 81 85 98 12 15 41 33 48 85 44 29 40 9 78 53 91 53 42 47 16 58 64 63 11 64 17 31 31 67 50 71 77 84
63 78 33 20 38 19 57 68 53 45 61 68 17 13 17 73 3 89 71 36 37 68 28 25 65 35 89 10 8 70 39 11 10 13 1 20 30 29 39 94 44 70 38 58 32 86 61 78 72 73
84 17 93 63 95 37 69 12 21 67 14 50 54 13 39 29 77 45 10 61 27 67 65 47 20 1 60 86 86 37 42 69 70 51 34 14 54 97 22 12 20 59 76 53 97 21 59 87 48 45
95 65 33 99 90 42 56 18 89 28 59 60 24 76 41 71 4 10 61 39 82 16 82 94 70 95 77 72 22 50 68 18 88 49 14 85 67 74 24 62 49 4 69 40 62 38 3 75 84 97
8 19 51 63 92 95 67 63 70 42 7 60 8 86 45 75 16 3 46 57 34 65 59 80 4 82 54 89 83 19 23 47 77 58 20 92 71 98 9 79 53 63 61 26 17 98 9 1 59 24
47 94 94 44 40 6 68 59 69 72 70 32 13 4 74 86 46 58 21 73 18 73 13 70 91 21 93 83 81 30 46 81 58 88 78 99 9 24 52 21 9 64 41 24 53 50 6 12 15 66
35 90 39 40 54 37 46 89 94 75 92 95 96 52 54 28 21 53 38 42 56 42 19 10 23 29 24 44 22 27 57 35 65 13 8 23 83 19 82 49 95 61 15 76 45 28 62 10 78 85
46 83 34 72 66 51 52 2 14 7 19 64 21 26 55 24 38 34 24 57 99 97 22 7 22 69 8 6 2 66 73 14 29 39 92 82 14 17 72 28 38 10 65 56 82 92 56 88 38 50
56 37 63 34 12 70 94 94 22 15 84 31 71 10 12 2 11 96 99 56 89 43 83 61 48 95 88 73 34 81 77 85 82 36 11 82 2 86 6 9 2 32 47 60 68 55 30 76 84 66
47 26 91 77 78 34 73 5 63 8 83 59 50 41 6 61 21 58 61 23 30 90 39 88 63 34 83 59 49 24 79 56 22 99 74 30 13 90 46 96 55 13 91 10 95 32 96 8 23 9
21 87 38 4 39 63 14 68 93 16 88 47 98 32 84 54 76 54 10 80 56 39 46 27 90 93 89 88 39 42 58 70 51 19 20 57 28 62 42 73 66 51 22 95 58 86 99 3 65 3
44 39 45 22 37 43 51 23 34 75 66 76 40 87 71 16 19 86 19 87 19 91 45 9 91 40 25 85 88 68 5 15 18 87 68 56 99 13 39 29 17 61 8 74 43 89 60 46 40 55
86 47 13 56 51 64 99 37 92 28 90 74 67 41 67 47 84 6 99 6 14 54 26 57 2 88 59 36 87 9 69 9 62 70 6 59 52 41 12 12 62 84 79 59 18 59 58 6 94 11
10 87 12 31 47 6 59 40 86 53 34 91 80 33 18 18 87 81 4 35 40 2 77 39 76 80 62 51 12 74 68 23 53 24 57 14 59 92 14 68 55 59 6 47 62 23 95 52 90 4
77 23 11 87 23 52 22 50 90 22 51 8 43 83 30 60 2 7 21 7 29 7 20 21 79 11 9 94 95 34 59 28 99 89 78 71 71 71 29 59 21 89 9 99 49 11 50 88 26 63
5 2 99 80 45 20 59 15 91 40 50 54 23 17 97 15 51 90 69 95 80 3 43 8 75 9 86 17 14 99 18 87 36 10 73 64 32 58 63 53 70 70 93 49 8 41 11 98 78 85
89 8 47 38 77 75 16 20 24 81 92 45 90 66 2 23 80 33 53 19 12 85 27 21 94 99 27 66 83 44 29 65 2 86 56 72 14 99 69 70 17 28 49 60 6 62 80 49 2 62
90 18 25 95 9 61 65 47 81 28 56 82 48 5 85 24 16 3 77 36 72 63 99 63 55 3 45 53 22 44 65 13 11 7 8 77 74 19 60 82 99 61 82 63 58 46 22 70 41 45
10 96 93 47 10 97 70 75 43 78 16 28 57 29 3 15 70 36 26 50 85 87 60 16 57 17 42 77 4 35 37 31 59 58 27 63 31 43 84 30 27 9 71 17 6 2 16 82 65 67
3 42 14 22 23 41 43 73 57 7 87 62 66 8 84 59 15 86 86 14 26 95 66 87 99 47 14 81 22 28 88 45 74 30 31 58 99 36 16 89 62 26 91 88 76 13 68 45 85 34
94 70 45 96 24 60 84 79 6 52 49 48 70 15 63 30 63 18 79 2 32 87 44 97 7 82 87 52 42 4 2 60 36 16 11 8 61 46 76 49 49 56 9 69 22 90 95 4 40 85
50 53 89 73 21 33 18 22 33 64 22 81 55 66 56 36 37 17 38 86 58 69 58 44 48 73 4 80 54 15 61 19 92 16 72 44 95 7 4 33 12 53 38 9 75 62 93 89 5 10
93 71 67 88 35 21 60 62 68 44 38 26 48 40 69 7 13 68 59 6 7 15 2 38 2 99 51 53 48 95 86 88 70 17 2 33 73 85 84 8 19 28 22 96 51 98 27 15 41 54
69 78 21 42 54 44 2 59 52 98 10 12 14 46 92 87 5 97 47 29 17 7 19 49 48 19 8 55 36 66 80 74 59 11 95 18 77 60 73 91 48 36 49 34 1 80 88 8 10 77
78 43 22 18 7 12 80 15 44 33 93 83 87 75 15 63 88 53 1 85 95 26 43 83 51 92 8 21 2 73 28 68 89 53 59 16 43 56 63 57 41 94 66 50 6 67 11 64 18 48
99 3 59 47 37 45 39 9 43 17 21 87 27 49 23 46 80 31 48 12 75 23 70 80 17 47 58 42 36 72 34 51 37 74 96 92 81 48 54 42 76 79 49 17 91 15 14 11 60 18
51 50 44 33 40 1 68 46 17 55 56 47 28 2 25 36 73 43 65 44 61 30 23 43 58 47 11 99 73 71 50 73 91 13 91 58 30 33 47 73 32 27 56 24 92 11 55 83 74 8
89 82 65 75 17 21 72 28 71 58 85 13 56 21 98 93 30 66 81 83 98 10 47 85 81 80 51 80 81 56 42 24 2 3 45 26 5 75 33 12 50 29 37 85 57 23 48 60 25 73
95 88 76 60 21 89 75 54 58 4 31 31 1 99 55 3 6 1 26 26 64 97 94 40 46 18 9 5 1 20 95 11 45 63 9 62 98 19 11 32 42 82 38 19 72 1 78 12 51 41
34 61 39 42 96 22 17 79 82 29 55 4 22 92 51 78 8 44 80 13 70 51 84 86 81 89 27 97 87 23 76 99 70 62 54 73 79 26 5 76 42 86 34 43 83 53 13 22 31 47
24 48 77 65 57 91 94 10 24 59 69 83 52 5 36 58 85 58 1 46 87 38 70 16 64 4 81 79 11 19 41 96 21 68 69 37 6 4 50 55 48 86 21 96 36 71 88 86 1 25
89 31 39 8 46 47 52 15 44 86 27 20 36 42 71 98 94 60 95 90 75 43 35 60 38 78 93 34 70 54 46 16 19 54 44 33 91 69 38 6 5 29 55 72 63 56 56 18 35 86
64 92 75 45 62 28 82 63 10 60 59 93 31 5 12 21 56 81 80 63 36 84 21 8 43 32 37 39 77 60 56 18 49 37 9 90 91 92 87 11 76 58 68 84 60 26 24 40 78 39
26 90 38 28 32 28 20 44 72 28 39 4 45 18 50 6 87 65 34 29 1 70 11 89 35 3 62 12 76 63 81 55 34 67 32 49 88 90 10 75 77 25 62 10 55 98 28 59 59 41
58 63 67 47 78 99 31 34 28 7 50 72 41 41 89 3 56 7 49 94 9 74 74 66 33 34 4 86 19 58 18 19 97 98 35 44 52 81 34 7 52 50 62 68 23 14 74 93 30 46
84 59 75 85 26 60 53 78 7 18 21 58 10 1 94 16 10 53 16 92 91 86 37 11 55 58 64 79 49 62 43 22 76 64 3 56 33 18 19 9 92 60 10 78 38 8 3 74 71 51
47 17 16 10 9 49 81 89 96 56 5 47 8 3 38 57 78 7 41 13 59 12 17 20 97 26 90 70 89 1 62 52 21 33 96 62 16 59 22 36 50 7 20 28 62 93 54 47 7 42
81 66 21 21 54 12 2 66 75 33 90 83 26 87 16 51 31 43 60 71 23 99 49 79 59 3 16 78 71 3 16 33 52 40 77 62 69 45 48 91 23 86 84 36 10 96 88 95 84 81
99 4 58 24 25 92 22 37 46 14 10 7 3 44 65 57 48 89 82 65 6 57 31 95 89 46 22 48 88 81 2 14 11 69 35 14 82 14 99 7 17 99 79 3 3 61 46 12 40 65
40 54 30 70 68 70 93 53 73 9 58 25 25 10 15 48 88 99 86 38 89 33 24 77 80 10 56 78 10 77 60 14 87 76 94 71 6 31 29 97 23 85 57 68 93 86 27 93 56 3
10 68 8 40 11 15 59 96 67 53 28 49 65 47 32 65 97 69 22 78 21 31 48 74 4 2 51 89 19 68 82 54 70 75 78 21 13 40 22 1 7 53 90 93 79 52 12 24 74 54
4 86 54 57 14 37 27 80 78 7 34 45 5 63 87 54 78 49 83 71 61 79 76 74 32 9 26 20 5 55 32 55 97 83 81 93 98 91 23 50 23 9 95 46 90 76 22 16 69 26
59 43 62 50 10 23 24 3 95 65 15 84 91 78 95 85 50 51 29 25 19 42 45 49 84 10 79 41 12 21 55 18 44 68 46 87 28 77 13 96 79 50 75 2 82 25 11 32 23 26
85 14 52 65 75 42 87 80 76 68 81 2 21 79 51 57 60 12 54 63 86 95 58 96 28 78 23 35 94 96 42 8 65 53 42 41 69 46 94 25 99 29 49 46 19 76 90 16 33 7
77 11 52 7 22 43 17 68 98 57 68 84 80 4 24 58 5 7 10 41 22 72 3 1 55 95 73 5 87 39 37 86 69 53 34 63 60 13 35 30 80 69 85 88 53 99 3 28 15 36
70 80 19 90 69 14 67 61 90 58 70 29 62 86 87 67 47 73 32 38 55 95 21 19 83 75 97 59 31 26 8 25 14 64 50 90 13 62 21 46 17 47 41 82 64 61 18 9 85 65
27 77 24 53 49 99 57 95 61 11 6 54 97 12 81 46 7 24 70 88 31 95 9 16 11 93 27 14 60 90 9 98 95 83 53 91 44 95 13 84 59 61 31 82 56 37 61 22 14 28
77 37 87 45 67 23 32 19 3 42 99 84 62 75 51 72 62 10 68 13 37 41 58 28 88 2 9 74 25 81 78 83 56 3 71 13 33 33 20 9 84 17 85 67 85 26 27 61 25 79
17 39 13 35 92 99 86 66 57 24 11 88 19 40 97 55 66 29 21 19 42 15 8 41 25 91 73 68 72 28 90 11 81 31 52 33 4 74 95 5 89 38 47 17 61 78 31 96 54 74
1 61 31 14 91 42 64 72 43 59 36 73 4 9 89 82 96 15 2 94 44 44 35 40 96 84 44 25 19 29 46 18 29 46 66 35 74 37 92 17 83 47 10 3 31 35 21 48 36 56
49 93 53 34 89 50 94 93 98 48 86 96 55 90 56 52 25 64 61 68 87 89 46 67 37 27 21 91 23 85 38 74 98 8 36 8 24 89 56 84 15 13 93 92 94 50 67 59 23 45
73 97 44 63 52 90 14 47 97 55 53 94 70 38 56 39 37 42 5 19 89 11 61 38 93 44 36 80 55 86 85 62 32 10 52 93 36 69 31 99 6 91 21 92 19 72 46 52 99 15
42 28 80 22 37 57 53 10 85 77 43 65 5 48 62 67 87 5 37 64 65 75 33 5 1 28 44 13 77 87 59 98 50 12 94 39 76 45 7 1 60 49 25 91 77 66 54 51 40 56
38 1 56 74 82 95 31 60 64 13 97 51 94 67 59 85 92 95 47 92 88 2 19 96 39 30 38 99 36 65 91 80 74 33 49 43 89 1 16 99 35 93 68 48 85 17 25 43 71 45
24 15 36 3 69 69 44 27 92 7 36 84 22 2 7 75 42 8 11 45 60 43 75 79 26 52 86 82 99 71 84 94 98 74 94 14 36 82 8 73 93 18 44 38 71 58 8 78 28 9
42 13 72 75 93 24 39 3 56 96 22 4 88 19 53 62 36 16 61 54 99 90 81 55 5 26 27 61 82 76 24 66 52 71 59 78 62 64 20 76 84 30 16 76 49 94 61 48 29 32
96 2 2 3 44 38 88 27 99 26 95 80 80 75 20 14 98 42 80 95 61 3 99 16 12 72 5 52 12 62 15 88 43 20 49 26 90 22 56 23 21 8 30 77 18 61 3 75 62 31
49 48 20 64 54 36 72 73 74 21 23 25 39 73 95 37 78 30 43 59 70 74 95 71 26 8 58 77 93 23 52 14 90 25 10 66 23 80 35 46 67 20 19 33 24 43 47 49 9 52
58 10 51 2 33 34 94 15 85 40 37 4 93 48 51 71 23 61 2 30 51 86 31 1 43 62 20 12 44 52 89 16 5 40 36 44 74 8 87 69 21 91 50 37 29 86 98 3 53 74
65 5 25 75 89 58 98 71 67 24 78 46 81 78 51 1 56 49 57 86 59 25 55 3 53 27 64 38 60 49 23 15 84 75 72 5 36 63 16 44 25 7 70 68 65 58 60 24 82 71
54 84 27 21 76 66 66 27 47 11 41 29 43 77 70 5 93 27 90 45 69 83 93 10 98 72 77 32 46 66 86 36 5 82 70 15 81 48 63 70 8 98 98 63 62 28 19 9 35 13
74 65 9 56 28 81 91 14 86 89 13 80 66 56 35 63 17 97 96 29 63 45 91 48 39 70 23 63 80 69 57 74 9 6 54 89 89 10 46 86 92 23 50 82 44 95 94 60 1 44
40 58 38 56 6 33 24 53 49 9 73 41 37 19 90 59 76 28 69 87 41 99 65 94 73 94 38 8 28 96 23 4 6 25 36 22 29 15 50 83 46 73 24 50 70 68 75 67 11 59
20 67 51 37 82 44 60 98 34 68 37 73 40 35 5 42 34 14 43 56 78 82 17 21 24 23 24 77 57 14 29 98 33 94 12 60 34 84 19 48 57 49 86 20 6 69 81 86 34 41
79 19 78 54 6 24 80 67 99 41 24 11 84 45 72 36 66 44 31 6 64 65 12 21 35 7 81 21 72 97 42 14 27 18 81 47 85 86 93 95 29 23 29 33 81 21 51 94 28 76
18 86 57 74 56 61 95 82 64 54 20 43 68 34 14 18 72 93 95 76 34 9 48 66 53 30 8 40 21 85 27 17 36 63 62 16 10 4 58 21 77 13 82 12 99 71 71 73 72 17
52 45 12 19 8 78 40 99 18 44 73 51 87 17 19 97 15 26 39 94 28 94 38 43 88 8 49 44 73 93 57 6 17 39 95 53 32 94 76 90 78 82 58 88 49 34 28 86 69 42
99 76 70 24 28 40 25 38 41 44 52 70 76 69 28 74 78 39 93 66 22 64 45 62 50 42 25 75 92 37 3 94 31 99 84 87 79 20 61 65 45 34 79 17 64 66 74 80 21 69
54 17 89 10 83 24 97 34 1 21 31 83 47 41 1 97 67 17 53 21 24 85 86 4 91 17 56 82 20 18 18 18 30 84 56 59 70 35 62 23 17 11 34 8 25 44 84 95 6 40
67 69 34 10 23 71 10 18 4 49 16 42 31 64 58 27 59 71 40 38 86 86 17 74 18 83 43 62 65 23 80 24 63 82 77 78 30 88 20 87 87 89 93 80 44 79 76 67 53 81
19 1 8 96 52 44 86 2 68 49 52 57 66 93 21 73 79 4 57 35 45 36 38 13 11 75 50 73 63 39 63 54 23 88 40 52 16 69 8 25 37 19 10 9 5 66 6 76 47 71
92 3 23 92 40 24 35 25 30 47 82 54 27 33 90 13 98 76 55 42 84 18 36 61 57 53 31 20 59 68 24 34 7 25 47 10 31 50 77 89 16 91 8 67 75 74 94 45 42 53
98 43 58 86 39 49 41 5 69 58 5 58 12 78 44 99 22 99 38 91 71 98 18 23 73 44 82 78 52 30 32 30 78 65 29 78 97 68 93 29 78 97 96 56 33 39 36 71 28 83
91 39 69 15 3 2 20 26 23 48 35 54 90 88 91 93 19 70 10 27 18 42 55 57 83 37 30 45 89 37 92 18 9 73 48 89 60 73 22 69 70 18 16 60 84 73 57 82 89 57
21 65 79 43 1 62 65 94 4 25 52 19 43 95 52 5 83 93 34 86 23 51 83 35 54 4 54 63 9 70 27 92 70 40 53 39 97 32 49 27 30 68 2 55 68 4 58 96 70 78
33 26 97 2 32 28 87 75 44 65 3 85 53 28 32 44 51 67 41 10 23 3 45 11 20 15 28 91 81 67 80 60 57 78 2 89 81 21 60 53 11 53 73 35 60 65 98 80 87 97
62 69 75 44 23 6 47 22 51 66 5 43 61 79 53 60 86 46 66 63 67 13 19 34 69 32 21 18 22 73 7 71 95 97 64 91 54 54 94 46 39 34 15 80 99 79 24 53 67 13
8 71 71 89 48 3 53 51 12 97 33 98 6 46 67 96 48 8 76 21 39 89 45 11 36 87 52 62 20 29 67 87 19 60 31 54 71 68 79 6 77 18 13 72 27 7 67 33 63 36
88 51 96 10 95 36 18 58 12 51 37 86 91 11 7 28 93 67 98 5 16 3 83 60 31 85 64 20 82 41 64 83 80 82 99 40 47 68 45 14 29 20 48 52 85 54 11 94 8 66
74 6 85 3 94 12 82 89 50 97 50 62 32 4 62 35 47 13 52 21 33 35 57 65 26 44 17 18 19 33 88 64 91 36 26 94 84 63 14 20 5 62 75 98 83 53 69 41 12 21
76 88 80 52 40 43 6 79 70 56 47 47 90 3 26 41 35 87 82 44 20 66 26 39 46 15 2 49 39 10 21 55 68 43 89 71 70 6 78 99 88 68 35 10 4 13 2 57 41 2
37 71 43 56 61 67 10 33 69 2 51 3 48 59 97 95 41 60 19 61 74 3 58 65 26 60 76 16 28 71 80 81 22 68 98 22 91 79 41 13 60 98 31 47 65 70 1 64 45 6
16 38 34 63 35 45 11 75 18 18 29 31 9 42 7 36 93 82 20 88 31 59 43 91 86 19 93 98 90 29 44 7 23 25 72 32 39 75 45 18 45 45 32 75 9 60 16 19 87 2
76 22 47 42 99 14 36 73 30 66 89 46 50 96 39 82 34 32 44 67 59 98 87 17 30 22 16 99 85 72 14 74 99 17 49 92 42 64 6 45 39 78 41 62 76 93 63 7 59 34
83 57 97 58 51 6 23 94 19 50 17 95 75 84 84 93 33 92 71 84 95 74 44 30 61 23 51 7 26 95 80 54 25 55 47 4 9 62 13 87 31 24 24 3 6 44 10 33 21 45
4 22 80 20 89 66 65 18 68 51 90 57 87 13 4 78 5 88 95 37 13 86 5 56 55 27 70 53 14 91 73 59 75 78 59 73 92 97 49 32 53 49 76 30 57 47 99 11 63 66
73 67 76 45 68 87 79 90 78 18 77 56 26 36 99 30 90 72 84 52 77 80 59 75 33 60 52 2 97 86 50 20 86 69 32 33 87 47 71 97 32 34 65 90 7 93 61 14 56 3
20 68 57 58 63 3 8 90 18 87 70 19 43 15 10 88 19 11 18 4 85 91 72 64 58 2 5 72 17 84 78 29 46 56 13 82 62 92 39 77 35 26 97 61 4 70 87 34 83 53
54 28 20 76 31 32 48 67 86 71 76 28 9 15 72 13 28 40 76 44 56 40 99 73 34 67 78 92 36 88 63 20 55 74 24 84 15 91 28 34 50 70 69 98 34 41 6 95 51 8
56 87 1 60 69 55 17 40 43 14 56 47 36 2 37 78 68 99 79 32 3 17 3 76 90 3 75 13 80 95 12 99 32 42 27 72 74 83 45 93 17 19 6 47 54 21 26 65 30 53
45 23 94 99 83 59 95 74 90 77 46 24 14 61 94 59 22 15 45 7 99 30 22 9 14 76 49 60 34 75 85 15 59 37 72 13 66 58 54 44 92 36 41 78 67 19 70 58 57 96
24 1 79 40 54 94 38 33 52 63 56 55 21 26 76 67 46 68 25 7 37 91 91 83 12 74 33 61 96 57 90 2 21 4 26 59 23 31 61 62 68 84 15 82 33 2 71 15 89 90
98 59 46 22 36 9 32 54 30 86 15 51 4 80 10 86 57 41 85 53 9 93 43 60 45 31 84 11 88 23 4 62 28 71 14 9 52 99 36 9 97 78 23 19 77 93 30 79 44 34
39 26 53 88 64 43 69 90 65 27 12 36 79 68 3 38 41 25 27 84 54 6 6 9 91 23 82 48 55 60 15 32 73 82 17 49 74 82 48 51 35 26 94 79 58 74 16 89 47 66
63 48 85 77 7 67 67 60 62 84 74 20 30 43 13 48 40 16 11 81 23 45 22 23 27 83 52 97 52 93 83 75 11 84 2 2 47 35 21 68 93 22 94 45 88 59 13 55 36 22
23 90 43 86 47 69 22 42 65 32 27 93 60 86 22 3 17 5 59 13 47 22 55 34 29 93 17 12 53 84 51 52 69 59 24 48 12 93 68 6 15 64 28 74 9 32 22 36 17 37
55 97 32 36 70 3 41 97 98 11 65 98 17 81 1 95 28 41 32 35 83 81 11 51 23 52 41 1 19 26 43 89 97 69 24 24 14 23 38 95 38 82 21 43 38 44 92 78 37 28
78 72 49 94 50 84 23 79 15 30 31 76 40 27 25 17 65 4 85 62 75 97 97 59 99 71 2 62 89 66 70 22 42 75 46 31 73 54 7 74 13 7 46 80 48 11 77 96 33 5
63 86 46 15 10 38 82 88 18 21 28 60 68 48 13 27 62 27 60 68 38 63 52 20 98 73 41 84 9 91 87 3 43 91 18 21 55 53 26 41 51 47 57 90 79 97 23 71 80 74
82 67 87 58 33 25 59 66 49 73 61 60 71 50 89 83 75 8 31 59 14 2 63 42 1 15 77 33 52 53 25 57 65 32 26 85 76 38 93 39 60 88 51 22 30 69 33 85 93 57
76 28 58 74 54 78 53 82 7 35 55 55 8 98 16 18 44 17 16 85 67 7 56 7 74 23 56 83 10 99 95 60 32 73 10 3 44 49 3 94 45 95 45 83 35 34 54 28 27 59
99 1 66 90 79 87 10 29 84 87 50 59 94 9 36 62 2 91 4 29 7 79 29 49 89 94 59 36 58 14 69 52 46 86 27 59 21 31 87 14 34 96 11 87 54 5 66 2 61 9
45 16 1 11 89 56 57 81 84 46 14 14 60 39 6 64 48 64 10 86 38 35 48 26 35 9 94 20 17 84 27 37 28 60 25 46 56 6 70 31 97 11 60 68 82 71 61 64 84 21
33 27 12 68 8 62 1 78 33 90 51 64 77 45 98 46 25 46 46 73 76 10 85 58 8 82 41 15 14 46 5 66 48 46 37 23 7 82 58 25 14 62 4 23 86 55 10 98 23 92
58 62 40 85 32 6 24 9 47 62 34 74 15 34 44 72 20 11 93 21 30 72 90 21 74 4 96 78 19 23 30 34 93 75 74 49 20 12 91 7 14 28 61 97 42 62 77 51 6 9
77 36 98 56 31 14 14 61 99 67 32 22 46 54 7 72 77 16 18 85 77 15 38 65 54 53 36 57 11 39 67 24 50 26 90 10 72 33 44 4 10 16 23 78 17 74 77 99 61 13
47 1 71 28 17 55 63 30 63 91 4 58 99 85 83 26 2 62 78 40 93 55 43 15 12 85 50 66 33 36 15 91 6 6 74 72 17 93 42 16 90 47 86 81 29 83 46 20 76 21
64 31 27 29 8 1 8 42 40 28 66 4 6 78 81 79 19 16 11 21 77 34 96 80 94 80 74 74 19 32 41 82 2 77 66 40 57 4 5 51 11 34 84 94 45 22 37 51 5 88
3 82 32 97 21 12 66 81 10 82 60 3 24 9 71 51 95 43 42 57 55 53 7 48 31 40 81 70 31 44 11 5 97 19 99 60 89 10 61 81 78 18 29 6 7 50 50 64 39 69
56 77 94 51 73 92 95 34 27 56 88 16 91 65 33 43 8 80 57 91 85 24 16 38 44 14 39 10 32 86 67 80 34 24 53 77 40 66 9 56 68 69 34 37 91 12 29 29 49 16
97 70 17 65 28 29 89 20 2 65 19 60 47 96 87 5 49 14 70 96 19 66 73 74 10 91 81 55 19 54 4 89 49 53 91 50 99 64 29 78 38 46 56 53 15 83 33 75 53 42
24 45 30 91 92 6 12 46 65 51 33 51 92 6 29 30 26 75 30 8 12 98 1 49 70 67 14 16 89 58 18 54 77 52 2 60 76 93 44 13 42 71 94 14 68 4 75 16 11 67
33 86 96 58 59 77 17 69 80 39 14 25 34 97 90 35 13 7 48 61 60 4 46 67 32 42 24 92 69 96 31 97 45 3 53 28 1 59 14 78 59 25 35 99 47 86 49 66 67 63
48 7 33 91 5 33 48 59 42 14 53 65 57 62 98 1 87 53 90 98 88 66 52 50 83 5 4 9 31 53 6 40 3 92 32 97 12 17 83 37 64 66 79 27 11 32 84 18 41 69
48 91 54 20 50 27 57 4 34 72 52 91 58 69 60 56 94 56 77 84 51 59 25 5 82 74 99 37 64 70 45 34 15 22 30 95 26 24 4 44 69 79 21 89 37 8 17 21 70 44
40 17 55 73 77 51 10 85 94 96 40 22 33 49 49 52 64 67 58 13 33 68 66 57 50 22 36 87 42 32 96 34 54 68 95 31 65 27 74 38 78 13 94 20 90 25 99 60 69 43
98 34 70 65 26 26 26 83 56 90 48 55 6 55 25 37 79 89 65 60 51 85 76 92 3 57 49 48 65 28 61 67 10 1 99 16 16 65 94 65 69 39 91 44 30 43 91 74 62 20
52 59 61 62 47 19 14 2 37 35 69 55 92 32 7 47 19 3 47 41 47 99 18 34 79 60 36 93 74 66 71 95 8 12 90 35 65 15 63 63 85 47 42 51 49 33 68 51 9 72
44 16 56 46 99 70 49 38 47 74 60 15 60 62 60 44 86 85 51 92 64 56 83 59 17 53 35 30 85 96 70 90 94 58 65 14 2 56 64 17 46 77 26 62 98 40 64 1 91 69
2 82 9 78 27 17 2 52 59 96 69 5 84 80 84 12 22 8 6 55 37 50 21 36 3 76 25 8 52 29 44 20 83 19 66 30 66 71 26 35 88 69 33 66 83 9 98 91 43 9
2 7 77 79 64 90 82 1 91 26 9 10 13 49 54 38 16 32 78 49 77 53 28 82 94 60 84 9 20 24 13 80 14 11 58 14 41 82 29 19 36 17 55 43 43 31 35 61 10 99
84 69 44 44 92 20 52 88 98 26 58 4 98 74 85 31 90 3 43 77 69 12 89 60 10 28 35 73 70 42 40 77 25 53 63 35 18 71 9 59 63 89 1 71 34 5 1 60 21 68
55 41 76 11 85 43 98 54 48 9 97 20 31 72 91 85 92 85 17 32 49 63 50 88 53 86 12 37 57 79 13 91 63 10 51 81 61 45 93 56 14 84 57 40 62 60 81 44 82 88
5 99 11 41 14 89 23 87 51 21 70 80 86 31 61 54 11 10 48 51 71 3 65 12 61 84 95 52 58 16 77 63 66 59 48 81 91 37 68 45 2 65 14 35 38 56 78 14 36 16
93 32 7 53 42 9 64 18 62 55 99 37 8 57 56 12 22 77 75 20 67 20 58 45 88 76 43 92 43 95 97 49 85 85 47 98 93 21 76 90 30 61 92 50 93 67 77 64 83 64
98 27 30 49 61 52 42 3 66 15 73 27 40 37 70 8 83 10 83 84 25 99 18 99 78 45 94 72 44 67 93 59 5 41 23 10 88 89 10 98 24 78 38 24 70 76 73 58 49 88
64 61 46 20 45 62 86 23 83 24 51 47 72 52 97 67 75 29 8 33 18 4 63 4 77 66 32 75 68 66 58 14 10 27 91 71 63 18 57 38 84 68 5 70 95 72 54 11 31 4
1 6 18 30 69 83 79 20 16 46 74 15 1 54 31 48 56 66 80 22 94 21 66 4 88 92 46 19 56 70 8 62 11 33 65 47 13 68 56 73 20 22 81 41 16 51 33 94 17 84
40 87 49 76 36 59 79 23 64 95 13 42 38 99 50 9 57 94 98 43 82 42 36 55 88 65 15 35 90 26 47 55 26 24 18 38 75 49 2 44 16 1 39 69 26 7 59 63 49 55
1 66 76 3 95 91 72 48 18 43 86 72 90 49 93 58 56 41 21 92 28 47 81 71 68 20 14 81 11 36 28 20 9 57 75 64 88 3 81 10 36 3 81 68 53 6 44 85 66 28
39 75 81 58 71 19 13 17 77 16 66 7 19 9 81 40 56 30 78 42 43 29 89 69 31 86 66 99 75 66 69 18 21 81 99 44 75 17 95 44 68 36 70 32 93 87 22 73 65 70
34 6 83 54 92 94 13 63 23 75 73 12 4 24 90 30 37 78 9 10 52 41 14 22 85 34 51 81 54 6 32 62 42 69 25 61 89 32 87 64 83 45 52 29 33 17 15 19 79 20
73 75 78 60 63 85 74 7 39 47 38 75 70 32 87 82 53 80 24 79 5 22 65 65 55 69 38 54 15 28 36 93 7 41 53 2 27 11 4 82 98 55 67 47 83 53 27 18 86 76
42 78 68 9 80 47 45 7 20 20 69 31 65 72 1 47 20 46 60 78 74 24 69 71 38 24 24 87 70 88 45 1 84 4 50 36 23 14 61 21 64 41 79 36 87 10 50 88 26 64
12 98 93 37 44 71 33 22 9 5 80 4 20 1 85 31 91 51 90 69 74 86 70 35 95 95 25 94 39 94 45 19 58 28 13 72 58 27 40 6 47 21 38 58 52 94 95 49 62 80
11 59 81 42 6 66 5 28 13 29 82 33 43 67 35 51 39 59 61 25 40 22 97 97 59 58 76 57 70 20 47 56 53 88 11 78 57 71 80 31 30 22 32 91 3 47 29 57 61 58
90 9 5 64 63 50 89 77 78 49 27 41 17 83 22 35 25 93 22 49 79 84 33 32 97 66 17 57 79 70 55 91 46 54 47 90 28 31 25 91 57 86 87 14 65 8 80 14 9 80
23 95 4 75 21 42 81 86 13 30 47 63 11 35 2 5 94 39 3 63 20 21 14 4 3 24 79 99 9 49 14 37 33 50 96 30 90 34 88 53 21 54 50 31 16 71 10 25 28 13
95 17 20 88 84 32 79 20 56 92 69 21 32 75 43 40 80 86 88 76 48 57 43 66 88 60 15 62 14 35 27 66 93 82 80 89 68 7 70 62 24 86 37 97 41 69 86 74 93 63
25 96 77 85 58 96 39 88 30 55 94 47 13 16 30 60 89 50 24 99 99 83 89 34 44 2 72 74 5 72 29 8 99 90 69 12 77 67 17 17 85 61 12 70 24 12 69 48 42 13
86 35 8 30 3 46 78 68 49 66 52 74 16 82 66 62 83 50 36 99 18 93 33 11 66 61 81 52 87 58 88 34 94 96 85 64 10 50 40 67 76 30 35 12 14 7 78 89 53 53
39 74 28 76 98 50 76 24 6 50 95 44 16 84 3 47 79 33 88 51 64 63 7 51 12 46 51 52 71 20 26 51 45 10 59 50 26 81 38 13 13 53 53 95 69 76 4 87 65 64
75 43 91 91 94 9 93 49 42 9 79 25 94 97 27 61 23 73 26 61 83 7 39 93 58 71 27 42 41 92 33 59 92 91 7 18 33 89 75 56 88 72 60 25 64 89 19 34 9 64
16 20 65 15 25 85 48 81 26 22 76 31 6 31 48 82 79 51 69 68 22 40 83 66 55 86 36 92 41 21 74 97 62 54 8 61 92 93 51 28 29 71 48 16 9 51 64 49 28 53
97 72 69 99 48 87 96 54 46 73 59 74 93 36 44 11 7 23 61 47 85 6 11 67 19 57 12 90 68 69 60 72 84 71 10 6 84 36 89 94 90 6 31 97 21 5 36 79 17 12
13 70 6 76 1 1 5 71 18 94 19 35 25 12 71 90 59 51 89 82 34 52 66 32 89 37 89 6 39 15 6 19 39 75 25 59 67 31 46 1 45 40 70 57 32 52 22 58 16 60
68 18 34 58 77 19 6 37 85 43 94 94 30 70 14 94 27 87 20 21 54 23 18 61 25 53 95 23 75 15 52 89 11 28 34 47 37 40 89 86 70 84 9 89 89 96 7 11 24 52
75 4 68 45 2 41 83 58 53 44 1 69 4 37 19 5 57 79 7 98 81 42 56 94 76 61 82 88 9 87 20 43 72 36 12 25 3 70 98 60 67 93 21 56 68 40 66 62 36 26
58 66 48 99 58 88 84 56 86 74 25 11 39 82 5 31 91 69 98 36 35 49 3 80 9 96 54 48 10 10 62 55 99 77 38 10 96 71 45 56 9 78 41 69 78 72 72 26 19 63
22 92 31 50 30 61 96 60 16 17 71 16 88 39 18 79 25 61 54 91 18 45 59 87 36 67 31 51 15 73 76 14 57 91 63 13 86 76 9 65 72 74 6 55 75 29 37 57 11 86
44 70 18 99 2 87 24 54 8 49 86 68 26 67 20 85 56 29 93 38 95 55 25 46 80 90 17 70 20 22 16 84 70 20 62 52 44 73 70 17 21 70 65 99 1 28 66 21 60 11

Demandas:
0 0 0 0 0 0 0 1
0 0 0 0 0 0 1 0
0 0 0 1 0 0 0 0
0 0 0 0 0 0 0 1
0 1 0 0 0 0 0 0
0 0 1 0 0 0 0 0
0 0 1 0 0 0 0 0
0 0 0 1 0 0 0 0
0 0 0 1 0 0 0 0
1 0 0 0 0 0 0 0
0 0 0 1 0 0 0 0
0 0 0 0 0 0 1 0
0 0 0 1 0 0 0 0
0 1 0 0 0 0 0 0
0 1 0 0 0 0 0 0
1 0 0 0 0 0 0 0
0 0 0 0 0 0 1 0
1 0 0 0 0 0 0 0
0 0 0 0 1 0 0 0
0 0 0 0 0 1 0 0
0 0 0 0 0 0 0 1
0 0 0 1 0 0 0 0
0 1 0 0 0 0 0 0
1 0 0 0 0 0 0 0
0 0 0 0 0 1 0 0
0 1 0 0 0 0 0 0
0 0 0 0 0 0 0 1
1 0 0 0 0 0 0 0
0 0 0 0 0 1 0 0
1 0 0 0 0 0 0 0
0 0 0 0 0 1 0 0
0 0 0 0 0 1 0 0
0 0 0 0 0 0 0 1
0 0 0 1 0 0 0 0
1 0 0 0 0 0 0 0
1 0 0 0 0 0 0 0
0 0 0 0 0 1 0 0
0 0 0 0 0 0 0 1
0 0 0 0 1 0 0 0
0 0 1 0 0 0 0 0
0 0 0 1 0 0 0 0
0 0 0 0 0 0 0 1
0 1 0 0 0 0 0 0
0 1 0 0 0 0 0 0
0 0 0 0 1 0 0 0
0 0 0 0 1 0 0 0
0 0 0 0 0 0 0 1
0 0 0 1 0 0 0 0
0 0 0 0 1 0 0 0
0 0 0 0 0 1 0 0
0 1 0 0 0 0 0 0
0 0 0 1 0 0 0 0
0 1 0 0 0 0 0 0
0 0 0 1 0 0 0 0
0 0 1 0 0 0 0 0
0 0 0 0 0 0 0 1
0 0 0 0 1 0 0 0
0 0 1 0 0 0 0 0
1 0 0 0 0 0 0 0
1 0 0 0 0 0 0 0
0 0 0 0 0 0 0 1
0 0 0 0 0 0 0 1
0 0 0 1 0 0 0 0
0 1 0 0 0 0 0 0
0 0 0 0 0 0 1 0
0 0 0 1 0 0 0 0
0 0 0 1 0 0 0 0
0 1 0 0 0 0 0 0
0 1 0 0 0 0 0 0
0 0 0 0 0 0 0 1
0 1 0 0 0 0 0 0
0 0 0 0 1 0 0 0
1 0 0 0 0 0 0 0
0 0 0 0 0 0 0 1
0 0 0 0 0 1 0 0
0 0 1 0 0 0 0 0
1 0 0 0 0 0 0 0
0 0 0 0 0 0 1 0
0 0 0 0 0 1 0 0
1 0 0 0 0 0 0 0
0 1 0 0 0 0 0 0
0 0 0 1 0 0 0 0
0 0 1 0 0 0 0 0
0 0 0 0 0 1 0 0
0 0 0 0 1 0 0 0
0 0 0 1 0 0 0 0
0 0 0 0 1 0 0 0
0 0 0 0 1 0 0 0
0 0 0 0 1 0 0 0
0 1 0 0 0 0 0 0
0 0 0 0 0 0 1 0
0 0 0 1 0 0 0 0
0 1 0 0 0 0 0 0
0 1 0 0 0 0 0 0
1 0 0 0 0 0 0 0
0 0 0 0 0 0 1 0
0 0 0 0 0 0 1 0
0 0 0 1 0 0 0 0
0 0 1 0 0 0 0 0
1 0 0 0 0 0 0 0
1 0 0 0 0 0 0 0
0 0 0 0 1 0 0 0
0 0 0 0 1 0 0 0
0 0 0 0 0 1 0 0
0 1 0 0 0 0 0 0
1 0 0 0 0 0 0 0
0 0 0 0 0 0 1 0
0 0 0 0 0 0 1 0
1 0 0 0 0 0 0 0
0 0 0 0 0 0 1 0
1 0 0 0 0 0 0 0
0 0 0 0 0 1 0 0
0 0 0 0 0 0 1 0
0 0 0 1 0 0 0 0
0 0 0 0 0 0 0 1
0 0 0 1 0 0 0 0
0 0 1 0 0 0 0 0
0 0 0 0 0 1 0 0
0 0 0 0 1 0 0 0
0 0 1 0 0 0 0 0
0 1 0 0 0 0 0 0
0 0 0 0 0 1 0 0
0 0 0 0 0 0 1 0
0 0 0 0 1 0 0 0
0 0 0 1 0 0 0 0
0 0 0 0 1 0 0 0
0 0 0 0 0 0 1 0
0 0 0 0 0 0 1 0
0 0 0 0 0 0 0 1
0 0 0 0 0 0 1 0
0 0 0 0 0 0 1 0
0 0 0 0 0 1 0 0
1 0 0 0 0 0 0 0
1 0 0 0 0 0 0 0
0 0 0 0 0 0 1 0
1 0 0 0 0 0 0 0
0 0 0 1 0 0 0 0
0 0 0 0 1 0 0 0
0 0 0 0 0 1 0 0
0 0 0 1 0 0 0 0
0 0 0 0 0 1 0 0
0 0 0 1 0 0 0 0
0 1 0 0 0 0 0 0
0 0 1 0 0 0 0 0
1 0 0 0 0 0 0 0
0 0 0 1 0 0 0 0
0 0 0 0 0 1 0 0
0 0 1 0 0 0 0 0
0 0 0 0 1 0 0 0
0 0 0 0 0 0 1 0
0 1 0 0 0 0 0 0
0 0 0 0 0 0 1 0
0 0 0 0 0 1 0 0
0 0 1 0 0 0 0 0
0 0 1 0 0 0 0 0
0 1 0 0 0 0 0 0
0 0 0 0 0 0 0 1
0 0 0 1 0 0 0 0
0 1 0 0 0 0 0 0
0 0 0 0 1 0 0 0
0 0 0 1 0 0 0 0
0 0 0 0 0 0 0 1
0 0 0 0 0 1 0 0
0 1 0 0 0 0 0 0
0 1 0 0 0 0 0 0
0 0 1 0 0 0 0 0
0 0 0 0 1 0 0 0
0 0 0 1 0 0 0 0
0 1 0 0 0 0 0 0
0 1 0 0 0 0 0 0
1 0 0 0 0 0 0 0
0 1 0 0 0 0 0 0
0 1 0 0 0 0 0 0
0 0 0 0 0 0 0 1
0 0 0 1 0 0 0 0
0 0 1 0 0 0 0 0
0 0 1 0 0 0 0 0
0 0 0 0 1 0 0 0
0 1 0 0 0 0 0 0
0 0 0 0 0 1 0 0
0 0 0 0 0 0 1 0
0 0 0 0 0 0 1 0
1 0 0 0 0 0 0 0
0 0 1 0 0 0 0 0
0 1 0 0 0 0 0 0
0 0 0 0 0 1 0 0
1 0 0 0 0 0 0 0
0 0 0 1 0 0 0 0
1 0 0 0 0 0 0 0
0 0 0 0 0 0 1 0
0 0 0 0 0 0 1 0
0 0 0 1 0 0 0 0
0 0 0 0 0 0 1 0
0 1 0 0 0 0 0 0
1 0 0 0 0 0 0 0
0 0 0 0 0 1 0 0
0 0 0 0 0 0 1 0
0 0 0 1 0 0 0 0
0 0 0 0 0 1 0 0
0 0 0 0 0 0 0 1
0 1 0 0 0 0 0 0
0 0 0 0 0 0 0 1
0 0 0 0 0 1 0 0
0 0 0 1 0 0 0 0
0 0 0 0 0 1 0 0
0 0 1 0 0 0 0 0
0 0 1 0 0 0 0 0
0 0 0 1 0 0 0 0
0 1 0 0 0 0 0 0
0 0 1 0 0 0 0 0
0 0 0 1 0 0 0 0
0 0 0 0 0 1 0 0
1 0 0 0 0 0 0 0
0 0 0 1 0 0 0 0
0 0 0 0 0 0 0 1
0 0 1 0 0 0 0 0
0 1 0 0 0 0 0 0
0 0 0 1 0 0 0 0
0 0 0 0 0 0 0 1
1 0 0 0 0 0 0 0
0 1 0 0 0 0 0 0
0 0 0 0 0 0 1 0
0 0 0 0 0 0 1 0
0 0 0 1 0 0 0 0
0 0 0 0 0 0 0 1
0 0 0 0 0 0 1 0
0 1 0 0 0 0 0 0
0 0 0 0 0 1 0 0
1 0 0 0 0 0 0 0
1 0 0 0 0 0 0 0
1 0 0 0 0 0 0 0
0 0 0 0 0 0 0 1
0 1 0 0 0 0 0 0
0 0 0 0 0 0 1 0
0 0 0 0 1 0 0 0
0 0 0 0 0 0 1 0
0 0 0 1 0 0 0 0
0 0 0 0 1 0 0 0
0 0 0 1 0 0 0 0
0 0 0 1 0 0 0 0
0 0 0 0 0 1 0 0
0 0 0 0 0 1 0 0
0 1 0 0 0 0 0 0
1 0 0 0 0 0 0 0
0 0 0 0 0 1 0 0
0 0 0 0 0 0 1 0
0 1 0 0 0 0 0 0
0 0 0 0 1 0 0 0
0 0 0 0 0 1 0 0
0 0 0 0 0 0 1 0

Capacidades:
1 0 1 2 3 0 4 0
1 3 3 0 0 4 1 0
1 2 0 4 2 4 4 1
3 1 4 0 3 3 2 2
0 1 3 2 3 1 1 2
2 3 0 2 0 2 4 0
2 4 2 0 0 3 4 3
4 3 1 4 4 3 3 3
0 2 2 3 3 3 1 4
1 2 4 3 1 2 0 3
4 1 2 1 2 3 0 0
3 2 3 2 2 3 4 4
0 2 3 4 3 4 1 0
3 2 1 1 2 1 4 1
1 1 2 1 4 1 4 0
1 1 0 4 2 4 3 3
3 0 3 4 0 3 0 2
4 0 0 4 4 0 3 1
3 4 1 2 1 4 3 1
1 0 3 3 4 0 3 2
4 1 2 1 4 1 4 0
4 1 1 3 2 2 2 4
4 1 1 0 2 1 3 3
0 3 3 4 2 0 4 1
4 2 2 3 3 3 2 4
0 2 1 4 2 2 4 2
3 1 1 2 2 2 2 0
1 1 1 2 3 3 2 4
3 2 2 4 2 2 1 4
0 4 4 4 4 1 3 2
3 3 1 1 4 1 2 3
2 2 3 4 2 3 3 4
0 2 4 3 3 4 3 3
1 3 4 1 4 2 1 0
3 4 3 1 1 1 3 0
3 0 3 3 3 3 0 4
3 0 0 3 0 1 4 0
2 4 3 1 3 2 0 2
0 1 2 2 2 0 0 4
1 2 0 0 4 0 4 3
3 3 1 0 0 0 3 4
0 3 2 1 2 2 0 3
4 1 3 3 4 0 3 3
0 3 3 0 1 2 4 4
0 3 4 1 1 3 4 4
0 4 0 3 2 0 0 4
2 2 1 3 2 4 0 3
2 4 3 1 0 1 2 0
2 0 4 0 4 4 4 1
1 0 2 3 4 4 3 0
