m: 100
n: 20
k: 7

Distancias:
80 39 1 46 84 73 72 82 17 3 42 2 19 68 85 90 9 38 3 50
94 79 73 37 49 33 22 11 94 91 25 28 98 78 12 83 34 62 70 75
38 6 34 80 20 93 89 69 71 5 34 45 49 17 71 71 42 4 1 68
83 11 21 85 97 15 91 41 88 44 12 85 92 59 56 29 26 78 61 62
30 6 57 12 24 98 59 56 98 84 15 57 17 25 44 16 62 90 4 91
28 29 10 31 38 41 67 97 85 58 15 95 22 60 46 91 74 98 18 13
72 39 48 43 71 79 31 16 71 83 69 82 93 7 9 91 71 10 64 31
48 88 6 89 52 97 51 20 23 80 7 30 82 64 71 14 96 86 34 64
41 25 14 6 15 84 64 4 11 52 37 28 77 18 14 83 47 43 83 37
51 80 50 78 20 60 37 58 80 73 3 56 5 76 84 80 88 78 50 95
8 93 74 34 51 93 78 43 72 57 89 83 74 52 28 98 66 63 30 59
61 19 58 61 3 7 27 3 71 53 89 22 3 23 74 4 94 74 27 34
5 55 3 56 98 27 99 58 34 37 9 46 29 8 56 85 55 46 52 65
63 12 29 95 4 86 45 7 21 27 56 52 23 67 4 5 18 79 35 90
62 15 42 31 9 93 23 94 88 49 87 65 66 14 56 9 70 22 38 82
61 45 45 73 54 82 55 24 54 82 13 3 23 76 93 87 68 6 33 31
89 86 85 30 85 66 94 9 96 37 63 51 16 58 45 62 48 15 10 25
2 95 33 79 26 19 40 31 88 99 96 86 96 86 21 52 36 89 75 36
99 69 28 7 17 58 12 80 32 25 91 8 97 84 48 95 71 78 75 11
18 56 19 22 33 73 68 11 49 29 15 51 95 41 74 71 40 93 67 48
30 49 7 20 87 7 16 45 84 59 5 27 38 80 96 10 15 29 44 29
33 20 78 53 70 91 76 83 55 67 85 71 43 79 73 4 96 2 94 30
96 55 9 58 40 68 44 70 47 57 48 2 44 29 87 99 46 53 28 31
3 60 13 27 78 78 71 61 60 44 71 31 42 5 53 35 60 73 96 90
38 57 70 2 94 12 22 22 46 94 10 16 89 91 45 87 24 82 3 14
48 68 97 73 64 58 18 68 30 60 4 66 37 87 57 80 23 60 47 42
47 46 85 49 64 68 5 79 67 11 51 4 24 35 2 59 65 89 14 64
69 9 39 14 44 75 72 39 47 43 94 54 83 6 9 11 23 46 76 97
88 92 79 56 52 52 20 38 20 75 93 51 69 4 91 94 61 91 11 70
4 8 25 72 97 72 34 33 59 89 66 48 2 91 17 96 85 95 84 75
44 74 32 49 31 80 69 44 14 65 24 2 68 92 47 60 31 78 22 55
65 67 5 75 60 68 16 62 49 82 3 6 41 1 96 65 71 9 36 98
53 81 90 72 15 1 4 72 68 38 92 98 35 4 31 59 73 82 5 35
66 26 1 23 40 82 70 93 36 19 21 25 60 27 48 26 96 20 62 84
44 27 12 87 98 95 72 48 53 58 54 18 22 60 32 4 22 80 75 79
1 4 8 95 78 3 57 18 26 8 32 24 78 13 31 80 76 64 14 70
65 19 4 13 31 19 11 98 31 50 65 7 25 59 45 75 3 44 91 71
74 85 49 23 8 30 3 43 11 26 3 47 74 66 75 15 61 40 48 60
32 7 35 40 70 80 69 55 26 60 24 12 78 32 40 6 59 58 78 21
54 3 19 63 21 83 95 27 14 69 30 7 29 21 69 76 96 76 49 89
83 8 88 4 39 88 35 6 86 36 63 87 70 54 59 26 52 18 38 72
74 60 30 63 87 33 15 2 57 59 89 8 62 42 60 75 36 21 67 17
74 96 2 79 70 22 31 83 38 96 65 10 31 76 43 59 34 45 44 7
43 95 4 98 75 55 55 22 50 4 92 34 66 37 95 96 74 59 31 90
79 12 43 37 31 88 12 49 93 17 90 19 66 18 49 60 14 42 59 47
77 71 95 91 43 83 62 4 70 10 18 4 76 27 22 77 50 17 14 20
23 50 41 47 48 60 79 19 79 25 5 62 40 15 74 79 31 74 32 44
4 18 32 44 75 86 80 79 18 71 19 15 77 68 22 77 45 49 97 43
75 21 69 81 64 45 15 63 43 6 72 91 9 75 82 37 46 48 20 81
11 56 20 51 80 62 69 33 44 7 27 74 30 12 96 39 76 53 27 24
17 72 46 76 95 59 53 26 42 24 48 38 75 47 94 93 47 48 21 56
57 60 71 54 20 49 68 70 82 31 94 69 54 52 27 80 98 68 16 44
87 28 54 58 99 76 44 30 64 19 16 7 91 17 30 72 21 21 55 65
93 47 7 58 36 7 91 63 14 76 37 16 68 8 25 9 1 18 45 88
83 75 19 19 52 95 42 72 76 58 15 22 68 24 47 34 75 66 97 74
59 5 69 83 62 54 34 10 21 30 48 64 53 78 21 38 23 27 98 68
71 83 82 27 20 20 87 19 22 89 73 41 24 24 19 92 93 67 36 62
50 12 41 98 59 45 11 90 84 39 86 51 80 62 13 1 90 83 46 65
52 96 60 61 80 99 61 63 49 60 61 15 29 80 48 67 45 58 7 91
32 48 84 43 59 63 70 40 41 84 14 65 51 45 68 57 23 18 79 77
77 58 62 96 47 23 18 6 77 5 64 24 26 3 98 75 33 88 81 11
83 15 20 73 23 45 92 98 87 7 62 17 62 8 30 7 18 6 20 26
68 68 90 8 30 30 17 32 25 6 58 96 4 16 35 45 67 99 79 18
47 62 68 43 45 41 91 76 42 85 3 45 33 79 7 86 65 56 55 11
3 30 39 52 86 33 66 93 2 86 86 7 85 44 65 27 13 5 72 30
74 81 69 56 62 28 80 86 35 70 4 28 62 69 99 81 40 74 71 72
36 23 13 43 81 24 54 18 31 8 54 23 17 81 57 51 27 5 48 31
27 68 47 88 55 72 41 49 14 12 8 15 61 34 30 66 85 61 57 52
19 94 44 32 54 52 1 30 81 42 64 99 94 69 66 47 37 42 27 6
18 71 16 70 39 3 82 84 70 43 13 53 44 46 19 34 4 11 81 51
12 64 52 21 96 3 88 9 27 32 13 96 5 19 94 58 32 49 72 98
44 94 32 64 92 49 3 50 41 16 38 93 13 93 15 46 15 20 81 51
48 65 39 98 75 92 99 13 89 48 85 92 69 36 21 6 40 67 48 61
96 60 30 96 29 39 43 14 88 60 61 40 98 31 15 5 61 89 88 84
75 25 5 12 68 67 73 65 23 86 15 55 70 30 45 55 52 40 7 35
8 74 62 82 79 7 19 10 51 84 45 93 56 46 18 59 35 76 88 29
37 65 62 29 16 75 43 4 95 56 26 58 64 63 24 82 74 22 88 6
21 58 94 23 74 77 16 85 15 67 74 47 13 24 30 37 30 99 77 82
1 19 9 77 87 53 71 5 20 95 18 65 21 72 27 67 78 59 91 78
8 8 26 27 6 36 83 47 68 52 97 61 25 61 72 48 68 89 80 90
76 53 91 71 75 93 30 87 90 98 61 36 17 16 45 26 14 14 29 76
39 20 56 26 44 47 58 3 57 4 81 56 66 74 24 32 68 43 87 16
38 55 80 87 6 55 34 27 85 64 66 81 91 10 79 79 79 23 84 83
68 50 99 51 52 36 44 7 26 89 12 41 11 79 65 69 7 77 16 61
7 98 50 80 47 11 15 20 51 35 85 77 54 76 84 42 99 50 87 75
34 41 49 42 59 73 5 32 60 8 14 67 21 69 36 93 28 20 59 71
28 17 28 37 10 20 25 21 87 54 75 49 76 53 45 50 23 94 97 47
37 89 17 54 75 87 88 10 82 67 26 32 25 47 71 54 41 41 76 50
86 1 58 96 82 91 16 85 92 72 19 77 82 1 74 80 87 77 78 5
30 57 66 5 43 8 91 87 27 89 67 15 31 74 55 80 17 19 68 53
28 89 8 46 39 96 74 23 98 21 58 88 75 33 94 97 33 72 13 97
27 98 42 33 21 29 19 78 19 6 63 69 25 10 74 11 35 46 55 60
33 37 84 95 7 54 18 36 16 45 70 17 4 49 94 73 17 74 99 14
62 17 96 44 21 64 94 76 46 47 54 42 29 40 25 46 80 41 91 58
68 38 67 93 94 79 34 58 67 85 9 13 34 33 83 40 23 84 96 53
35 14 64 50 35 8 64 62 2 10 21 10 77 66 20 10 9 75 87 93
97 82 37 2 96 84 57 66 65 6 62 1 17 80 88 64 20 40 59 37
38 50 89 44 90 22 23 3 89 57 11 77 78 55 77 95 2 36 50 15
82 42 73 47 61 86 86 22 96 81 37 53 38 88 94 54 72 39 79 19
62 69 45 75 82 84 10 40 40 22 71 52 87 67 32 74 52 24 83 24

Demandas:
0 0 0 1 0 0 0
0 0 0 1 0 0 0
0 1 0 0 0 0 0
0 0 0 0 0 0 1
0 1 0 0 0 0 0
0 0 0 0 0 0 1
0 0 0 0 1 0 0
0 0 0 0 0 0 1
0 1 0 0 0 0 0
0 1 0 0 0 0 0
0 1 0 0 0 0 0
0 1 0 0 0 0 0
1 0 0 0 0 0 0
0 0 0 0 0 0 1
0 0 1 0 0 0 0
0 0 1 0 0 0 0
0 0 0 0 1 0 0
0 0 0 0 1 0 0
1 0 0 0 0 0 0
0 0 1 0 0 0 0
0 0 0 0 0 0 1
0 0 0 0 0 1 0
1 0 0 0 0 0 0
1 0 0 0 0 0 0
0 0 0 0 0 1 0
0 0 0 0 0 0 1
0 0 1 0 0 0 0
1 0 0 0 0 0 0
1 0 0 0 0 0 0
0 0 0 0 0 1 0
0 0 0 0 1 0 0
0 0 0 0 0 1 0
1 0 0 0 0 0 0
0 1 0 0 0 0 0
1 0 0 0 0 0 0
0 0 1 0 0 0 0
0 0 0 1 0 0 0
0 0 0 1 0 0 0
0 0 0 0 0 1 0
0 0 0 0 1 0 0
0 0 0 1 0 0 0
0 1 0 0 0 0 0
0 0 0 0 1 0 0
0 0 1 0 0 0 0
0 0 0 0 0 1 0
0 0 0 1 0 0 0
0 1 0 0 0 0 0
0 0 0 0 1 0 0
0 0 1 0 0 0 0
0 0 0 1 0 0 0
0 0 0 0 1 0 0
0 0 0 1 0 0 0
0 0 1 0 0 0 0
0 1 0 0 0 0 0
0 0 0 0 0 0 1
0 0 0 0 0 0 1
0 0 0 0 1 0 0
0 1 0 0 0 0 0
0 0 0 0 0 1 0
0 0 0 1 0 0 0
0 0 0 0 0 1 0
0 1 0 0 0 0 0
0 0 0 0 0 0 1
0 1 0 0 0 0 0
0 1 0 0 0 0 0
0 0 0 1 0 0 0
0 0 0 1 0 0 0
0 0 0 0 0 1 0
0 0 1 0 0 0 0
1 0 0 0 0 0 0
0 0 1 0 0 0 0
0 0 0 0 0 1 0
0 0 0 0 0 1 0
0 0 0 0 0 0 1
0 0 0 0 0 1 0
0 0 0 0 0 0 1
0 0 0 1 0 0 0
0 1 0 0 0 0 0
0 0 0 0 0 0 1
0 0 0 0 1 0 0
0 0 0 0 1 0 0
0 0 0 0 0 0 1
0 0 0 0 1 0 0
0 1 0 0 0 0 0
1 0 0 0 0 0 0
0 0 0 1 0 0 0
0 0 0 0 0 0 1
0 0 0 1 0 0 0
0 0 0 1 0 0 0
0 0 1 0 0 0 0
0 0 0 1 0 0 0
0 0 0 0 1 0 0
0 0 0 0 0 0 1
0 0 0 1 0 0 0
1 0 0 0 0 0 0
0 1 0 0 0 0 0
0 0 0 0 0 0 1
0 0 1 0 0 0 0
0 1 0 0 0 0 0
0 0 0 1 0 0 0

Capacidades:
3 3 3 3 1 4 3
0 1 4 2 0 4 3
4 3 1 2 0 4 0
4 4 4 3 2 0 2
1 4 4 2 1 3 3
3 0 4 1 2 4 3
1 4 4 4 1 0 2
1 0 4 1 4 2 3
3 0 4 0 0 0 1
4 0 3 2 0 4 2
0 2 0 1 4 1 1
3 3 3 2 2 2 2
3 3 1 2 4 1 3
4 0 1 0 1 4 0
2 4 4 3 1 3 4
4 4 4 1 4 1 0
1 3 3 0 4 3 2
1 1 2 3 0 2 3
1 1 3 3 0 4 0
4 1 3 1 2 3 2
