m: 100
n: 20
k: 6

Distancias:
4 88 56 20 43 64 33 1 59 65 35 64 69 33 29 92 20 30 83 88
44 9 87 20 40 69 25 68 3 29 86 19 60 71 96 96 47 76 46 55
2 95 93 51 75 11 63 55 90 62 9 4 38 77 26 46 7 7 69 46
47 68 62 36 30 16 46 43 62 62 26 53 94 81 40 54 85 48 79 29
46 22 82 93 76 83 23 60 64 63 49 78 67 3 24 31 95 81 25 2
15 41 94 12 5 63 81 24 47 24 97 60 83 78 24 79 72 59 81 84
16 92 26 40 50 71 39 4 11 48 65 38 19 53 65 11 29 71 19 84
90 10 42 51 79 98 61 88 49 30 15 81 41 55 99 52 44 59 95 75
16 82 22 80 26 5 82 5 66 38 75 79 15 10 95 9 22 24 60 76
13 65 32 65 75 41 32 60 71 95 36 67 20 77 61 33 26 73 32 33
35 81 9 24 25 26 73 60 99 81 91 18 3 62 90 67 80 30 59 1
62 86 36 59 16 9 63 5 19 93 76 79 23 65 24 39 25 38 50 93
9 50 82 39 2 94 34 8 69 76 50 94 86 4 39 55 98 46 47 12
25 92 82 70 73 88 88 76 74 45 33 69 21 42 1 79 63 69 74 88
94 31 34 97 30 39 18 34 67 47 52 86 98 52 8 73 65 98 31 91
67 43 49 46 19 9 35 62 11 64 54 90 75 45 35 42 51 27 48 46
69 54 71 93 22 75 23 92 97 37 17 65 42 37 98 23 40 63 4 82
53 82 54 75 24 78 21 76 91 47 42 88 49 22 63 30 8 80 7 19
46 46 90 21 20 33 18 17 51 82 97 44 8 68 52 15 31 60 10 97
89 46 29 22 5 20 95 87 58 75 25 85 63 68 25 47 61 73 60 64
6 72 22 38 2 5 78 1 43 34 60 9 61 24 99 81 16 3 30 66
59 23 59 52 25 73 25 89 65 71 56 68 92 88 64 57 47 87 84 73
54 58 55 9 42 18 56 67 29 72 33 36 53 35 51 14 1 73 97 44
82 76 13 42 29 79 23 51 17 81 86 95 11 23 68 45 33 86 53 79
70 34 1 23 54 66 35 82 89 46 72 26 26 96 52 9 25 19 30 97
4 84 65 7 56 92 85 53 98 64 80 18 18 95 47 8 7 70 74 69
47 52 93 48 9 14 23 52 35 71 78 29 45 63 5 27 5 27 29 13
50 51 7 52 9 45 15 92 10 14 34 24 48 43 89 79 27 91 48 62
68 83 92 56 64 70 38 56 53 13 76 35 47 9 97 76 81 65 59 81
9 34 11 89 38 75 41 9 35 46 71 7 38 57 10 54 64 47 14 42
65 24 20 67 12 52 98 42 6 27 58 15 26 54 8 25 47 44 95 37
69 31 8 85 91 30 10 16 72 30 97 64 31 67 54 46 51 89 79 39
61 48 68 85 36 89 92 86 57 81 88 88 58 54 59 30 65 18 79 63
19 51 71 51 16 2 62 86 75 79 9 50 42 25 37 24 97 39 28 70
37 92 54 67 89 38 95 30 17 76 69 66 17 12 55 20 59 7 8 36
49 57 1 20 28 83 59 39 45 44 36 2 80 36 18 45 82 92 39 39
6 41 22 49 25 59 97 52 38 99 45 47 50 80 66 74 98 8 46 87
22 82 86 76 87 55 95 6 72 6 2 29 76 18 11 8 85 56 13 19
42 39 75 23 18 24 58 4 24 97 19 42 7 74 75 96 20 70 98 25
34 99 7 58 97 10 13 39 13 22 95 33 81 50 21 69 36 39 73 61
61 62 59 74 55 5 56 1 56 25 5 33 67 23 41 38 70 97 10 43
38 44 80 24 91 49 95 92 24 84 46 91 28 89 99 92 37 92 4 68
1 53 89 6 77 28 10 72 42 52 79 35 12 94 30 91 58 60 63 34
21 23 38 53 28 61 44 84 12 43 55 7 30 14 91 82 36 64 62 34
36 24 69 37 71 71 32 8 93 64 37 79 70 73 63 52 23 73 17 7
2 23 30 72 94 44 16 20 8 16 43 24 60 39 87 24 5 24 38 94
59 97 43 17 34 21 53 15 95 50 59 34 27 99 31 80 61 11 53 86
91 3 90 8 63 98 18 25 95 62 90 28 92 22 62 64 83 15 87 86
53 43 22 85 35 58 99 61 90 53 66 21 84 90 74 62 13 19 88 50
80 84 33 91 47 56 65 26 55 93 70 1 79 43 50 93 12 94 44 91
80 55 43 21 4 14 28 58 68 84 92 67 35 87 30 13 12 62 52 59
28 55 9 45 43 86 93 26 23 70 98 82 21 54 81 97 73 52 47 53
62 29 94 46 96 80 53 33 23 81 27 53 5 80 3 42 74 45 64 55
13 30 92 9 1 25 82 82 70 81 68 21 56 54 74 37 69 11 31 63
39 9 34 19 59 32 94 20 73 65 95 1 85 54 22 30 8 59 75 85
49 49 4 91 35 15 68 85 51 29 65 26 13 85 57 95 95 84 41 6
25 95 80 24 17 67 68 59 46 99 31 57 86 75 31 65 72 60 66 86
96 88 58 34 20 89 14 51 21 58 97 48 82 4 60 86 16 22 3 50
66 38 18 66 47 48 46 51 90 79 12 57 89 40 97 33 8 81 43 47
17 48 93 41 85 21 64 5 36 3 72 20 81 56 92 72 76 85 96 67
57 13 55 9 25 15 95 29 28 79 52 51 97 92 21 4 70 57 80 73
51 30 82 25 4 58 95 18 83 27 52 77 61 2 3 5 45 65 94 27
10 96 21 37 24 79 37 69 77 63 62 54 60 72 47 51 95 2 42 32
12 72 84 28 93 33 19 13 9 53 13 59 34 81 30 49 39 56 70 71
14 34 90 90 8 15 10 26 75 10 41 5 54 38 35 68 84 9 62 51
92 2 75 49 95 9 28 56 37 23 6 19 98 10 7 71 53 94 30 19
36 75 52 83 67 73 80 2 34 45 83 4 88 35 36 60 36 72 12 53
46 29 33 57 48 66 97 89 44 39 21 78 5 78 28 58 34 28 4 58
29 12 83 98 43 36 48 58 23 22 30 87 47 40 32 73 77 75 77 4
60 47 27 9 88 18 64 22 47 12 99 78 38 27 12 66 48 54 23 40
30 61 91 16 72 18 87 76 58 23 53 37 68 17 49 6 68 26 36 95
3 18 35 82 66 76 41 55 95 20 42 92 84 41 78 42 59 91 12 6
8 41 22 49 23 23 94 99 81 56 51 41 10 78 74 6 66 60 33 66
69 69 77 55 23 67 16 79 37 66 69 33 98 46 51 89 22 34 92 74
51 71 45 46 24 86 24 92 78 42 91 82 56 2 40 76 71 8 88 2
26 11 26 22 16 4 84 7 12 73 97 39 91 70 25 85 74 4 50 5
40 8 55 76 56 95 16 69 24 29 66 91 81 77 73 66 33 83 1 28
82 80 49 32 80 82 60 17 52 29 39 53 63 67 65 44 23 58 44 51
65 54 84 51 46 35 66 79 73 77 21 74 33 82 61 91 89 99 41 57
64 7 33 21 67 58 91 96 15 3 57 84 48 56 62 33 51 65 19 32
42 48 59 74 62 42 50 51 10 41 83 60 58 25 5 62 54 39 4 32
6 65 12 30 33 27 28 74 33 83 40 44 84 3 8 80 50 97 42 22
12 56 17 87 19 91 78 2 41 15 91 87 69 75 55 13 57 57 42 2
15 91 53 10 67 85 50 40 20 62 74 19 82 40 84 85 23 73 91 2
57 27 28 89 62 43 11 13 11 77 52 48 71 60 61 79 50 46 35 50
81 53 59 2 23 72 33 85 55 65 35 42 45 75 3 35 75 1 28 59
65 77 47 95 10 15 18 83 71 88 81 89 80 70 7 56 56 19 99 66
74 50 43 54 95 95 73 29 88 30 37 12 40 32 77 69 52 23 78 38
73 49 66 37 58 62 38 33 6 17 40 78 50 33 89 57 25 17 23 8
30 96 54 98 6 38 72 59 10 10 73 13 98 38 68 4 3 6 28 91
38 63 9 97 67 81 96 22 94 35 6 50 92 78 43 30 53 17 57 16
36 76 86 49 50 85 34 33 13 81 24 63 53 35 19 8 48 86 89 35
39 31 19 70 61 19 94 96 89 63 30 27 34 52 68 14 47 55 7 44
62 35 99 43 75 2 81 44 37 94 89 61 6 86 83 25 35 11 70 10
84 13 99 11 21 15 69 83 26 84 95 24 69 6 7 11 3 78 19 88
11 6 70 66 79 88 51 14 76 94 70 51 40 53 94 40 47 16 61 16
52 14 68 19 34 6 26 48 26 16 44 80 95 4 88 67 57 4 60 27
55 70 37 17 33 23 11 6 96 79 15 50 97 66 92 62 73 6 52 41
75 62 80 73 43 59 13 61 55 84 85 21 68 96 75 63 79 29 64 40
94 6 94 77 63 52 57 47 73 78 18 36 48 9 57 74 87 95 73 27

Demandas:
0 0 0 1 0 0
1 0 0 0 0 0
0 0 1 0 0 0
0 0 0 1 0 0
0 0 0 0 0 1
0 0 0 0 1 0
0 1 0 0 0 0
0 0 0 0 0 1
0 1 0 0 0 0
0 1 0 0 0 0
0 0 0 0 1 0
0 1 0 0 0 0
0 0 1 0 0 0
0 0 0 1 0 0
0 0 1 0 0 0
0 0 0 0 0 1
0 0 0 0 0 1
0 1 0 0 0 0
0 1 0 0 0 0
1 0 0 0 0 0
0 0 0 0 1 0
0 1 0 0 0 0
1 0 0 0 0 0
1 0 0 0 0 0
1 0 0 0 0 0
0 0 0 1 0 0
0 0 0 0 0 1
1 0 0 0 0 0
0 0 0 0 1 0
1 0 0 0 0 0
0 0 0 1 0 0
0 0 1 0 0 0
0 0 1 0 0 0
1 0 0 0 0 0
0 1 0 0 0 0
0 0 1 0 0 0
0 0 0 0 0 1
0 0 0 1 0 0
0 0 0 1 0 0
0 0 0 0 1 0
1 0 0 0 0 0
1 0 0 0 0 0
1 0 0 0 0 0
0 1 0 0 0 0
1 0 0 0 0 0
0 0 1 0 0 0
0 0 0 0 1 0
0 0 1 0 0 0
0 1 0 0 0 0
0 1 0 0 0 0
0 0 0 0 1 0
1 0 0 0 0 0
0 1 0 0 0 0
0 1 0 0 0 0
0 0 0 1 0 0
0 0 0 1 0 0
0 0 0 0 0 1
0 0 1 0 0 0
0 0 1 0 0 0
0 0 1 0 0 0
0 0 1 0 0 0
1 0 0 0 0 0
0 0 1 0 0 0
0 0 0 0 1 0
0 1 0 0 0 0
0 1 0 0 0 0
0 1 0 0 0 0
0 0 1 0 0 0
0 1 0 0 0 0
0 0 0 0 1 0
0 1 0 0 0 0
0 1 0 0 0 0
0 0 1 0 0 0
0 0 0 0 0 1
0 0 0 0 0 1
1 0 0 0 0 0
0 0 1 0 0 0
0 0 0 0 0 1
0 0 0 1 0 0
0 1 0 0 0 0
0 0 0 0 1 0
0 0 0 0 1 0
1 0 0 0 0 0
0 0 0 0 0 1
0 0 1 0 0 0
0 0 0 0 0 1
1 0 0 0 0 0
0 0 0 0 0 1
0 1 0 0 0 0
0 1 0 0 0 0
0 1 0 0 0 0
0 0 0 0 1 0
0 0 0 1 0 0
1 0 0 0 0 0
0 0 0 0 1 0
1 0 0 0 0 0
0 0 0 0 1 0
0 0 0 1 0 0
0 0 0 0 0 1
0 0 0 0 0 1

Capacidades:
3 4 0 0 1 1
4 1 4 3 1 4
2 3 4 2 3 0
0 1 4 1 4 0
1 4 2 2 0 1
2 0 0 1 0 0
4 0 3 2 3 1
1 0 1 2 4 0
0 3 3 1 1 2
3 2 0 3 4 2
2 0 4 3 4 1
3 4 1 2 0 0
2 2 2 1 4 4
1 0 4 1 0 2
3 4 2 4 4 1
2 1 4 0 4 2
4 1 2 2 4 1
4 2 3 0 2 2
4 0 0 0 0 1
1 3 0 0 2 0
