m: 100
n: 20
k: 8

Distancias:
5 8 84 34 81 42 22 26 46 66 90 72 36 99 52 6 94 13 62 27
98 77 87 98 29 3 27 27 20 39 28 37 76 68 82 17 37 62 33 47
90 92 63 13 14 8 48 23 33 94 22 79 23 37 1 41 15 14 22 41
86 87 81 9 19 94 12 56 72 98 74 42 69 85 10 46 10 25 2 33
80 68 52 53 21 86 8 67 1 98 13 31 89 1 51 77 39 60 11 56
81 94 47 98 14 70 36 25 75 34 73 14 61 64 74 48 58 39 81 95
31 36 28 39 60 83 41 68 17 61 80 12 83 22 99 64 74 83 97 2
13 44 47 32 17 83 92 52 40 8 58 61 42 62 90 23 31 84 31 69
21 25 51 19 75 9 4 3 29 52 67 50 50 95 70 56 41 39 44 54
17 21 37 36 87 32 47 6 26 4 63 77 77 27 12 63 30 86 73 33
9 80 57 76 77 40 5 77 29 40 16 72 7 72 23 79 69 54 7 30
79 12 37 97 13 20 70 1 44 86 28 27 35 87 35 3 14 91 30 89
59 3 51 98 17 97 11 95 31 35 69 89 86 62 16 39 98 26 50 20
65 94 47 98 88 24 74 53 19 53 36 4 35 49 11 31 81 45 92 46
63 29 71 81 82 45 45 65 16 6 79 90 40 91 60 19 42 56 33 6
60 73 60 81 91 17 90 38 38 73 48 38 29 48 10 70 24 61 38 69
6 67 88 39 56 37 55 31 7 56 35 1 93 47 30 18 17 66 15 28
22 35 29 5 77 45 99 21 14 37 41 12 54 78 57 64 9 43 27 63
79 64 42 31 73 66 91 15 15 89 26 90 47 70 67 35 95 27 85 33
20 32 84 25 27 88 59 58 14 22 84 42 17 13 12 84 47 53 89 34
21 59 65 57 74 58 86 47 82 21 68 8 4 22 10 96 71 44 54 6
2 31 47 39 30 32 26 10 18 58 73 47 33 27 9 8 54 77 71 89
32 24 96 56 68 36 60 16 86 17 81 10 88 2 18 84 12 53 92 92
75 83 49 99 97 64 80 86 86 10 20 49 36 24 98 37 72 14 59 19
73 53 67 9 16 34 91 48 40 48 93 89 45 63 74 99 66 53 12 59
57 14 66 82 13 28 89 72 52 33 35 5 85 70 35 27 66 96 52 8
35 91 67 64 81 78 94 47 23 77 54 34 40 80 41 5 88 97 99 38
14 2 32 12 36 21 42 89 14 21 80 3 14 29 50 83 54 16 47 6
65 25 94 9 46 17 55 91 20 6 31 37 71 21 67 79 67 5 73 16
62 9 31 52 57 47 97 46 46 14 95 3 69 94 80 11 82 47 87 66
92 76 86 53 70 87 98 49 20 85 41 96 8 92 20 48 4 77 15 35
52 42 42 37 32 54 47 55 13 39 90 75 48 71 74 52 10 50 89 72
22 19 80 74 58 81 66 51 56 9 71 59 10 26 84 13 6 39 5 48
95 4 34 57 17 90 53 36 53 53 10 13 62 23 66 22 72 95 42 23
88 78 7 36 79 75 56 13 38 94 50 44 44 41 92 29 83 39 84 28
34 3 37 42 33 95 61 36 35 78 2 85 61 47 92 67 61 73 91 90
17 37 34 83 98 37 61 89 1 39 57 20 28 59 12 88 59 64 15 35
49 3 94 81 73 23 56 29 62 51 91 15 73 30 93 61 75 93 34 70
37 17 85 73 93 58 51 98 10 7 26 33 86 8 49 92 73 15 35 68
45 96 40 37 15 50 82 76 82 9 47 72 3 71 7 55 60 76 83 79
99 6 43 64 78 62 64 60 27 8 96 20 88 39 24 29 6 37 78 3
43 26 23 96 57 37 3 38 98 93 29 83 62 58 64 10 61 50 26 13
74 84 33 54 88 79 85 22 26 77 48 58 34 52 85 43 22 74 9 49
95 28 14 9 55 7 87 1 36 11 50 71 66 54 1 21 13 35 62 64
46 61 68 95 3 92 88 80 42 58 89 9 94 16 65 6 9 32 57 5
47 89 70 59 69 40 74 83 77 56 19 71 86 90 33 11 99 25 21 3
50 43 70 66 84 40 20 72 71 70 16 55 57 3 93 43 2 77 74 16
71 67 48 16 79 17 40 36 38 39 79 18 98 26 42 29 55 18 64 19
54 98 32 53 43 39 85 31 45 52 68 47 15 18 24 29 15 99 52 4
64 36 53 2 76 80 93 76 56 63 3 43 68 74 25 36 39 88 83 64
10 52 43 66 56 82 26 9 80 28 41 85 88 59 13 36 56 12 15 73
36 47 21 64 52 58 96 91 6 93 65 83 6 2 45 61 96 15 89 50
60 29 27 97 90 9 79 58 49 57 42 3 19 26 20 62 69 4 22 74
68 89 72 3 9 65 61 64 51 17 70 69 28 76 58 97 26 88 37 36
64 68 62 4 37 38 45 45 80 13 68 86 44 72 15 28 34 37 67 10
4 13 33 9 25 33 51 13 27 72 48 89 88 46 35 47 79 98 95 11
44 74 15 23 20 41 83 50 33 89 66 41 19 53 74 91 95 36 81 30
48 40 44 30 28 98 85 10 72 31 19 23 79 80 7 62 85 74 51 45
38 69 87 96 34 9 62 36 54 66 91 37 75 27 86 14 64 12 76 68
15 76 63 60 37 10 56 48 60 43 32 27 11 37 4 71 37 26 29 21
94 71 58 9 33 26 87 4 16 60 37 87 30 76 84 23 4 2 32 4
48 2 86 2 43 5 69 92 34 65 74 99 80 89 87 6 81 17 65 66
16 18 65 19 81 76 16 48 80 86 75 22 29 43 68 88 90 92 15 10
33 51 90 89 98 66 76 75 84 21 63 42 92 27 33 2 72 98 21 11
27 82 35 47 12 14 40 92 20 59 75 49 31 91 99 38 37 55 97 8
61 95 94 76 36 44 32 62 62 1 59 37 77 80 91 81 15 71 10 96
52 25 86 11 71 70 97 86 23 62 5 1 2 47 39 28 54 40 72 4
55 51 8 33 10 77 61 2 55 95 51 55 48 5 10 11 34 99 87 70
40 62 80 21 73 62 46 94 59 8 72 17 72 46 90 49 53 48 98 90
24 34 74 92 3 28 41 2 62 34 9 59 85 99 18 28 46 17 15 3
96 71 87 4 42 94 1 17 41 39 31 32 67 78 37 20 56 78 70 60
30 76 29 22 37 99 29 97 36 21 55 13 85 64 30 58 14 85 22 45
88 14 77 32 31 53 38 62 74 25 63 5 16 17 80 3 82 71 98 25
55 59 19 40 9 33 90 46 35 90 73 23 3 83 30 92 7 32 65 14
94 81 60 79 84 56 86 79 18 68 8 66 42 97 87 51 11 90 48 93
2 64 62 42 35 36 40 13 4 97 67 58 52 25 94 71 30 12 1 70
36 48 13 11 48 83 87 71 84 46 8 22 65 81 10 52 36 36 98 25
2 28 88 3 68 34 98 33 10 24 90 3 37 26 81 26 52 38 44 63
27 90 38 68 79 23 2 73 56 25 41 93 53 46 37 84 93 8 18 75
94 66 88 33 74 98 31 9 67 72 62 25 28 9 7 28 59 26 8 73
17 97 65 36 7 40 7 62 77 5 81 86 13 9 23 3 27 46 86 8
84 6 18 77 96 12 43 43 71 65 72 53 75 84 83 24 56 97 25 13
85 93 89 99 47 74 34 27 63 93 86 60 18 3 70 41 46 85 71 66
28 42 38 78 13 25 29 75 99 37 19 80 29 27 55 57 85 96 23 24
83 6 40 23 15 22 31 31 85 40 42 19 41 34 61 8 39 84 69 3
60 66 70 26 46 44 42 55 30 58 60 28 61 63 56 51 78 43 15 62
24 42 17 11 46 37 3 22 94 25 85 87 31 62 38 23 83 14 43 71
86 20 24 38 44 76 52 61 67 10 78 96 87 44 40 12 71 98 49 80
61 30 89 63 19 80 36 5 55 20 38 72 67 18 60 61 51 15 28 69
97 27 96 98 52 20 15 84 17 5 25 99 29 45 41 35 77 31 21 13
73 45 76 25 98 3 54 18 87 6 31 15 15 50 28 8 91 20 57 61
70 29 82 66 92 42 99 96 60 25 40 26 47 32 13 40 81 54 58 39
97 94 94 89 8 29 1 14 13 19 62 98 65 40 51 91 15 50 61 91
84 64 82 70 1 19 12 94 24 74 89 64 53 53 15 85 84 32 20 41
3 67 67 39 19 77 18 90 18 3 58 8 9 16 7 2 25 56 73 22
17 94 94 64 31 23 66 92 95 45 4 90 63 7 68 24 58 39 26 29
59 36 91 23 23 74 79 68 43 9 96 38 34 50 16 97 28 84 66 52
6 73 94 83 58 35 55 81 59 25 97 69 89 9 39 76 42 26 50 85
38 69 29 11 2 30 36 53 80 8 45 72 84 70 83 52 5 17 85 19
4 4 44 35 4 58 5 3 99 79 31 56 17 6 27 57 9 36 56 56

Demandas:
0 0 1 0 0 0 0 0
0 0 0 0 0 1 0 0
0 0 1 0 0 0 0 0
0 0 0 0 0 0 1 0
0 0 0 1 0 0 0 0
1 0 0 0 0 0 0 0
0 0 0 0 0 0 0 1
0 0 0 0 1 0 0 0
0 0 0 0 0 1 0 0
1 0 0 0 0 0 0 0
0 0 0 0 1 0 0 0
0 0 0 1 0 0 0 0
0 0 0 0 0 1 0 0
0 0 0 0 0 1 0 0
0 0 0 0 0 1 0 0
0 1 0 0 0 0 0 0
1 0 0 0 0 0 0 0
0 0 0 0 1 0 0 0
0 0 0 0 0 0 1 0
0 0 1 0 0 0 0 0
0 0 1 0 0 0 0 0
0 0 0 0 0 1 0 0
0 0 0 0 0 0 0 1
0 0 0 0 0 0 1 0
0 0 1 0 0 0 0 0
0 0 0 0 0 0 1 0
0 0 1 0 0 0 0 0
0 0 0 0 0 0 0 1
0 0 0 1 0 0 0 0
0 0 0 1 0 0 0 0
0 0 1 0 0 0 0 0
0 0 0 1 0 0 0 0
0 0 0 1 0 0 0 0
0 0 0 0 0 0 1 0
0 0 0 0 0 0 0 1
0 0 0 0 1 0 0 0
0 0 0 0 0 0 1 0
0 0 0 0 0 0 0 1
0 0 0 0 0 1 0 0
0 0 0 0 0 0 1 0
1 0 0 0 0 0 0 0
1 0 0 0 0 0 0 0
0 0 0 1 0 0 0 0
1 0 0 0 0 0 0 0
0 0 0 0 0 0 1 0
0 0 0 1 0 0 0 0
0 0 0 0 0 0 1 0
1 0 0 0 0 0 0 0
0 0 0 0 0 0 0 1
0 0 0 0 1 0 0 0
0 0 0 0 0 1 0 0
0 0 1 0 0 0 0 0
0 0 1 0 0 0 0 0
1 0 0 0 0 0 0 0
0 0 0 0 0 1 0 0
0 0 0 1 0 0 0 0
1 0 0 0 0 0 0 0
0 0 0 0 0 1 0 0
0 0 0 0 0 0 1 0
0 0 0 0 0 0 1 0
1 0 0 0 0 0 0 0
1 0 0 0 0 0 0 0
1 0 0 0 0 0 0 0
0 0 1 0 0 0 0 0
0 0 0 0 0 0 0 1
0 0 0 0 0 1 0 0
0 0 0 0 0 0 0 1
0 0 0 0 1 0 0 0
0 0 0 1 0 0 0 0
0 0 0 0 1 0 0 0
0 1 0 0 0 0 0 0
0 0 0 0 0 1 0 0
0 0 0 0 0 1 0 0
0 0 0 0 0 0 1 0
0 0 0 0 0 0 0 1
0 0 0 0 0 1 0 0
1 0 0 0 0 0 0 0
0 0 0 1 0 0 0 0
0 0 1 0 0 0 0 0
0 0 0 0 1 0 0 0
0 0 1 0 0 0 0 0
0 0 0 0 0 0 0 1
0 0 0 0 1 0 0 0
1 0 0 0 0 0 0 0
0 0 0 0 0 1 0 0
1 0 0 0 0 0 0 0
0 1 0 0 0 0 0 0
0 0 0 0 0 0 0 1
0 0 0 1 0 0 0 0
1 0 0 0 0 0 0 0
1 0 0 0 0 0 0 0
0 0 0 0 0 1 0 0
0 0 0 0 0 1 0 0
0 0 0 0 1 0 0 0
0 0 1 0 0 0 0 0
0 0 0 0 0 0 1 0
0 1 0 0 0 0 0 0
0 1 0 0 0 0 0 0
0 0 1 0 0 0 0 0
0 1 0 0 0 0 0 0

Capacidades:
0 1 0 0 4 1 4 2
2 1 2 1 4 2 1 4
0 3 3 3 0 3 2 4
4 4 4 3 0 4 1 2
3 2 4 0 4 3 1 0
1 1 2 1 2 3 3 1
1 2 4 2 1 1 0 0
2 1 2 4 4 4 1 2
2 1 3 1 0 2 4 1
1 4 1 2 2 2 4 2
3 2 3 4 1 1 1 4
1 2 1 3 2 2 1 3
2 1 3 3 4 1 4 1
3 3 4 1 0 1 4 0
2 4 2 3 1 1 3 1
2 0 2 0 3 0 4 3
3 2 2 4 1 0 0 3
3 1 0 0 0 2 4 3
4 1 2 3 2 3 0 1
0 2 3 2 0 4 2 1
