m: 100
n: 20
k: 8

Distancias:
69 19 62 98 24 15 50 74 98 8 4 12 50 23 12 25 71 73 5 41
21 44 64 10 70 12 42 24 86 61 8 93 87 3 16 28 76 2 21 34
79 35 6 10 47 47 86 94 71 80 9 35 88 12 99 63 69 45 21 4
38 73 38 65 25 65 8 81 57 30 68 42 5 79 51 67 43 10 53 95
54 4 15 27 24 2 58 86 47 99 40 86 36 39 23 70 53 52 55 71
86 93 55 42 25 16 31 90 75 22 20 41 85 11 10 52 7 44 47 27
85 46 30 32 7 40 64 87 28 3 82 73 83 6 45 54 32 68 45 86
68 82 52 91 31 49 44 96 41 87 72 55 11 18 19 21 49 6 50 29
56 71 73 29 21 56 29 20 66 53 89 12 9 28 21 35 72 76 13 2
66 82 35 83 88 92 29 5 49 81 67 56 49 19 49 84 90 84 1 52
50 16 76 91 59 98 90 28 35 53 94 25 39 9 70 17 95 98 33 92
21 96 64 42 20 92 5 16 9 82 36 43 62 41 98 80 15 20 76 12
30 23 51 82 79 31 95 45 72 73 77 15 73 85 89 53 18 16 99 37
72 29 61 78 6 81 9 84 40 80 58 72 96 57 49 24 90 13 40 80
16 51 46 77 18 93 85 55 20 46 23 51 21 56 91 95 65 81 51 76
14 13 4 19 3 35 47 9 60 36 66 90 2 69 29 67 2 74 81 24
78 89 31 74 87 98 34 75 19 32 65 17 2 2 61 34 23 51 28 77
79 49 95 76 40 95 58 83 72 53 87 95 20 56 75 53 6 66 48 18
85 97 1 85 65 55 23 55 48 91 34 35 59 58 44 95 35 28 68 2
17 71 51 65 80 68 24 16 83 98 2 55 60 33 75 88 28 53 71 17
74 41 5 72 9 37 67 85 42 94 18 93 11 6 1 26 94 13 63 84
48 73 54 45 31 63 45 15 57 93 80 91 63 84 25 17 99 20 81 14
10 90 91 6 53 44 1 46 15 96 28 3 88 98 71 33 59 95 87 86
66 19 16 60 65 22 60 68 91 39 42 99 75 94 17 64 72 22 20 24
14 67 52 45 8 86 76 89 47 39 77 33 76 85 33 70 74 53 61 55
30 51 31 97 76 81 16 50 9 82 4 92 18 34 85 14 66 8 83 39
80 63 93 53 2 76 16 76 31 55 35 40 8 15 82 28 9 42 12 86
88 33 53 16 57 20 50 52 53 65 68 80 92 41 83 90 42 74 35 89
7 66 14 15 70 60 76 99 22 23 56 95 37 76 24 96 71 61 28 29
18 78 61 68 53 97 53 24 96 49 4 26 82 4 87 69 5 89 94 13
63 28 80 7 35 15 45 81 83 16 98 2 18 50 92 59 71 45 39 64
45 63 11 54 4 9 93 69 94 45 92 28 56 34 68 5 9 66 74 59
95 90 91 82 68 42 47 55 87 15 44 97 15 58 69 26 17 8 86 1
23 37 55 13 2 45 26 50 58 61 12 65 29 69 93 6 81 57 62 59
47 39 28 75 14 85 28 8 61 58 55 32 4 53 87 74 50 96 84 51
39 40 6 71 49 3 7 58 4 8 64 34 65 96 15 39 70 37 60 62
32 84 20 85 44 91 9 99 75 89 33 16 46 8 5 94 76 60 71 68
23 93 8 64 72 54 16 27 10 86 48 7 29 78 21 31 55 72 88 55
6 6 81 9 88 21 15 95 33 91 85 42 90 35 41 90 42 1 93 92
7 22 3 31 87 62 64 22 99 70 48 30 64 52 95 8 66 97 30 60
72 3 73 67 39 21 78 91 42 5 31 36 14 52 4 78 72 74 85 36
57 72 38 72 68 33 55 47 74 29 56 12 72 35 22 77 17 10 68 58
72 50 9 45 10 68 17 69 92 81 17 33 50 43 64 1 81 70 43 82
40 82 71 29 78 84 11 84 54 77 38 84 51 40 19 19 66 9 60 49
1 34 32 92 52 88 38 68 39 71 15 9 29 97 80 32 24 45 92 54
6 96 43 31 44 19 54 51 75 71 7 88 26 43 70 49 53 69 38 44
3 61 85 99 70 26 97 76 92 84 76 41 97 71 72 42 3 40 28 82
13 32 93 34 59 27 10 19 32 56 32 26 24 97 26 60 30 24 41 32
95 3 5 32 90 15 28 83 54 82 90 12 10 10 47 41 57 23 89 51
45 72 77 58 25 92 61 94 92 74 99 48 42 71 3 25 64 14 70 55
86 93 61 29 17 69 61 95 10 22 65 93 72 67 31 97 57 69 91 5
45 82 9 97 22 28 17 43 89 95 44 51 93 37 29 75 77 88 52 68
79 80 49 4 42 58 97 43 80 63 70 8 91 78 95 91 64 79 45 73
87 64 62 68 13 59 66 42 8 16 37 88 99 84 41 3 26 3 22 59
98 27 38 10 36 37 11 9 84 55 94 88 1 41 41 70 3 18 44 27
93 40 53 11 13 30 38 34 58 77 9 55 57 47 62 69 24 67 24 56
72 63 66 7 43 4 77 73 47 98 45 79 32 13 26 91 43 7 93 21
93 5 63 7 96 55 32 41 22 74 89 23 66 93 75 70 29 4 25 60
84 92 90 45 1 33 44 59 76 73 44 18 16 30 37 2 42 94 76 80
58 51 4 83 52 88 35 47 85 77 43 95 90 37 22 54 73 59 76 10
39 27 98 77 52 26 11 82 41 68 28 11 7 12 99 31 83 29 85 62
68 88 91 79 3 90 54 54 76 60 34 22 74 7 96 11 85 56 17 33
20 99 30 48 28 78 70 79 6 43 16 14 29 81 95 87 91 26 36 63
77 26 63 55 12 29 30 57 74 65 60 64 21 42 93 92 50 34 62 72
74 44 54 32 26 52 26 52 76 23 68 33 26 80 55 41 7 47 63 97
16 78 29 64 27 40 70 92 90 60 88 92 8 89 99 39 75 8 32 5
27 79 58 5 65 69 76 3 63 84 21 49 37 44 6 47 24 53 11 63
51 96 96 12 33 90 14 28 8 23 3 70 24 50 17 69 30 39 25 99
51 64 91 64 21 99 48 49 86 68 1 73 16 38 93 20 88 50 90 8
4 43 38 17 58 92 39 48 38 38 63 6 74 58 78 36 85 9 66 85
54 86 23 96 3 61 80 26 87 87 23 10 51 64 93 3 29 62 57 23
75 63 1 51 98 63 22 63 33 31 9 44 33 76 96 47 46 76 79 3
14 73 77 49 98 1 92 79 58 6 56 60 20 21 67 24 74 90 53 33
34 20 84 50 74 37 31 1 92 19 98 75 89 20 21 37 14 3 47 68
92 36 57 12 92 9 33 13 80 9 25 93 14 48 75 15 29 60 12 17
74 13 53 10 51 31 4 13 90 58 32 72 29 90 54 77 82 63 77 77
80 35 43 67 23 21 78 31 48 5 77 5 87 64 78 81 33 92 51 19
20 33 27 56 92 26 58 71 13 76 12 54 75 88 18 82 56 24 23 19
55 26 26 39 71 8 80 39 77 20 17 3 81 92 80 22 24 26 73 74
98 52 56 7 50 34 60 21 29 43 37 23 29 18 16 8 63 59 68 84
42 33 7 86 54 75 31 91 85 26 75 67 80 20 76 45 61 27 40 5
76 53 36 89 55 30 84 5 7 5 84 57 6 83 50 98 20 47 10 21
52 47 78 49 73 37 58 26 43 40 89 18 25 97 87 44 59 15 81 95
33 37 56 31 19 74 51 20 26 9 41 74 27 22 98 44 71 58 37 90
17 23 2 66 47 55 90 22 39 12 75 86 99 80 52 41 78 56 97 66
35 26 15 33 2 90 99 70 22 12 83 29 93 32 80 44 39 26 24 40
17 98 52 56 29 26 59 74 41 83 24 12 41 81 12 46 60 89 5 72
30 28 62 90 21 67 31 64 13 87 63 70 64 38 37 95 38 30 82 14
46 73 77 62 56 56 94 95 72 19 35 73 57 49 99 3 5 3 68 77
15 77 68 81 90 10 92 70 23 5 56 78 14 2 22 47 76 16 26 76
97 16 53 3 96 67 49 49 97 87 97 11 5 57 23 32 84 1 13 17
32 56 72 53 22 30 65 62 20 4 47 2 89 56 39 55 46 44 39 7
85 78 77 91 50 44 22 56 28 61 61 19 5 4 17 28 53 70 75 61
97 97 61 55 6 33 5 19 75 46 15 65 41 18 6 15 17 29 61 81
94 98 14 80 79 81 51 38 14 86 41 68 50 26 51 21 43 99 5 70
42 86 12 37 92 59 81 81 80 46 58 38 56 34 19 29 18 81 78 41
46 68 88 59 47 44 92 41 96 11 69 57 5 77 90 49 87 19 88 65
55 31 90 74 97 61 53 79 26 5 40 12 78 5 55 45 25 72 68 31
86 61 98 32 50 86 20 31 73 22 78 62 7 88 82 47 11 23 45 75
14 85 93 35 68 64 45 97 92 94 56 28 78 20 59 27 52 55 98 5

Demandas:
0 0 1 0 0 0 0 0
0 1 0 0 0 0 0 0
0 0 1 0 0 0 0 0
0 0 0 0 0 0 1 0
0 0 0 0 0 0 1 0
0 0 0 1 0 0 0 0
0 0 1 0 0 0 0 0
0 0 0 0 0 0 1 0
0 0 0 0 0 1 0 0
0 0 0 1 0 0 0 0
0 1 0 0 0 0 0 0
0 0 0 1 0 0 0 0
0 0 0 0 0 1 0 0
0 0 0 0 1 0 0 0
0 0 1 0 0 0 0 0
1 0 0 0 0 0 0 0
1 0 0 0 0 0 0 0
0 0 1 0 0 0 0 0
0 0 0 0 1 0 0 0
0 0 0 0 0 0 1 0
0 0 0 0 0 1 0 0
0 0 1 0 0 0 0 0
0 0 0 0 0 0 1 0
0 0 0 0 0 0 0 1
0 0 0 0 0 0 1 0
0 0 0 0 0 0 0 1
0 1 0 0 0 0 0 0
0 0 0 0 0 1 0 0
0 1 0 0 0 0 0 0
0 0 0 1 0 0 0 0
0 0 0 1 0 0 0 0
0 1 0 0 0 0 0 0
0 0 0 0 0 0 1 0
0 0 0 1 0 0 0 0
0 0 0 0 0 1 0 0
0 0 0 0 0 1 0 0
0 0 0 0 0 0 1 0
0 0 0 0 0 0 1 0
1 0 0 0 0 0 0 0
0 0 0 0 0 1 0 0
0 0 0 1 0 0 0 0
0 0 0 0 0 1 0 0
0 0 0 0 0 1 0 0
0 0 0 0 0 1 0 0
0 0 0 0 0 0 1 0
0 0 0 0 0 1 0 0
1 0 0 0 0 0 0 0
0 0 0 1 0 0 0 0
0 0 0 0 0 0 0 1
1 0 0 0 0 0 0 0
0 0 0 0 0 1 0 0
0 0 0 0 0 0 1 0
1 0 0 0 0 0 0 0
0 1 0 0 0 0 0 0
0 0 0 0 0 0 0 1
0 0 0 0 0 1 0 0
0 0 0 0 1 0 0 0
0 0 0 1 0 0 0 0
0 1 0 0 0 0 0 0
0 0 0 0 1 0 0 0
1 0 0 0 0 0 0 0
0 0 0 1 0 0 0 0
0 0 1 0 0 0 0 0
0 0 0 0 0 0 0 1
0 0 0 1 0 0 0 0
0 0 0 0 0 1 0 0
0 0 0 1 0 0 0 0
0 0 0 0 0 0 1 0
0 0 0 0 0 1 0 0
1 0 0 0 0 0 0 0
0 0 0 0 0 1 0 0
0 0 0 0 0 1 0 0
0 0 1 0 0 0 0 0
1 0 0 0 0 0 0 0
0 1 0 0 0 0 0 0
0 0 1 0 0 0 0 0
0 1 0 0 0 0 0 0
0 1 0 0 0 0 0 0
0 0 0 0 1 0 0 0
0 0 1 0 0 0 0 0
0 0 0 0 0 1 0 0
0 0 0 1 0 0 0 0
0 0 0 0 0 0 0 1
0 0 0 0 0 1 0 0
0 0 0 0 1 0 0 0
0 1 0 0 0 0 0 0
0 1 0 0 0 0 0 0
0 0 0 0 0 0 1 0
0 1 0 0 0 0 0 0
0 1 0 0 0 0 0 0
0 0 0 0 0 0 0 1
0 0 0 0 0 0 0 1
0 0 1 0 0 0 0 0
0 1 0 0 0 0 0 0
1 0 0 0 0 0 0 0
0 0 0 0 0 0 1 0
0 1 0 0 0 0 0 0
1 0 0 0 0 0 0 0
0 1 0 0 0 0 0 0
0 0 0 0 0 0 0 1

Capacidades:
0 3 2 1 2 2 3 1
4 3 0 3 4 1 3 4
3 0 1 1 3 0 2 4
3 0 3 1 4 3 3 1
3 0 3 2 3 1 1 1
2 2 1 3 4 3 0 3
2 0 0 1 2 4 1 1
0 4 4 3 4 1 0 2
2 4 3 1 0 4 2 3
1 2 4 2 4 4 4 2
3 0 3 2 1 1 0 1
1 0 0 1 3 4 0 4
1 4 4 0 4 3 4 3
4 4 3 4 1 1 1 0
1 3 1 4 4 1 2 0
1 4 0 1 2 0 4 0
2 1 0 2 4 3 2 1
2 4 3 4 4 1 4 3
2 1 3 3 0 0 3 2
2 2 1 1 0 0 3 0
