m: 250
n: 75
k: 6

Distancias:
58 1 99 90 72 55 7 9 93 23 46 77 19 6 63 93 54 8 48 24 28 49 58 19 60 95 34 37 46 49 73 65 5 95 47 92 11 47 57 51 36 85 11 68 25 15 32 48 37 92 29 80 94 37 9 77 14 91 62 20 45 52 89 76 66 16 27 88 7 72 3 69 78 21 7
4 78 48 93 87 18 11 1 66 26 79 85 46 86 36 2 10 56 26 65 38 58 76 96 29 13 59 75 21 70 44 10 51 60 9 88 65 22 21 52 41 4 17 81 94 97 97 71 32 76 58 64 73 23 88 63 88 37 34 12 23 41 7 94 92 57 96 2 6 79 52 44 78 69 55
34 87 74 82 4 6 79 48 66 86 55 73 90 64 21 6 6 87 15 75 75 83 60 2 19 83 14 46 40 15 28 62 78 6 77 98 63 99 86 21 4 69 75 76 84 22 98 80 35 65 92 47 9 92 31 75 34 33 94 19 97 68 16 70 32 23 68 46 91 50 91 84 94 29 34
54 32 2 12 66 74 55 4 10 64 14 34 24 79 6 10 15 23 83 94 81 5 19 74 15 41 28 5 66 52 57 8 5 71 68 97 69 84 60 94 40 51 97 38 45 97 40 82 84 95 67 57 94 72 5 6 3 97 64 40 27 85 65 38 28 93 51 20 90 73 69 51 40 38 99
4 56 3 33 15 97 56 35 58 65 51 5 35 50 34 46 41 64 98 50 44 15 87 23 77 16 88 98 43 83 27 5 2 94 15 63 95 23 61 71 16 96 12 59 48 31 64 51 64 87 34 30 5 95 80 74 69 38 56 88 2 28 19 42 67 59 89 80 63 22 29 69 24 26 60
26 6 71 38 75 93 45 27 67 23 13 12 21 8 22 71 4 7 52 75 51 6 30 89 40 13 60 57 23 62 56 41 13 88 8 12 43 38 13 51 53 63 5 63 8 68 46 62 20 47 13 27 56 99 30 3 43 52 91 56 15 55 27 79 34 47 85 58 60 60 92 75 43 54 53
43 49 85 95 10 76 93 36 98 86 39 97 92 23 34 43 47 14 20 83 31 75 80 57 89 74 65 59 49 90 2 79 93 40 36 70 70 7 72 13 5 64 8 73 98 5 59 72 79 29 32 40 92 85 41 70 52 19 23 48 48 54 39 90 78 68 21 12 87 38 98 45 80 81 3
9 67 4 74 24 79 45 4 54 44 65 48 27 65 15 38 92 2 56 52 10 13 31 44 87 21 56 40 29 10 37 13 58 65 34 13 10 43 92 49 52 62 51 65 87 43 50 20 69 94 80 1 95 73 42 20 82 6 31 81 1 18 45 25 71 1 33 72 94 4 89 50 51 60 20
10 45 49 28 14 55 14 92 56 67 17 57 16 25 45 75 6 84 62 45 59 42 12 33 25 96 72 94 30 71 50 67 32 3 47 88 59 79 56 68 43 59 34 70 59 43 15 98 20 77 12 92 78 3 80 93 4 7 91 36 99 9 98 62 46 30 33 43 86 84 76 59 10 77 61
10 18 85 71 64 98 14 57 15 1 77 48 93 45 69 77 72 74 94 3 23 15 77 93 68 22 28 42 82 7 27 57 45 3 91 16 80 64 29 5 63 81 67 2 91 78 27 77 6 88 94 98 13 38 48 56 21 56 17 16 91 59 55 65 88 80 23 67 81 61 99 58 95 99 45
42 34 23 99 62 47 69 26 66 87 33 51 18 56 59 98 3 8 73 80 33 69 94 83 22 96 83 97 30 23 10 91 55 71 94 61 40 98 30 17 51 93 94 28 63 97 76 1 31 26 92 91 92 59 22 95 53 50 12 83 70 62 85 56 95 71 27 20 29 75 55 83 70 29 12
58 63 37 24 36 36 91 3 28 72 64 33 22 59 94 8 75 96 74 36 21 40 60 82 98 45 2 87 27 2 44 20 98 66 51 96 47 70 11 64 93 53 84 53 7 28 7 18 64 42 29 70 10 28 78 33 63 92 24 92 39 71 26 33 40 68 15 90 27 75 5 36 33 54 24
98 52 36 93 35 94 92 5 43 74 22 76 95 15 24 55 31 97 70 67 16 73 62 60 3 83 38 19 4 69 81 76 81 74 53 16 71 66 30 66 22 8 60 77 49 94 84 80 61 54 73 25 17 24 81 26 25 99 29 99 24 23 72 5 97 32 99 9 59 1 16 5 30 9 22
54 2 53 89 56 22 23 66 68 73 80 96 30 20 81 10 10 33 37 44 29 72 76 91 75 62 33 13 96 13 52 46 18 97 23 50 60 5 18 79 22 47 56 50 87 28 2 6 75 75 23 92 45 27 96 6 24 59 47 32 75 89 48 55 74 70 60 51 68 41 13 97 87 12 83
42 64 87 22 81 52 19 95 40 82 85 19 8 59 3 42 73 22 90 67 25 63 75 43 77 85 75 52 71 98 24 85 5 75 63 98 30 23 71 65 45 84 71 65 46 57 99 49 49 86 39 37 83 80 16 91 6 19 37 70 90 55 79 74 3 6 64 52 37 67 68 73 54 39 9
1 88 97 67 33 75 56 19 10 86 88 41 23 19 71 52 84 9 85 22 90 62 51 84 37 62 92 96 79 76 67 62 77 97 48 26 61 40 77 47 19 68 2 37 4 42 21 95 49 53 14 29 91 1 77 84 86 70 17 84 54 16 5 84 99 63 55 37 72 73 91 50 59 58 30
69 9 7 4 32 20 24 58 46 22 93 41 42 40 65 28 44 15 38 61 2 75 4 58 95 14 32 90 57 5 72 98 84 44 1 93 56 84 78 77 73 9 19 85 84 15 3 92 28 11 52 46 16 94 7 24 20 84 11 9 41 16 98 10 74 57 62 36 17 14 47 42 38 92 9
34 69 99 91 83 35 13 38 53 14 74 56 49 4 53 15 43 75 79 63 75 37 1 5 93 37 69 43 31 60 7 38 80 63 85 68 60 18 77 83 47 26 96 93 10 74 59 72 19 58 75 67 38 27 73 87 65 85 69 89 27 11 47 19 41 40 80 41 26 24 70 56 24 1 11
41 5 33 6 54 46 26 75 76 91 42 2 42 71 97 93 87 63 96 29 36 73 70 46 23 71 93 69 32 45 24 71 36 30 84 80 46 48 29 14 10 67 46 12 95 93 51 1 61 15 53 22 65 35 55 55 38 96 18 49 99 30 38 66 11 25 37 92 32 27 89 75 14 19 24
43 43 63 69 12 50 52 51 20 4 88 99 45 70 89 70 41 75 38 28 88 10 7 60 92 2 34 62 65 83 32 44 92 30 91 83 90 83 15 38 47 17 86 36 38 79 42 75 13 58 15 74 82 83 31 55 59 85 55 15 67 36 83 55 59 82 33 41 28 44 64 7 21 62 71
38 6 48 92 51 79 21 73 34 28 32 90 80 85 96 92 30 96 79 42 30 66 62 71 7 15 5 38 96 36 72 42 91 28 98 21 95 90 65 81 50 12 47 50 44 72 98 29 52 91 15 1 65 50 94 65 53 77 79 88 71 63 36 59 66 66 25 9 49 49 90 40 53 90 33
83 99 46 83 9 54 63 96 35 33 61 57 69 53 15 7 6 28 50 92 71 54 55 56 18 51 89 50 21 67 45 96 57 3 69 68 61 19 96 72 44 64 17 47 1 91 47 3 54 82 57 18 29 59 47 16 47 93 17 39 79 40 6 61 29 66 47 90 94 64 77 52 74 21 79
31 50 92 22 89 42 40 37 32 27 13 52 75 13 56 52 91 25 81 28 32 26 36 17 66 16 34 11 68 68 66 58 66 84 90 28 12 90 80 14 44 61 40 67 5 43 84 56 64 4 58 41 46 51 18 54 32 70 2 79 55 87 74 91 64 31 37 44 78 64 48 94 73 88 48
89 11 26 52 52 81 26 83 91 15 13 88 89 36 46 6 84 11 41 66 99 89 76 23 72 69 98 33 63 64 99 42 1 78 50 23 38 85 69 46 61 2 74 29 25 53 46 1 36 8 73 20 67 87 66 38 13 93 75 60 43 93 77 86 9 93 82 65 25 36 98 5 51 71 18
80 6 97 52 46 71 52 53 85 52 86 61 23 34 14 80 58 2 91 39 90 25 63 4 71 63 63 81 37 14 5 53 56 85 79 38 23 16 78 82 30 80 36 95 31 81 17 12 65 38 28 53 13 34 34 63 55 48 35 49 40 60 40 95 31 54 66 21 75 57 62 54 62 66 16
48 18 69 72 48 96 85 98 58 54 49 81 93 82 10 61 12 7 72 95 21 68 58 10 4 92 27 21 34 7 13 91 17 14 98 89 45 10 37 6 61 31 73 29 78 17 99 53 14 52 5 13 84 91 28 29 41 59 77 40 8 38 17 42 18 11 4 80 39 45 99 96 10 85 15
8 22 27 19 69 26 34 90 7 45 74 13 67 96 20 7 2 64 14 22 15 34 52 50 58 20 36 69 35 74 49 71 20 83 11 2 9 55 6 3 38 65 79 1 34 36 35 34 48 88 52 24 57 33 8 7 2 6 37 5 10 77 14 48 45 8 97 39 2 15 1 69 98 47 28
80 46 44 57 31 5 65 81 28 2 73 63 72 88 52 97 10 45 44 6 3 21 54 11 13 20 78 52 23 27 35 95 42 36 64 65 30 34 96 93 74 12 75 48 72 1 57 79 93 81 59 2 44 20 61 10 64 17 83 40 25 87 89 32 12 59 79 86 23 83 45 69 8 37 56
40 23 77 38 99 81 14 6 33 82 60 48 29 43 40 91 73 82 65 62 21 99 22 21 28 26 98 73 76 41 56 99 33 53 73 18 38 72 48 2 93 12 43 70 52 61 17 71 54 36 27 42 78 3 64 47 77 40 3 3 39 11 65 92 73 16 80 56 84 28 91 1 51 49 4
50 51 67 74 37 51 24 68 82 72 29 17 84 77 11 64 56 97 79 46 2 15 62 66 22 89 75 9 60 8 64 21 23 7 3 26 67 28 34 19 8 40 58 11 34 36 11 62 54 74 42 15 37 49 57 73 68 22 92 41 10 53 25 45 65 49 75 63 97 45 32 95 28 87 64
38 94 5 27 38 58 14 65 94 55 98 54 68 19 40 58 8 98 9 17 37 2 48 80 71 32 85 99 1 75 72 46 79 89 24 92 61 18 60 97 19 59 49 41 5 21 93 71 10 25 21 4 26 37 8 18 99 17 12 85 40 94 25 96 98 8 56 61 31 18 42 88 33 35 25
16 29 80 65 24 26 69 77 34 49 23 20 56 44 29 86 40 45 26 76 60 43 56 5 58 40 15 51 51 50 67 45 79 75 46 21 65 31 53 37 93 80 49 93 98 71 64 27 2 58 54 16 75 84 74 26 59 72 33 48 70 35 54 55 59 10 88 13 13 69 87 63 41 73 53
20 34 58 19 22 51 62 5 27 12 3 26 7 34 54 35 16 11 55 55 29 42 64 45 57 3 77 1 91 44 65 52 67 33 63 72 3 44 80 65 8 96 62 99 40 4 77 81 82 92 36 91 1 53 23 28 38 49 45 84 80 56 87 61 14 7 72 93 12 64 93 57 42 34 25
36 60 3 76 45 43 55 46 51 36 29 8 26 20 85 81 9 88 34 67 68 53 70 98 20 24 95 46 22 50 18 76 91 68 19 22 30 70 69 16 86 42 22 83 66 64 15 85 14 10 90 90 94 64 9 75 52 57 38 75 11 23 10 10 86 18 58 24 20 25 65 18 39 43 64
10 19 82 8 67 58 4 13 70 67 99 34 84 11 87 48 57 84 88 53 54 28 53 41 29 50 64 86 24 18 14 47 97 98 78 98 75 52 33 55 81 32 29 55 83 14 85 12 57 66 3 60 72 38 58 89 64 78 90 94 45 88 53 82 85 92 25 57 84 15 86 97 96 69 7
93 17 94 69 99 21 1 42 75 29 91 30 16 94 17 78 89 18 99 97 66 82 21 75 92 32 85 55 6 67 63 60 81 72 71 23 96 56 31 57 82 32 16 38 75 6 89 37 21 17 29 22 44 19 74 29 57 41 75 82 73 50 23 59 49 14 74 63 68 54 93 7 71 69 6
42 76 9 12 64 48 87 7 28 44 82 29 84 68 98 64 76 85 27 44 64 18 47 59 35 84 81 87 68 76 19 62 56 45 69 86 22 49 5 68 91 94 47 35 44 34 7 19 83 28 85 92 29 63 42 75 75 89 68 26 54 75 13 14 69 69 20 79 14 91 64 1 40 66 39
85 98 97 45 50 11 45 97 24 73 66 85 5 65 90 93 27 11 22 54 43 44 87 62 76 4 47 88 62 26 16 32 88 13 98 51 4 91 17 61 88 20 99 51 79 32 53 45 80 48 96 99 93 11 41 28 84 39 9 24 35 74 30 64 73 26 96 73 69 69 54 44 87 64 48
66 14 48 41 33 44 98 83 73 35 40 36 2 62 94 77 49 80 88 4 18 46 11 77 91 27 52 31 54 22 21 40 56 96 67 27 81 59 74 39 25 77 93 55 44 52 92 60 26 92 42 30 77 30 56 61 36 56 2 54 2 76 82 65 91 28 66 7 31 43 21 45 87 57 74
70 30 59 3 68 55 86 50 3 42 89 83 45 48 82 6 91 73 39 35 81 86 95 14 46 13 20 68 18 31 79 8 63 36 11 36 28 58 19 95 84 78 87 85 48 11 38 69 97 42 79 39 99 74 96 20 99 3 84 91 75 86 26 97 28 75 66 84 42 91 58 58 75 68 49
58 99 35 19 16 41 89 64 61 52 14 77 27 39 16 8 43 58 46 88 43 68 68 26 18 71 95 43 64 31 20 66 91 88 45 51 4 79 45 19 22 54 24 75 69 70 4 15 22 14 67 55 99 6 12 60 89 88 41 31 6 53 71 34 80 10 9 37 12 65 90 19 40 86 18
64 68 64 54 85 67 99 76 32 47 7 34 25 17 9 57 35 64 7 5 65 87 11 90 88 98 51 91 16 52 41 83 62 93 15 8 75 79 34 31 7 97 34 17 70 41 18 30 74 64 63 43 37 13 68 73 51 80 97 70 87 65 23 39 97 96 88 83 30 79 65 73 13 47 77
24 99 49 92 66 91 59 11 12 66 76 26 36 64 74 79 29 29 24 34 41 50 97 95 42 68 61 23 47 92 40 99 75 13 30 81 84 30 3 79 77 18 39 92 24 23 46 37 73 50 94 42 51 68 76 54 44 87 15 96 74 71 6 56 40 35 70 1 12 94 75 35 2 47 27
4 52 7 62 68 46 57 43 47 84 71 90 75 58 82 17 5 66 98 16 39 79 41 47 89 16 60 57 8 77 18 42 20 13 21 22 14 30 19 19 20 72 85 53 31 69 88 55 92 47 97 64 58 35 89 99 34 15 15 30 65 14 39 97 9 16 79 10 58 44 21 25 44 7 5
16 34 18 98 40 81 17 48 33 16 18 66 41 2 93 31 95 81 14 64 6 94 90 55 44 79 17 54 18 56 89 15 10 99 20 9 94 68 29 69 27 52 41 93 66 92 55 51 67 83 90 9 69 76 11 60 99 90 42 85 51 26 29 85 84 61 70 80 85 18 73 88 56 45 54
4 95 78 10 57 44 79 70 84 1 81 77 47 46 38 73 49 78 37 69 9 86 49 60 6 66 72 53 27 99 34 78 3 24 37 13 43 19 51 56 59 56 98 19 25 35 46 18 41 12 89 58 95 46 92 83 60 76 92 96 43 26 30 85 10 24 64 29 86 39 56 39 30 51 79
49 49 87 25 32 87 87 8 88 50 52 62 63 5 61 46 84 70 79 63 30 37 11 14 75 60 68 75 21 60 4 67 56 35 8 78 91 16 60 39 5 39 27 51 41 10 9 41 63 45 22 19 94 32 61 51 31 54 94 58 66 5 8 58 43 94 60 12 96 10 86 80 65 82 51
63 78 77 43 25 49 20 87 36 63 64 60 15 73 44 17 49 95 46 80 40 72 6 55 87 22 24 35 43 57 60 71 69 61 70 47 90 33 90 8 18 49 82 6 89 94 16 70 22 64 58 12 47 15 5 67 27 42 24 18 23 73 16 16 2 79 23 14 71 38 68 88 42 6 77
36 76 90 5 97 66 4 77 46 32 1 94 24 63 53 40 35 14 96 93 78 61 48 64 58 42 24 46 69 4 97 89 96 58 37 66 46 6 82 35 99 57 26 84 77 55 35 2 5 3 72 66 56 17 4 97 54 46 16 3 86 35 66 57 30 94 23 19 17 8 18 61 96 98 21
81 50 74 58 98 61 26 32 21 96 34 85 69 66 60 71 62 36 70 49 51 76 73 49 88 25 57 77 32 50 15 35 17 69 79 46 18 33 87 70 76 10 19 30 27 92 1 72 30 22 35 99 57 30 54 28 38 54 67 28 25 55 88 48 31 53 85 80 81 23 92 23 31 71 33
9 54 41 24 64 11 59 68 5 16 28 50 9 2 23 57 89 24 65 19 63 46 78 70 30 47 60 61 76 35 92 19 80 33 40 97 26 30 3 12 54 66 89 35 51 47 79 80 39 71 17 59 60 17 57 7 65 27 43 27 25 45 81 94 80 30 33 47 68 68 85 10 5 2 16
7 86 26 36 73 37 35 2 89 64 46 13 11 86 94 7 35 60 22 77 41 84 23 86 98 35 58 3 32 83 19 90 67 6 70 40 69 59 79 36 31 35 86 29 50 24 37 88 5 75 81 54 58 6 40 91 81 44 85 63 49 45 84 95 91 45 74 33 57 98 9 32 59 11 91
58 52 88 95 10 1 41 71 53 77 50 68 24 52 33 30 39 80 61 22 55 28 20 89 46 76 51 84 71 82 48 82 44 68 35 41 8 55 77 58 85 34 68 72 13 72 92 50 64 4 88 79 3 57 49 54 90 22 61 68 81 29 64 9 52 65 54 45 45 28 88 16 24 84 92
15 76 48 58 47 91 33 20 70 27 62 47 60 93 22 54 56 97 28 14 7 69 35 59 12 42 69 87 93 66 32 44 24 66 18 16 95 24 92 62 71 51 44 20 46 57 27 44 36 34 31 8 24 21 9 71 63 39 16 72 52 10 2 65 17 56 71 94 96 93 8 78 93 65 80
14 64 53 34 62 74 63 74 93 24 35 61 35 36 60 17 78 11 98 88 7 86 22 18 6 4 22 98 43 42 62 12 87 10 12 42 24 44 23 98 5 72 49 64 38 58 94 44 57 3 24 44 40 19 45 9 24 40 21 40 26 73 9 72 7 18 85 78 48 85 87 46 79 2 53
5 84 86 47 24 43 52 37 5 35 42 80 92 13 86 5 70 99 83 62 84 7 67 31 1 60 39 57 18 53 9 53 85 71 53 48 63 68 16 1 10 86 10 18 84 23 24 23 56 68 18 63 88 52 69 52 29 86 78 66 58 99 38 39 90 40 96 86 14 33 71 80 15 96 38
92 57 58 72 79 1 38 50 66 63 68 87 90 61 12 37 25 6 75 79 34 17 83 60 26 25 21 8 67 99 11 52 58 46 36 79 11 97 91 59 37 12 83 36 87 68 19 86 33 45 78 58 23 69 33 12 72 27 69 34 72 57 20 52 59 6 27 49 55 59 36 83 4 80 76
92 50 79 86 38 79 61 46 23 26 74 90 56 88 27 7 65 8 59 74 5 53 55 81 17 13 95 60 12 51 95 93 32 16 19 11 67 97 20 3 85 52 96 72 53 5 17 13 44 63 78 46 25 2 10 23 29 66 99 5 65 60 94 30 54 76 11 8 65 92 31 37 22 82 33
45 20 12 68 29 24 9 58 69 22 89 38 85 24 34 53 11 82 15 33 17 2 71 27 93 9 26 74 30 79 25 81 96 50 90 61 68 41 66 28 87 73 93 49 40 24 35 23 32 43 59 61 39 81 39 8 92 59 67 92 47 39 7 17 35 69 41 35 8 86 36 74 4 82 96
43 42 93 49 87 62 51 47 58 61 9 27 80 52 11 69 69 18 8 82 13 42 41 55 10 22 64 80 81 93 22 3 40 61 93 76 68 88 50 45 99 39 19 37 71 12 74 79 73 4 42 84 96 36 46 35 47 58 88 56 78 62 66 29 75 42 16 27 70 69 8 20 2 87 31
28 26 10 16 36 37 31 59 65 44 35 25 56 6 12 16 54 74 56 22 80 31 76 80 41 96 85 75 29 81 67 90 42 75 67 69 92 75 59 61 27 49 53 96 95 76 11 32 72 48 19 31 82 19 16 29 48 29 64 3 27 50 54 63 72 16 95 15 19 99 49 82 50 35 8
78 75 5 22 53 30 12 49 16 16 82 10 23 27 58 66 97 37 87 28 71 61 6 71 10 3 43 8 96 67 44 25 50 55 90 97 8 8 18 20 54 31 94 27 47 41 86 35 45 6 33 8 93 54 62 49 32 46 17 3 95 22 14 28 37 6 41 19 14 68 40 26 4 72 35
85 45 8 87 76 70 66 63 13 9 63 97 16 42 89 78 79 71 51 55 61 70 29 16 50 77 95 21 54 3 45 18 72 49 37 61 32 67 69 80 8 38 5 54 12 91 62 67 55 24 79 26 95 25 93 87 48 27 32 33 31 72 58 9 95 63 11 76 4 28 35 74 17 6 74
96 25 52 98 90 68 15 51 1 60 83 86 51 30 18 74 78 20 9 39 96 35 38 46 63 10 5 88 41 81 13 33 10 50 76 86 55 66 81 87 43 33 24 6 67 89 89 74 83 26 27 78 41 13 67 34 83 33 17 26 20 31 93 80 21 36 54 10 67 74 43 44 69 23 13
62 45 90 89 60 45 58 4 81 21 93 11 45 57 33 20 44 3 25 4 73 61 59 30 17 75 98 36 5 13 23 39 35 89 7 26 73 36 3 16 87 40 44 76 36 78 3 29 97 37 72 48 95 8 52 15 7 6 29 92 96 99 48 87 85 62 66 90 22 9 79 16 91 73 79
32 39 45 1 42 46 98 88 17 10 68 95 84 86 34 22 71 80 10 84 43 44 42 52 57 24 25 24 90 27 80 40 66 1 1 76 85 15 12 85 86 65 60 15 51 17 9 78 85 52 77 72 42 74 21 10 21 70 4 92 6 19 71 39 33 57 1 47 14 62 97 96 49 23 25
43 88 15 49 80 14 42 92 54 39 82 80 10 25 37 45 42 58 11 70 55 30 9 12 22 11 80 29 30 36 56 51 33 12 52 21 62 95 36 2 80 98 3 36 34 94 40 45 66 39 17 28 17 17 13 4 65 79 69 21 78 58 92 19 55 27 71 1 33 88 53 40 13 42 7
10 64 75 5 64 57 20 55 11 36 57 52 6 79 64 48 47 50 91 89 17 93 45 59 43 79 21 12 32 86 15 4 47 5 67 84 31 11 56 67 5 19 57 99 23 79 85 30 50 90 83 70 79 61 60 51 72 64 44 80 93 86 52 45 6 4 57 17 56 32 78 1 16 39 37
55 15 19 8 87 79 43 90 18 58 47 44 12 57 9 5 67 67 8 30 8 52 75 58 80 47 6 59 42 28 94 73 16 75 95 86 3 40 8 55 77 13 72 91 75 9 85 80 85 4 39 83 49 46 66 97 95 49 97 36 91 26 27 10 35 6 53 21 61 75 84 98 75 19 23
89 65 20 82 98 98 21 18 92 88 3 47 46 25 28 87 32 75 30 71 59 46 29 68 57 39 42 11 60 7 42 35 54 66 30 98 88 18 61 21 36 15 81 46 61 77 57 53 17 55 86 4 62 94 19 9 29 3 28 54 57 42 41 5 40 90 84 72 1 95 22 23 43 63 13
89 47 90 78 72 27 25 14 31 37 58 89 88 91 25 98 9 96 77 21 70 15 7 4 4 50 60 71 15 88 75 80 99 67 16 26 32 57 4 24 57 91 91 43 30 6 41 52 69 55 74 72 53 40 25 21 3 21 35 60 63 31 66 28 15 26 60 55 52 85 61 42 68 31 5
60 76 79 23 8 86 98 97 91 44 4 57 33 81 34 66 89 85 51 59 45 25 79 99 14 15 50 88 38 46 12 46 15 59 86 62 29 84 90 88 39 57 34 94 67 62 99 4 28 49 1 91 9 10 10 71 79 70 49 88 3 79 16 68 66 68 42 64 63 35 74 16 98 61 55
41 89 49 3 26 44 47 53 13 54 66 8 93 83 27 80 24 63 26 54 24 12 13 1 72 13 20 62 48 4 53 3 27 33 71 4 56 84 57 13 37 74 86 32 37 14 78 65 38 75 88 47 44 24 95 27 34 66 39 7 83 48 52 74 96 19 41 71 33 42 95 24 93 69 75
24 85 98 95 79 42 87 91 51 97 11 80 86 69 96 13 67 22 45 2 41 2 38 25 63 97 38 36 34 3 62 37 44 89 75 48 49 22 34 68 74 35 70 60 69 32 57 36 72 99 2 66 42 39 65 88 94 31 46 72 91 2 15 24 94 37 45 74 4 28 34 63 84 64 42
9 55 9 36 97 55 88 70 52 17 38 14 59 15 57 15 94 24 63 72 26 24 35 14 32 56 71 9 96 47 47 69 1 12 1 59 71 54 74 86 37 89 22 32 71 93 18 43 94 90 85 45 51 95 35 66 14 57 57 15 91 13 55 85 29 70 52 23 69 2 76 22 6 39 25
20 8 49 72 22 36 92 45 90 3 27 70 9 62 60 93 49 63 45 73 58 24 97 51 4 17 59 21 76 49 17 55 71 51 83 1 13 47 98 34 20 79 90 17 17 63 18 7 59 93 61 59 77 38 77 85 89 14 10 39 91 79 21 53 71 51 44 15 78 62 88 90 63 82 64
77 31 23 67 65 57 82 40 69 19 92 57 78 3 88 83 10 59 39 16 54 88 53 15 67 94 41 55 91 51 99 56 46 97 82 84 28 41 65 67 30 2 23 75 45 92 58 95 31 10 88 26 18 82 32 12 28 55 45 33 94 55 51 12 70 81 57 30 33 95 1 49 10 94 1
93 97 93 24 86 69 56 16 87 60 68 82 27 15 61 53 20 22 50 90 19 18 21 21 64 20 13 11 45 79 36 86 24 45 14 75 82 60 90 55 24 24 75 11 66 45 11 65 22 17 28 16 92 52 95 11 63 10 3 18 48 3 50 30 54 1 4 17 73 16 90 67 79 53 96
18 17 43 79 42 92 35 39 4 14 13 92 85 83 95 67 45 23 95 58 2 81 48 99 80 25 76 27 78 72 36 48 28 63 74 34 78 44 29 43 37 98 13 68 37 26 34 49 53 46 93 49 71 47 60 15 97 27 30 35 61 15 94 75 78 39 85 98 75 56 97 31 93 90 60
43 49 98 70 61 74 33 71 95 95 28 85 27 30 66 48 69 89 90 57 36 10 21 84 44 99 41 4 53 4 33 38 21 35 58 89 92 8 3 32 80 99 95 81 97 18 8 70 22 58 22 55 19 42 52 59 57 93 82 44 60 66 40 1 35 48 73 89 52 76 57 48 88 29 44
39 32 95 30 40 51 68 88 34 80 89 14 82 8 83 86 72 83 26 31 33 85 73 8 40 50 57 36 47 96 24 80 56 79 16 55 33 17 21 48 22 33 88 95 7 64 80 66 70 50 64 18 91 20 17 91 89 50 8 81 20 25 29 43 11 52 46 14 86 26 72 49 12 53 83
42 71 34 14 93 68 56 23 3 25 5 68 94 90 70 42 26 46 83 56 75 23 36 53 86 25 20 61 15 22 68 5 34 18 87 83 40 16 14 82 79 58 38 39 13 3 32 64 87 59 58 11 53 15 5 63 5 66 84 69 30 65 9 41 86 42 67 98 81 34 5 54 33 19 72
35 23 79 12 78 40 37 80 47 60 69 34 26 68 68 88 23 95 34 12 30 67 76 92 83 13 37 92 51 52 4 21 50 16 66 52 54 46 68 7 53 23 85 42 91 31 69 7 29 21 24 82 2 79 96 17 41 93 36 62 73 16 64 48 68 39 24 96 23 24 72 66 44 99 26
67 52 51 55 81 15 18 54 82 38 48 7 63 4 20 43 73 25 30 73 54 45 98 83 17 87 24 36 92 74 14 97 41 21 92 63 2 51 64 84 59 10 69 84 3 24 76 11 2 9 35 53 96 50 75 74 82 36 9 72 17 13 21 90 54 63 48 14 55 42 68 90 78 86 2
55 73 96 62 64 56 56 93 47 50 79 93 81 24 45 43 84 96 98 13 45 14 92 34 43 75 62 5 20 32 56 25 42 41 65 82 41 63 69 72 74 89 5 80 54 24 36 29 2 51 38 57 45 62 55 74 99 36 43 8 76 16 37 90 6 30 45 13 55 84 51 57 62 52 94
6 41 48 86 29 87 90 94 69 59 1 97 68 30 61 13 83 82 88 87 50 68 98 34 47 93 76 4 22 4 69 42 16 14 49 40 85 95 92 67 65 57 40 90 26 43 88 78 69 43 33 96 59 32 69 30 50 41 88 25 44 58 28 39 13 14 5 45 15 4 6 54 40 44 53
5 61 21 91 9 76 31 15 10 81 99 21 66 15 34 62 13 1 6 48 80 70 55 75 97 3 26 82 19 73 63 59 33 42 49 39 42 54 72 2 53 5 56 12 85 49 10 54 33 23 56 40 80 21 30 18 76 53 3 44 40 93 15 36 39 60 41 98 11 31 78 83 5 31 60
7 30 86 94 81 36 76 25 93 55 75 50 99 52 21 41 2 7 38 83 78 84 87 92 10 69 12 12 78 69 86 74 37 51 14 7 67 15 69 5 64 81 25 79 93 63 50 7 23 86 13 38 91 49 18 34 43 24 8 18 24 68 42 47 79 15 71 98 53 69 54 23 72 23 19
49 32 19 43 38 63 5 89 99 51 79 65 72 70 34 7 24 67 49 46 20 41 56 21 60 67 83 78 24 71 85 33 80 35 5 50 15 47 19 99 95 37 91 9 23 81 66 22 77 83 40 2 18 84 79 9 45 40 1 59 95 37 54 92 85 58 76 95 31 96 28 28 33 21 94
73 20 49 88 61 4 59 95 85 76 41 97 55 92 32 55 20 89 44 41 18 34 82 39 54 44 69 21 95 94 75 47 70 84 15 61 10 56 52 7 18 43 2 14 41 31 70 17 69 41 63 65 23 6 28 6 34 38 69 25 98 90 51 5 47 43 75 60 6 28 19 76 36 54 91
39 76 81 6 75 25 96 14 93 63 7 92 53 25 97 61 55 73 95 41 60 87 29 80 81 1 41 82 47 26 84 60 21 97 10 42 25 56 44 42 41 22 73 9 49 48 21 52 6 51 98 75 35 3 62 92 32 1 73 14 56 8 76 48 11 74 77 36 61 41 61 26 98 22 19
50 47 50 42 10 32 21 3 48 53 27 37 27 94 82 16 85 52 32 15 65 54 83 44 60 8 94 73 2 64 69 54 18 3 87 31 2 99 32 18 2 55 29 43 75 70 8 10 53 37 68 73 64 42 15 47 22 49 16 76 50 4 77 79 45 9 86 99 87 90 10 58 64 67 22
93 2 34 3 2 27 53 24 11 59 69 12 9 11 35 12 51 88 41 84 77 86 58 68 67 80 51 45 98 94 81 75 6 94 99 14 94 13 31 46 26 62 27 38 64 64 67 37 69 16 83 80 41 1 19 19 87 54 81 69 4 56 94 72 75 49 14 14 96 99 41 55 98 55 79
18 34 16 70 62 17 27 96 19 58 52 73 6 27 64 62 40 80 24 86 66 85 79 24 92 87 73 51 41 67 26 46 44 91 24 9 56 25 85 74 11 73 55 52 46 97 84 72 48 10 52 74 40 30 13 76 11 67 93 39 63 50 95 39 47 19 83 93 2 76 74 52 14 21 82
57 16 23 8 88 42 22 84 66 38 32 76 37 4 47 91 49 34 78 57 81 88 43 87 21 16 64 87 44 72 55 69 59 75 80 62 91 54 96 75 3 34 12 30 34 23 96 87 82 51 29 76 4 7 64 99 31 58 31 10 4 82 11 8 79 41 79 73 33 55 11 27 74 48 76
16 56 39 74 45 60 77 79 96 2 49 20 21 70 59 95 47 54 8 32 57 5 26 63 16 93 85 50 32 23 93 91 66 69 61 29 60 77 18 18 66 90 14 66 17 20 87 59 75 69 58 84 40 45 73 16 72 2 83 63 38 50 86 91 2 29 2 38 31 18 1 27 80 19 22
95 94 81 32 1 11 13 97 64 51 30 83 8 35 88 84 98 39 35 67 35 44 32 83 54 55 24 99 51 45 20 88 92 73 90 69 22 81 44 90 84 94 68 32 18 43 95 58 40 40 9 81 20 42 44 17 48 21 11 71 16 41 61 58 22 65 80 28 73 82 34 48 55 77 59
66 88 58 40 31 89 66 47 93 10 70 92 56 47 18 48 48 43 12 98 16 80 87 65 37 90 96 27 15 16 10 74 66 93 91 27 67 61 88 41 48 53 42 69 72 67 36 23 75 60 91 53 23 20 5 31 53 33 14 76 69 68 93 22 4 14 15 97 20 63 62 74 28 5 12
28 47 10 92 83 51 94 60 69 95 32 36 30 22 68 35 11 1 36 85 89 84 35 28 50 88 89 73 13 27 26 37 87 81 72 48 65 47 4 84 90 29 90 26 84 75 94 52 15 29 6 35 22 70 42 52 84 27 33 74 17 43 76 28 69 56 69 62 89 93 61 15 9 76 87
84 33 78 68 65 85 21 78 25 20 85 91 96 86 17 31 30 46 76 11 99 22 71 25 5 49 20 36 75 14 12 67 1 81 15 32 86 9 96 4 51 53 95 6 67 46 6 81 91 10 25 9 95 61 98 86 79 25 45 79 41 38 1 18 9 61 76 46 27 36 80 50 72 1 53
14 67 47 86 16 89 13 93 29 4 54 45 27 5 77 83 95 84 63 54 88 96 50 1 63 68 86 41 90 27 5 31 81 13 94 92 65 80 5 53 95 85 94 69 7 86 22 1 18 38 27 34 58 49 76 53 31 7 2 57 76 9 12 13 3 49 4 43 54 1 4 45 13 53 23
74 68 45 55 56 88 72 37 24 70 81 87 54 63 58 36 2 75 56 25 34 24 99 93 98 39 78 57 95 60 98 21 98 31 75 62 96 67 82 32 54 22 14 24 19 46 17 68 14 50 40 51 80 20 17 9 33 48 46 16 71 59 74 49 78 28 69 3 56 57 78 58 10 99 26
59 7 74 95 71 57 87 71 32 75 1 69 36 7 79 22 16 92 82 20 66 47 61 84 19 3 50 5 99 76 57 75 80 21 79 34 43 65 67 19 93 29 16 29 26 49 34 79 20 19 1 83 46 50 32 99 63 55 55 42 41 53 19 98 65 80 68 46 38 52 33 72 95 88 50
75 74 12 93 56 54 7 73 64 18 82 98 86 26 51 43 72 53 97 68 89 16 72 7 53 94 33 97 83 48 99 23 93 95 14 38 46 17 96 66 1 67 61 87 84 7 28 85 44 53 44 14 80 48 46 39 50 46 48 14 4 97 42 64 38 8 68 81 9 78 79 51 25 1 2
71 92 67 61 13 65 54 44 2 92 27 39 24 27 69 3 52 66 88 33 76 2 44 71 60 85 61 93 78 90 4 18 9 97 26 78 57 65 71 26 21 51 82 40 44 55 66 68 73 38 4 72 65 93 35 10 64 7 73 23 55 74 25 80 90 77 9 20 99 47 19 90 8 61 97
74 62 72 84 99 65 59 30 86 14 66 63 71 64 24 14 93 86 67 73 31 52 55 96 21 48 9 55 59 83 39 68 3 1 20 58 30 8 51 60 2 8 83 77 61 23 2 26 24 13 64 66 35 72 63 35 97 86 19 19 61 67 26 78 49 26 61 31 18 33 52 31 43 78 67
21 39 89 74 97 19 76 62 6 96 57 18 41 13 43 21 58 37 54 99 81 22 95 15 42 97 13 13 46 66 29 23 63 12 95 98 81 97 40 88 5 37 68 33 5 97 44 89 79 3 32 8 37 68 34 42 8 62 11 66 11 40 26 22 9 44 73 34 17 56 57 47 18 10 40
43 69 6 4 82 34 33 38 8 11 99 4 24 90 33 84 57 27 55 94 49 79 39 31 63 61 47 12 66 4 5 7 43 79 9 90 32 9 18 53 1 20 63 13 22 65 76 90 91 95 54 99 68 24 45 51 22 27 45 72 75 69 95 78 62 44 70 87 68 46 56 71 32 29 72
13 19 63 93 97 60 47 75 13 26 21 55 73 30 21 81 71 85 64 2 76 51 21 29 7 89 39 48 29 9 43 88 62 14 57 82 6 56 13 94 48 15 30 47 36 27 36 77 43 44 44 7 98 37 35 73 90 66 69 12 91 33 43 90 33 87 63 60 48 11 9 63 74 45 56
57 67 25 13 80 25 86 72 16 14 35 40 69 50 75 25 13 82 64 95 40 93 78 66 3 70 96 38 3 55 3 89 74 50 20 39 44 99 91 16 21 80 52 32 89 24 1 94 95 96 5 16 73 11 34 86 21 13 70 59 90 96 4 80 92 12 11 93 28 79 98 75 4 91 58
43 97 40 90 70 21 17 30 46 77 79 91 67 65 62 68 87 39 91 26 12 85 66 87 81 40 61 14 81 22 80 44 77 16 48 91 23 24 8 40 13 78 32 84 83 87 38 1 31 54 26 62 61 40 7 9 8 87 11 23 13 22 69 95 30 78 61 27 23 63 67 92 80 21 7
49 29 27 98 27 51 9 4 42 2 60 67 56 67 33 86 16 53 15 54 46 2 12 20 91 38 15 66 5 31 19 48 49 50 54 55 47 16 31 82 60 13 86 63 32 43 66 22 60 91 40 26 18 75 9 69 21 3 84 9 17 64 3 88 27 44 9 99 2 3 76 9 88 59 88
23 12 5 59 30 89 52 98 66 90 51 47 54 96 76 1 45 25 35 5 99 59 74 20 76 76 84 45 58 13 47 69 45 15 20 60 5 65 86 50 66 54 76 5 83 79 36 3 2 49 62 28 88 44 80 27 82 48 43 43 78 66 92 15 98 25 60 86 62 30 15 11 30 86 7
45 72 75 82 47 43 52 89 59 92 26 4 44 1 76 47 62 61 67 61 45 7 52 56 72 74 48 34 95 6 83 10 55 1 38 26 72 17 81 98 8 94 34 77 45 15 75 30 2 62 36 74 62 38 66 62 4 63 26 22 98 37 8 41 29 98 10 69 65 25 22 86 39 2 65
9 53 68 86 23 13 53 91 6 99 97 87 52 72 28 66 57 96 37 73 46 26 99 55 69 55 67 46 62 75 92 48 83 54 25 38 62 35 87 91 93 15 26 41 25 38 64 75 84 61 98 46 88 46 15 27 62 18 90 95 81 1 87 49 26 34 81 99 90 36 61 7 7 85 60
10 39 33 32 67 84 73 78 3 23 73 37 65 35 59 33 13 51 37 48 83 19 39 91 97 21 76 74 16 38 64 83 18 39 22 91 38 80 78 46 73 78 71 67 71 77 62 41 69 64 22 74 82 8 13 59 65 8 64 69 56 27 70 16 15 10 36 49 67 25 25 47 64 84 67
42 33 11 31 65 39 2 68 20 6 57 20 65 38 33 78 18 59 38 90 76 54 17 59 61 31 31 12 32 40 91 72 52 83 87 35 57 55 88 12 51 91 49 37 26 79 59 63 69 2 34 64 42 27 48 34 84 13 97 95 98 44 45 2 51 93 29 34 70 45 9 76 80 28 78
27 25 28 99 93 79 8 30 28 33 61 71 82 98 84 87 74 37 43 43 55 93 31 89 85 88 59 35 75 41 9 65 64 1 30 94 55 41 30 11 35 40 70 76 8 41 10 4 32 58 66 66 53 81 80 78 30 32 19 82 33 20 43 93 3 61 10 89 47 13 43 58 43 3 25
25 55 58 24 29 51 42 29 44 36 11 4 81 61 80 54 5 86 6 25 80 34 39 81 56 98 14 58 26 26 24 60 46 47 8 34 78 33 76 69 40 74 96 99 84 2 19 93 33 83 63 70 83 99 38 97 96 34 42 19 97 93 21 32 88 28 15 94 27 13 83 19 6 1 16
64 70 23 68 45 43 16 4 15 38 42 75 37 25 92 81 46 9 50 39 48 3 13 1 5 99 51 45 6 58 4 32 20 30 5 85 26 24 60 90 46 95 84 33 18 76 64 82 59 55 77 57 83 64 42 29 4 4 60 60 68 79 60 91 63 10 6 36 1 61 62 60 27 78 25
33 1 91 10 26 83 95 30 42 48 94 63 38 82 41 23 32 47 7 87 62 24 82 59 33 75 63 97 71 25 11 57 79 85 79 87 34 21 63 76 94 50 45 29 39 57 23 32 12 36 62 61 14 21 72 11 35 63 49 83 31 71 92 36 17 15 85 74 96 11 55 93 8 24 40
29 17 68 66 7 30 18 4 82 38 20 87 60 40 40 71 14 35 98 41 69 52 26 40 31 37 5 66 92 6 77 2 37 97 58 88 84 42 65 82 64 96 25 76 23 13 26 45 6 26 34 36 75 38 37 35 55 27 42 92 10 24 5 46 30 15 78 87 21 30 96 61 24 33 19
96 98 58 9 3 1 96 57 21 71 45 15 87 30 65 1 86 88 32 54 22 79 41 51 72 58 39 85 34 77 38 86 79 54 16 51 23 27 6 54 8 12 91 59 96 42 75 27 71 88 66 33 92 74 5 66 88 99 86 80 44 63 93 55 79 17 35 12 81 5 54 7 11 92 11
12 35 62 10 65 67 5 26 50 71 90 42 11 87 27 14 5 34 69 67 30 62 64 78 38 5 92 51 71 76 33 83 34 55 69 20 14 7 70 11 42 18 46 3 61 96 42 12 56 83 56 93 45 96 3 15 89 49 8 68 20 1 94 86 35 78 10 54 83 96 19 56 48 76 74
54 36 32 5 25 42 21 62 61 80 78 27 12 59 57 46 16 81 31 92 74 10 10 84 63 15 29 82 93 99 22 95 30 63 16 30 29 59 12 54 57 42 21 89 78 63 48 52 3 33 5 30 32 84 65 86 91 87 82 90 69 57 70 44 73 94 48 99 68 39 65 81 20 90 92
92 84 61 12 56 18 64 63 41 17 58 69 64 58 12 73 66 70 45 24 93 12 42 63 99 48 36 69 97 36 2 77 96 11 68 47 79 43 23 35 68 21 62 63 73 61 34 71 19 32 54 59 21 73 2 44 40 88 81 88 95 19 60 41 36 75 73 46 69 82 22 69 10 79 31
75 8 83 21 37 63 78 65 20 44 1 80 98 96 67 57 74 54 66 46 79 80 70 42 83 44 70 29 52 98 90 4 25 49 36 38 78 10 93 17 90 65 66 6 57 91 64 21 1 18 51 42 18 62 82 55 85 55 34 59 96 84 50 35 48 82 13 98 67 38 82 56 72 60 34
7 51 41 74 13 98 81 98 80 15 53 93 9 64 43 7 82 44 62 18 17 99 16 44 44 59 80 9 57 84 8 2 2 26 65 91 26 34 74 32 17 79 51 77 22 37 36 22 84 84 84 94 41 91 10 88 55 15 18 78 8 64 91 16 52 30 86 61 18 4 64 50 20 90 76
38 17 88 6 4 30 13 78 33 38 76 3 27 1 7 68 26 70 25 64 43 86 13 57 30 29 55 55 21 15 68 85 89 6 32 58 33 89 30 36 61 21 81 6 26 18 55 43 99 19 18 38 45 86 27 55 27 43 23 65 66 57 9 6 34 47 47 7 99 22 34 27 88 39 13
75 2 65 78 49 66 23 87 43 56 51 78 60 56 66 58 64 71 72 35 88 7 11 56 26 63 1 95 84 22 53 64 88 28 58 28 85 46 1 76 61 46 15 56 54 2 31 77 4 77 23 45 63 74 55 35 39 2 45 93 12 56 56 54 48 43 39 85 68 89 17 6 25 79 8
32 66 8 8 89 70 67 71 77 99 62 62 88 69 9 51 32 95 68 8 80 11 9 11 62 2 58 66 3 37 14 38 85 48 74 15 32 57 60 35 46 97 50 74 70 15 28 12 10 8 8 56 65 12 58 41 69 97 88 76 14 53 68 22 52 9 92 95 7 65 43 10 56 45 7
41 63 3 6 45 3 9 4 32 45 61 52 96 13 95 42 56 90 18 63 11 90 25 58 5 67 2 26 14 6 85 92 11 62 31 30 13 73 18 51 31 57 22 70 18 8 76 23 81 96 19 85 57 85 3 55 18 55 85 70 67 49 67 69 17 73 23 72 67 55 49 9 55 80 80
22 77 79 16 56 22 76 42 37 2 54 33 82 23 92 17 26 37 34 38 33 33 13 39 32 48 59 89 94 12 92 53 39 1 95 14 4 34 67 83 97 11 44 84 62 35 93 37 51 80 22 64 16 30 87 86 31 90 13 50 47 54 8 77 13 67 61 56 70 17 20 56 28 67 5
18 98 94 28 54 72 49 94 23 36 46 74 9 39 96 32 90 59 59 33 66 40 94 48 37 87 68 16 23 53 9 77 98 12 14 16 29 3 91 49 99 41 68 92 74 44 42 1 9 85 93 1 18 95 18 74 30 80 66 35 41 40 45 19 72 8 31 35 16 21 77 82 99 28 26
64 46 2 89 6 81 81 64 48 60 71 68 33 47 70 73 14 80 56 16 98 17 59 66 52 24 75 48 26 35 82 48 58 82 37 24 8 72 58 65 56 70 49 55 34 51 59 29 54 45 1 96 43 16 93 10 89 27 52 38 36 82 19 18 52 15 41 10 69 96 63 23 98 37 40
40 20 86 53 72 72 31 26 16 21 85 36 23 86 97 75 33 55 67 9 92 45 68 86 50 10 22 37 61 63 91 98 45 38 72 73 9 12 61 22 82 88 33 72 87 11 27 45 50 60 60 93 95 97 61 16 13 83 13 14 5 71 7 74 51 73 38 27 69 32 61 81 12 87 93
81 98 24 75 36 83 10 78 67 68 61 54 26 7 87 92 17 8 49 21 77 84 20 12 61 18 92 53 51 23 5 18 94 85 43 15 78 75 53 37 35 58 48 54 71 74 79 16 28 32 16 27 32 86 14 60 87 48 65 92 60 18 75 77 22 20 1 58 60 32 56 37 38 50 37
75 76 14 14 32 93 30 53 70 18 71 92 17 88 97 67 7 57 45 54 51 84 53 71 17 77 42 85 6 42 73 68 29 87 46 43 65 43 15 74 91 40 54 12 81 53 23 33 1 17 66 30 18 68 94 69 98 94 52 19 52 32 37 27 33 83 80 99 85 65 62 70 75 94 45
48 94 27 44 8 94 95 35 92 79 80 74 5 57 58 81 80 18 2 92 13 31 47 16 10 31 73 94 45 80 67 26 14 45 60 3 56 5 28 23 39 47 36 7 4 3 3 59 61 45 8 95 1 76 22 8 49 16 58 15 86 17 98 89 60 64 4 72 96 72 18 54 41 76 14
92 10 11 6 73 29 2 7 83 68 39 53 34 9 97 84 87 21 84 71 31 50 11 3 43 34 16 62 26 77 90 41 15 18 30 76 30 10 83 41 48 66 35 89 98 80 67 20 5 14 5 68 66 80 46 37 83 26 63 38 78 67 66 43 38 67 54 86 17 18 16 40 74 59 39
36 67 45 64 33 46 86 79 46 67 32 19 73 39 36 11 38 92 62 59 38 68 4 36 49 36 61 47 26 42 10 35 56 80 33 43 39 46 75 81 7 83 95 35 91 17 80 29 28 24 51 31 73 1 22 33 3 82 58 49 63 39 63 10 77 5 91 71 36 52 60 56 78 4 45
15 66 40 26 91 91 69 35 71 37 22 95 30 31 85 56 73 52 39 24 16 25 11 45 32 53 66 92 78 13 21 8 4 49 14 73 5 42 91 58 59 43 44 91 69 62 42 22 94 18 27 81 8 48 88 70 14 59 87 39 65 82 56 88 85 20 11 36 20 54 16 81 60 89 42
31 58 93 84 73 81 60 86 26 56 51 74 20 4 82 96 18 14 22 72 41 41 80 63 26 53 99 64 18 89 2 80 42 97 95 66 24 35 26 38 12 58 33 72 55 89 22 81 41 37 24 38 16 30 13 86 67 7 9 29 47 77 27 83 72 48 4 82 50 22 60 10 28 66 67
77 33 31 65 71 61 37 30 57 23 66 13 93 71 27 57 32 62 6 34 51 18 55 18 73 48 74 49 88 49 74 69 39 19 59 42 48 5 40 13 73 96 85 73 58 2 32 73 24 74 58 19 12 81 33 2 36 77 68 49 64 29 37 13 67 10 93 83 89 1 68 47 72 73 18
49 25 16 47 2 32 69 30 33 42 76 65 85 74 56 17 92 62 60 57 36 93 58 58 94 89 20 10 26 32 51 55 11 82 11 72 71 96 64 81 69 93 13 58 18 64 99 40 68 29 84 44 41 53 62 45 31 65 94 38 98 1 25 7 66 39 54 95 56 48 28 93 64 44 15
13 11 12 62 90 44 76 80 13 20 79 71 28 15 2 25 91 94 5 48 36 58 32 84 79 75 49 25 76 44 33 97 22 34 48 20 84 68 16 33 10 94 69 40 56 63 57 4 35 13 74 99 18 39 97 40 73 35 47 85 39 47 71 39 64 44 5 59 30 77 68 85 77 45 77
36 97 8 45 63 87 26 25 19 69 52 18 57 40 47 72 23 91 44 17 22 50 4 77 20 76 71 28 13 89 83 24 18 48 14 98 21 40 50 65 25 49 61 87 27 45 16 18 6 18 10 86 38 77 79 85 97 2 28 91 75 68 57 37 90 51 37 99 80 32 65 21 77 73 76
17 28 90 63 72 15 60 92 95 51 83 61 80 66 50 66 84 24 35 62 97 48 72 72 29 80 8 10 21 57 70 12 56 85 75 44 16 68 41 44 82 54 88 86 65 63 67 66 25 6 93 69 99 25 68 5 32 68 80 38 99 91 9 34 91 52 97 35 29 29 66 22 82 16 4
95 13 73 97 8 39 4 2 85 3 47 81 41 39 22 18 57 73 8 76 40 40 33 83 98 50 85 45 43 72 18 66 3 83 49 65 31 98 51 32 84 57 8 43 84 87 79 35 73 72 12 63 31 36 35 87 96 34 52 85 41 87 51 87 94 52 62 27 85 35 48 71 98 10 40
76 25 73 35 26 93 77 97 43 25 77 16 65 73 19 46 75 73 19 48 18 12 81 41 1 43 17 91 62 45 90 23 75 77 96 69 7 47 69 45 80 2 67 47 81 85 14 42 80 9 30 89 78 49 36 52 22 23 9 34 3 96 73 29 4 41 33 15 87 76 57 47 99 98 78
71 97 26 94 28 36 15 21 52 68 33 16 2 82 88 53 17 83 61 54 61 7 84 75 67 48 47 22 29 62 47 35 78 47 43 60 47 34 33 96 48 77 75 4 52 92 73 69 81 84 91 87 79 55 33 26 54 7 67 23 81 84 44 10 93 69 76 50 89 19 82 51 96 28 93
25 74 3 43 24 67 88 78 35 10 31 79 97 90 68 83 2 31 2 72 35 52 26 86 4 11 21 67 92 32 41 79 95 91 14 38 97 4 33 8 97 14 86 12 60 45 54 60 56 5 80 19 1 98 61 14 77 65 56 5 76 92 48 42 82 58 14 36 46 99 42 3 54 64 5
36 34 96 84 94 29 27 51 89 72 20 97 71 81 61 26 41 82 92 1 52 89 25 67 62 71 42 45 23 81 74 73 51 43 87 65 56 41 43 44 28 48 99 71 81 47 58 92 24 9 97 88 94 71 26 6 97 8 51 93 39 52 75 74 6 66 54 9 69 16 87 42 10 10 31
96 8 99 63 61 10 15 17 43 4 18 8 39 75 7 89 91 8 12 18 78 64 54 92 21 69 67 34 3 72 84 38 89 13 69 39 93 64 86 54 47 76 55 19 5 51 12 20 45 11 43 85 8 60 48 39 14 65 55 67 58 87 49 12 25 26 54 87 16 42 19 79 16 29 44
84 35 26 57 15 17 83 17 36 27 12 81 57 49 29 99 87 4 68 13 79 28 94 46 61 17 88 5 60 33 69 86 8 9 64 34 51 20 86 75 44 33 81 87 3 86 89 91 13 69 66 74 96 17 3 71 83 19 59 11 70 76 81 19 91 60 81 49 5 96 36 29 1 77 97
74 56 97 58 11 53 33 11 32 30 81 40 45 40 43 99 29 10 31 79 28 45 75 73 65 53 25 22 86 21 51 30 14 99 10 15 79 75 6 70 44 22 33 31 18 30 82 96 3 73 82 90 38 81 8 36 8 12 63 33 68 88 3 86 59 49 80 2 28 45 33 88 82 82 38
66 20 49 86 14 77 67 14 18 51 26 2 26 20 58 28 76 81 85 4 49 79 24 76 32 54 23 53 66 39 3 93 53 97 94 5 64 67 84 7 52 63 75 79 90 95 39 37 50 20 51 5 50 41 86 52 8 28 49 78 3 25 78 43 1 37 44 36 4 67 32 22 82 89 21
18 85 12 50 5 80 16 97 81 88 70 47 37 71 16 66 86 54 74 24 34 26 76 83 73 94 38 69 26 59 53 73 89 95 5 97 17 3 2 82 91 57 50 48 55 19 51 91 56 26 44 11 85 49 93 49 79 28 88 96 46 33 8 88 18 72 35 62 45 61 57 67 10 75 60
54 98 3 67 69 46 10 69 17 5 99 73 86 55 79 56 93 68 77 89 69 17 21 82 85 29 99 34 69 17 16 35 31 43 6 59 73 24 45 92 9 77 92 31 90 56 7 48 12 70 7 30 12 84 58 10 10 64 31 8 77 3 14 14 12 44 79 41 84 3 94 68 49 5 44
50 49 37 92 36 96 52 28 7 10 65 43 17 12 17 77 25 79 7 28 3 33 64 76 19 34 57 86 20 58 86 76 91 74 31 16 41 9 58 81 4 82 94 21 87 71 67 56 79 58 29 47 68 13 68 35 17 38 31 54 68 25 60 69 54 75 87 27 29 83 81 42 70 98 23
98 22 34 28 96 71 62 75 96 89 77 91 73 36 53 79 38 31 64 70 3 27 88 26 80 22 55 12 50 53 83 23 2 88 22 65 91 17 45 24 37 22 13 97 92 77 45 69 2 18 48 95 51 85 9 25 26 82 6 56 97 91 77 89 83 8 88 41 70 27 51 74 85 77 77
78 23 59 46 66 35 92 71 95 28 76 79 40 13 45 36 22 17 24 58 88 51 79 18 65 18 51 41 29 79 59 25 48 7 70 4 82 19 97 71 12 19 15 19 93 35 22 58 31 39 23 91 86 99 66 51 51 48 44 19 17 67 13 69 24 74 66 66 99 20 9 71 57 12 98
49 35 91 35 84 63 11 20 30 49 99 26 29 1 11 62 5 9 36 68 12 28 36 85 21 63 51 81 54 75 51 81 2 46 86 52 27 83 64 81 29 92 87 82 89 32 82 99 96 6 9 88 68 4 52 29 87 46 55 78 86 9 59 10 6 15 65 16 87 49 43 99 17 52 75
72 44 13 48 74 67 44 42 98 12 75 6 67 52 30 27 89 62 49 53 79 76 31 25 19 82 63 50 75 42 36 8 67 76 75 2 72 45 6 60 55 70 71 60 81 13 81 53 72 33 72 51 79 58 44 8 55 13 14 11 79 32 6 72 11 86 91 21 99 77 54 61 23 12 88
48 50 72 7 74 47 68 70 2 8 44 15 34 24 51 28 37 32 63 83 23 35 39 61 51 87 85 33 95 50 49 30 80 57 45 32 60 81 18 21 41 96 91 98 4 94 29 80 74 2 88 27 89 7 41 36 55 75 51 58 25 10 43 45 54 18 58 62 9 96 33 46 58 97 70
42 63 31 43 1 99 30 81 12 5 56 29 56 62 40 56 40 74 57 64 77 5 39 11 39 45 79 78 73 93 64 2 1 24 25 51 67 28 36 81 87 88 52 40 85 21 82 33 26 84 62 41 42 61 88 5 74 37 72 88 11 35 77 78 54 61 18 44 49 83 32 33 20 36 95
45 15 70 22 7 40 44 95 96 83 68 12 15 32 57 17 67 22 42 3 72 83 93 92 7 55 29 34 41 53 59 65 60 33 16 40 76 79 33 43 35 79 75 26 29 93 43 20 32 32 44 99 15 83 35 73 92 70 96 67 92 54 65 28 53 63 66 81 72 49 17 12 74 29 62
14 24 79 59 14 13 14 6 27 8 95 25 70 31 60 3 96 38 91 25 86 75 14 2 98 67 1 33 95 62 91 20 58 62 73 18 22 86 1 87 9 32 68 59 62 30 3 28 78 40 36 84 73 13 19 76 98 1 93 62 77 45 90 32 44 6 92 11 63 21 79 1 93 45 29
50 50 91 56 62 14 8 37 59 98 77 6 52 44 92 33 34 11 13 4 62 27 71 11 24 17 86 23 47 94 36 7 75 81 96 50 33 10 90 73 57 25 45 56 37 12 52 17 85 77 25 43 80 24 8 78 21 32 44 79 75 95 95 20 54 39 12 84 84 86 39 23 58 1 36
70 22 67 3 17 58 79 45 51 29 47 13 68 7 51 73 76 38 33 26 35 10 58 83 47 23 14 31 21 48 69 13 96 31 64 32 42 99 20 21 66 93 32 17 12 45 11 35 28 18 20 49 30 43 96 88 36 75 70 80 79 79 91 68 40 43 71 4 8 43 35 77 83 1 65
77 47 13 53 48 79 59 72 2 55 31 12 59 37 25 5 14 90 3 61 94 93 42 79 56 66 80 54 35 3 57 99 91 13 29 56 3 12 2 75 59 78 2 41 28 54 27 80 55 68 53 98 43 18 14 63 46 33 97 32 18 41 43 62 58 4 3 20 66 47 57 98 29 13 76
48 29 55 70 65 90 79 87 59 12 20 73 10 48 19 28 67 60 40 87 18 70 66 58 55 71 42 7 86 23 29 77 26 3 14 25 53 75 94 43 44 43 92 37 39 33 48 31 89 70 16 69 39 86 77 79 87 85 29 99 70 4 47 99 13 81 3 10 23 55 4 98 25 5 41
62 71 79 4 37 44 32 92 10 81 42 62 59 10 6 52 22 77 30 88 79 51 6 83 55 90 29 62 95 61 43 24 49 30 43 6 44 72 47 87 94 62 69 87 84 17 56 71 7 37 20 37 91 94 36 5 13 44 93 55 82 86 3 65 51 49 14 83 14 20 26 98 60 39 86
58 32 51 28 68 89 75 37 25 35 3 37 37 90 33 71 26 85 62 8 21 36 4 84 38 56 12 13 32 68 35 17 78 7 90 25 89 32 12 24 44 10 15 22 96 16 5 44 73 48 64 26 19 83 25 7 13 65 10 91 62 87 47 45 92 31 72 20 90 14 41 79 56 3 39
6 6 50 32 12 81 21 73 53 3 9 13 7 3 83 36 14 45 89 9 99 59 39 87 15 78 58 64 59 68 21 22 4 3 41 63 88 91 21 81 89 58 76 85 33 96 24 30 22 59 41 51 11 60 52 92 53 63 82 89 48 41 36 62 24 33 80 66 91 19 27 41 74 19 90
8 90 20 94 7 54 17 83 52 78 61 6 90 70 53 32 13 12 92 76 59 88 11 83 84 57 65 96 36 36 48 40 36 88 29 19 98 56 66 80 35 65 55 33 43 90 80 91 1 5 83 68 61 72 10 58 81 69 82 44 55 29 1 98 32 14 93 25 62 81 17 15 56 86 59
40 48 17 43 43 76 34 1 80 38 4 41 70 46 96 15 67 25 57 24 76 52 45 42 45 51 18 66 47 91 31 38 83 21 2 45 47 61 17 28 68 76 91 5 79 90 63 72 34 52 69 84 43 66 70 16 85 79 97 36 28 73 81 91 93 20 71 90 45 46 65 93 11 51 49
33 98 34 36 96 61 22 33 75 45 33 74 60 25 4 36 43 11 15 97 35 55 70 60 90 43 35 68 41 22 57 81 10 64 36 96 9 18 8 96 15 38 24 43 30 2 55 33 85 43 50 48 68 12 50 80 99 58 69 67 43 56 52 94 23 48 60 98 21 92 38 10 46 39 20
66 43 89 46 71 49 58 7 46 86 1 1 13 6 82 85 99 43 65 15 33 93 75 83 38 80 64 7 52 34 31 51 39 51 80 80 14 55 83 10 41 47 75 3 52 12 22 81 65 32 68 5 60 58 20 70 15 79 48 60 43 8 11 21 98 82 89 43 8 39 33 29 84 52 68
19 53 71 72 52 41 44 70 51 59 60 15 36 60 29 74 32 65 51 88 83 50 65 61 33 50 35 5 9 27 51 92 60 90 38 39 46 40 94 99 23 10 36 21 9 17 55 8 55 23 96 74 35 14 18 91 31 89 20 7 1 73 25 56 91 69 10 88 67 57 74 44 4 49 85
80 61 92 25 72 99 61 74 7 1 69 65 1 14 35 80 56 70 83 80 23 98 75 85 65 51 22 16 24 36 63 41 18 17 71 12 66 97 94 71 82 23 82 67 76 69 14 80 68 36 5 34 67 44 51 3 14 99 6 95 12 34 95 93 82 67 48 71 23 48 39 95 76 36 39
30 51 74 56 41 55 67 68 86 26 93 63 53 63 94 80 84 57 49 51 41 37 87 7 54 15 39 1 97 91 61 18 6 6 74 5 71 55 77 19 11 5 9 27 16 87 41 3 74 38 53 96 83 89 62 33 58 7 26 43 26 94 16 14 77 50 61 56 82 69 67 13 12 12 90
84 19 39 51 13 49 80 79 50 7 92 72 72 72 73 42 93 64 32 54 47 58 26 48 22 46 66 12 28 21 21 54 72 94 93 74 39 97 38 72 97 79 82 46 86 54 32 12 84 70 84 72 34 35 12 81 58 83 38 19 57 23 37 71 46 37 3 32 61 9 73 67 77 57 6
39 12 75 99 57 95 31 51 93 42 83 81 18 6 45 60 85 81 92 67 52 74 72 45 85 29 77 50 65 9 97 7 5 15 69 70 70 94 49 68 37 78 45 94 22 89 86 41 7 26 97 96 9 40 77 39 87 12 46 7 22 73 88 24 20 78 64 2 55 70 89 9 34 27 93
10 56 87 18 26 93 60 62 58 32 90 86 47 44 15 70 36 7 16 89 1 73 69 64 40 14 56 61 26 55 8 73 93 31 93 19 46 66 72 84 78 80 27 47 29 40 65 71 86 9 35 79 32 74 44 1 74 58 25 42 16 85 2 7 12 20 25 67 66 67 94 79 62 14 1
4 75 58 26 10 85 90 96 72 75 74 95 58 14 61 90 81 69 41 92 99 26 88 37 10 95 15 37 74 18 45 21 62 67 3 82 75 72 25 55 45 64 92 90 42 91 10 66 93 7 57 7 88 25 42 30 59 46 26 88 18 97 56 59 80 26 15 75 78 85 94 55 85 42 30
39 40 54 77 31 19 51 45 17 42 30 57 98 72 31 94 47 93 79 53 25 22 18 4 83 44 31 29 86 1 74 55 86 32 4 51 90 40 88 48 55 66 77 31 17 62 5 65 85 27 43 87 53 67 9 46 21 98 86 89 1 5 31 28 71 64 18 55 1 81 37 64 93 93 30
22 96 99 27 62 74 75 56 67 88 94 6 10 45 80 46 34 91 22 48 61 8 99 25 76 76 58 18 47 63 81 91 18 4 85 8 25 73 87 85 80 47 36 90 23 26 40 30 4 32 48 36 60 48 99 51 98 87 25 1 33 40 56 21 24 1 28 29 31 82 70 50 22 56 10
35 19 94 82 41 95 46 79 87 97 88 46 34 51 55 34 16 80 87 82 39 91 13 40 51 5 66 66 83 98 75 4 92 24 86 88 91 48 93 65 96 99 91 40 83 65 6 31 34 35 18 65 50 40 98 55 96 18 55 83 44 51 18 46 74 16 1 42 2 77 83 53 35 67 57
99 75 86 72 79 38 8 22 44 62 40 85 2 39 91 71 64 22 42 29 3 89 29 86 70 99 16 9 1 43 97 50 8 42 78 64 15 35 1 20 96 7 17 53 22 62 12 18 52 60 97 17 55 97 18 90 61 92 66 87 4 74 57 86 99 83 54 33 40 4 8 64 22 71 85
78 87 62 26 81 7 19 74 31 31 70 69 41 51 96 42 13 89 42 73 81 23 92 66 45 83 65 75 8 48 95 73 63 33 2 92 42 87 86 49 29 88 42 95 14 33 96 71 31 42 30 27 77 96 90 91 81 93 14 31 93 47 2 10 75 13 20 40 14 89 58 44 19 52 1
78 76 75 74 44 62 73 22 23 79 70 99 93 77 7 18 46 55 55 88 91 64 69 26 29 83 60 96 87 11 56 41 19 42 76 4 75 22 53 63 62 38 57 72 35 52 16 71 98 10 79 11 8 25 26 54 98 78 48 62 94 28 11 56 33 95 58 39 94 93 73 7 48 38 42
74 29 93 9 20 12 12 59 50 9 21 61 28 59 25 90 29 52 38 49 44 83 63 12 28 53 32 65 55 9 52 31 94 64 3 66 74 64 88 30 33 26 22 4 63 72 24 7 83 7 43 37 96 93 74 81 75 42 16 17 90 70 29 5 55 43 11 84 88 77 38 20 1 34 52
21 25 43 92 60 77 52 79 39 13 84 34 35 34 7 22 73 64 6 76 89 54 7 48 76 71 1 48 83 92 68 69 34 82 59 16 52 19 11 10 74 14 30 18 69 50 8 50 99 3 90 74 16 66 39 40 6 87 92 40 59 18 79 71 81 67 5 42 60 55 17 52 38 52 92
88 78 14 23 28 22 63 1 3 7 27 75 33 9 18 77 70 44 31 53 5 78 60 59 87 70 44 97 40 79 34 20 37 10 24 26 70 98 91 63 64 24 23 36 14 49 78 54 96 52 18 4 2 23 16 40 36 45 69 30 13 31 9 78 12 83 32 30 91 65 81 81 31 86 38
82 23 9 78 81 84 82 87 60 48 77 17 33 7 83 65 15 27 34 12 31 40 95 27 41 90 50 16 58 23 16 66 77 54 26 68 19 23 54 52 67 45 48 2 28 29 26 40 95 3 8 49 78 74 95 20 64 8 10 58 78 97 1 79 85 88 63 56 73 46 19 85 37 93 54
45 7 40 30 50 60 28 85 71 5 81 50 15 44 1 6 23 84 66 23 66 52 91 45 86 34 16 72 82 16 39 34 16 60 38 91 81 32 98 90 73 16 53 60 80 19 51 4 35 97 55 19 4 90 17 77 81 12 62 4 30 19 7 18 27 75 28 25 79 50 49 22 56 61 24
54 88 57 95 20 35 58 38 77 27 16 31 80 83 82 40 50 96 54 22 92 16 74 25 86 57 21 17 26 10 64 85 15 74 84 83 70 79 90 50 89 37 34 47 88 72 31 57 97 62 80 60 62 67 60 76 43 41 83 11 80 95 42 1 64 10 52 2 34 11 18 1 2 47 6
10 93 19 34 93 96 32 24 97 51 43 84 29 4 81 69 77 47 72 22 59 8 35 95 94 79 22 3 78 96 83 44 94 48 72 88 93 90 23 7 96 14 96 75 44 97 25 49 33 45 59 97 45 45 68 24 4 7 78 66 31 96 68 48 35 5 47 63 32 43 77 19 40 53 71
13 86 84 32 20 61 91 52 43 3 86 14 75 95 59 34 95 32 60 59 45 11 4 94 2 58 20 2 95 35 38 14 10 3 43 75 44 8 86 31 51 2 3 46 79 30 85 7 98 41 61 19 64 10 46 35 38 19 35 77 57 23 48 34 87 84 44 26 87 45 46 72 96 46 14
58 91 7 64 56 19 95 35 21 83 68 5 5 18 76 64 52 64 71 66 8 39 30 9 71 49 86 49 9 53 85 2 14 1 67 29 19 28 67 12 25 8 49 20 60 47 73 54 15 42 67 34 41 59 58 34 13 59 84 71 12 26 32 36 8 90 83 29 3 13 28 58 8 86 72
99 48 33 46 14 79 12 10 18 98 90 61 67 35 73 46 58 87 10 64 93 89 8 16 88 61 86 88 81 18 62 1 98 2 33 65 91 10 44 11 95 53 98 17 43 89 86 11 4 32 32 52 74 34 87 80 97 72 89 6 59 50 79 80 15 49 28 63 90 99 87 98 39 18 35
57 82 30 20 47 34 24 6 55 74 97 68 99 43 72 50 9 17 30 78 91 25 23 62 22 60 3 69 34 56 71 82 59 17 73 98 70 56 67 69 13 42 40 98 6 30 43 60 20 12 15 94 46 76 16 18 2 50 4 10 44 79 38 45 77 4 17 75 79 32 47 13 10 34 32
32 56 65 89 37 34 7 7 3 47 91 20 55 3 3 66 63 66 83 43 67 51 60 98 70 8 18 59 21 9 26 51 5 4 71 50 57 11 45 26 72 55 60 69 40 7 76 51 99 79 43 24 61 17 90 73 5 92 36 27 87 74 23 24 83 33 52 5 20 52 74 13 2 8 57
47 33 31 48 69 9 81 16 46 98 95 66 47 70 53 2 87 46 85 43 13 89 80 55 74 76 12 16 28 93 74 47 94 39 69 99 11 54 21 17 43 31 52 25 17 36 14 31 56 45 5 10 49 45 69 89 28 21 71 64 70 15 32 73 47 17 28 55 84 41 22 83 84 61 73
20 52 38 59 79 17 47 20 40 63 46 78 50 47 13 45 36 35 95 31 26 76 88 60 4 77 5 8 10 30 68 34 41 77 65 47 28 66 99 99 67 96 97 4 74 17 79 13 65 60 11 90 2 83 22 71 42 32 98 48 60 67 28 32 43 16 5 1 41 20 95 8 2 5 47
62 61 68 69 9 57 98 23 76 94 73 5 45 43 79 54 41 67 86 45 70 35 32 35 97 23 33 61 2 27 50 45 36 25 21 63 92 63 61 23 62 32 61 62 28 96 41 21 96 19 55 8 59 47 11 73 99 4 10 10 81 74 88 53 10 26 8 83 65 91 38 66 60 95 98
17 34 99 52 25 69 62 8 55 70 63 39 34 21 37 39 63 32 75 91 90 86 76 31 64 32 83 87 78 29 79 98 71 21 14 40 58 76 27 79 75 31 55 27 65 94 81 29 18 60 52 44 53 5 59 89 82 79 66 68 32 24 25 4 3 19 10 48 66 47 68 3 75 44 11
98 85 72 71 49 36 33 21 77 39 80 69 63 80 64 86 42 69 22 43 37 22 22 41 15 93 42 46 12 76 62 77 74 60 29 75 1 83 76 66 56 16 67 55 69 33 14 94 43 34 27 10 31 94 79 90 75 25 11 5 91 78 47 74 95 23 3 64 25 68 79 47 32 82 88
86 7 25 52 1 54 69 35 62 7 54 68 95 59 82 49 4 39 77 39 2 43 65 74 63 77 84 75 75 60 65 99 95 57 21 76 91 92 46 39 34 10 25 14 54 18 24 92 66 82 52 13 9 95 20 69 33 66 33 6 63 72 19 88 18 52 3 28 77 95 18 78 89 13 27
56 48 50 43 6 30 5 22 15 20 94 16 27 85 7 73 65 36 29 21 99 33 33 23 22 72 45 17 37 93 65 27 19 36 36 42 30 17 28 40 16 55 42 10 17 12 28 23 76 18 3 35 37 79 52 67 25 60 70 24 80 85 46 73 13 49 22 61 31 23 3 55 19 19 71
74 68 69 36 3 48 69 29 93 46 52 77 33 78 44 83 16 59 5 17 75 35 55 32 64 27 69 16 2 53 5 4 86 68 37 15 69 87 52 16 87 85 11 11 17 37 28 10 48 71 72 70 29 35 29 67 21 27 92 25 75 28 19 43 31 85 82 36 79 63 20 42 41 62 50
90 12 55 93 13 57 91 51 7 41 94 56 22 41 19 41 58 20 58 12 31 35 42 32 97 57 92 77 48 57 44 31 34 25 50 77 99 89 40 87 54 30 38 50 22 98 25 65 76 8 55 5 67 44 63 99 47 13 6 22 96 48 17 96 9 68 44 12 38 1 56 13 4 81 41
26 56 97 68 17 77 11 64 33 83 58 75 45 48 36 95 18 82 93 65 24 51 76 96 70 31 36 19 28 7 93 4 66 19 64 43 10 2 13 25 96 84 28 69 86 29 23 46 20 35 99 47 65 95 23 50 55 50 84 61 13 16 79 74 22 46 65 29 32 21 6 97 51 42 52
22 50 75 50 27 90 15 76 55 45 50 31 63 72 71 85 61 21 68 77 71 42 7 60 52 54 78 93 25 44 41 98 92 8 93 92 94 38 53 31 36 8 13 3 44 84 98 2 31 17 32 22 33 63 55 23 84 63 43 67 33 74 27 3 61 96 62 10 5 11 32 11 62 4 57
59 99 38 6 52 84 58 76 65 80 86 17 54 85 19 38 91 4 68 39 76 71 22 41 56 65 96 77 24 62 51 27 54 21 89 42 67 90 75 17 13 8 82 69 13 93 27 15 31 1 8 12 18 72 84 80 57 63 80 74 69 67 78 69 91 3 74 5 28 49 84 98 41 4 17
41 93 68 87 65 80 71 51 60 13 82 32 84 42 71 71 2 35 21 86 88 54 34 64 56 71 18 30 85 63 43 3 3 60 35 32 84 80 2 27 37 4 46 13 3 75 92 18 1 24 40 43 44 24 63 64 85 98 76 16 86 1 73 21 88 85 34 8 68 83 9 14 43 87 38
90 73 38 86 31 62 15 80 19 88 30 90 49 42 89 26 88 2 97 28 81 92 38 15 9 5 10 70 36 98 27 10 55 83 14 18 32 46 6 10 74 94 69 9 54 73 69 24 26 20 38 88 77 4 24 63 17 88 11 35 40 65 79 70 74 57 96 41 21 10 7 42 96 84 56
13 13 21 91 74 77 78 6 76 49 9 61 95 73 18 59 3 63 58 18 33 6 19 74 49 51 2 53 15 94 66 42 86 99 29 10 18 35 61 76 4 16 66 8 30 73 84 2 17 25 99 11 32 26 87 31 37 70 52 22 89 37 73 17 13 58 31 53 19 94 70 77 34 2 30
34 33 44 39 43 86 18 13 15 69 56 89 99 89 6 84 48 76 89 85 95 62 94 81 54 78 41 98 54 54 59 21 61 97 86 65 47 64 33 17 66 86 34 45 23 75 67 58 65 36 15 49 33 98 11 8 28 36 62 37 34 19 74 80 44 68 36 80 89 92 30 54 44 26 18
3 32 43 18 87 73 60 30 49 14 40 98 8 39 30 98 80 95 9 6 19 47 33 16 51 36 50 1 49 24 13 33 52 67 49 70 61 66 67 2 37 90 43 89 93 24 93 14 73 18 72 86 60 40 33 57 74 48 10 67 24 80 34 83 40 50 47 88 14 59 81 32 67 54 93
30 59 88 90 79 22 35 72 8 21 36 58 8 28 30 70 21 88 11 74 35 43 93 85 22 43 32 1 73 92 25 15 47 55 2 19 1 81 75 79 17 52 64 61 13 74 46 33 40 30 90 4 56 19 16 5 8 11 41 83 27 76 48 33 87 56 38 12 30 76 37 93 8 35 41
97 51 91 86 24 67 7 47 34 36 53 92 40 58 64 7 42 72 69 89 55 9 1 24 45 90 63 3 52 83 35 48 74 94 43 87 91 76 4 42 87 44 12 64 44 1 46 82 41 4 62 87 89 9 33 38 26 19 23 28 34 72 24 2 77 78 41 54 38 57 15 63 42 18 54
75 40 37 43 78 66 75 1 62 87 15 21 76 63 72 95 75 5 56 84 13 43 17 51 45 34 33 82 82 86 96 16 93 52 9 27 64 35 27 47 75 69 20 82 75 18 9 26 32 67 37 82 36 82 80 41 10 86 49 61 51 89 69 23 20 70 32 97 3 3 74 25 97 91 78
47 82 18 48 29 14 31 57 91 58 76 69 99 98 4 16 72 60 44 82 91 81 31 78 62 62 22 33 70 37 74 33 70 81 44 31 48 78 98 93 52 52 84 17 64 66 60 78 73 27 64 36 48 31 89 60 60 27 71 1 70 37 55 8 2 10 70 40 48 48 62 79 83 59 38
54 69 82 70 6 36 13 4 55 11 89 74 53 58 32 92 81 10 99 81 96 96 9 97 13 21 19 26 47 23 10 23 96 16 88 67 75 52 36 92 96 97 25 28 9 74 90 2 5 7 92 79 12 32 16 6 75 31 36 62 23 31 30 37 31 2 97 79 65 54 59 99 2 77 25
39 95 74 27 53 83 91 31 99 35 42 92 25 76 19 61 48 3 93 22 52 21 23 36 85 91 17 74 30 86 74 1 66 68 31 34 44 55 45 31 62 43 74 33 77 41 25 22 7 5 36 8 14 83 87 88 16 87 23 62 82 18 27 66 36 80 92 95 67 41 77 52 3 23 18
83 6 73 81 64 63 93 12 48 53 18 62 60 40 92 34 28 39 7 17 7 29 5 22 64 88 74 85 72 50 84 43 68 32 2 78 54 22 37 36 40 7 76 80 51 52 45 5 95 62 28 33 43 51 43 57 87 52 48 59 5 12 97 2 4 26 49 44 71 82 70 34 20 8 26
41 93 86 21 98 61 16 79 64 25 76 35 70 67 37 47 67 62 56 45 55 19 46 11 96 53 77 88 83 99 84 30 25 17 80 83 47 53 14 12 14 16 92 49 41 38 22 42 66 20 94 17 4 49 24 35 4 69 68 85 29 3 13 8 82 99 74 58 45 97 65 1 35 18 83
10 37 98 21 31 83 7 70 4 42 13 36 2 63 99 37 70 34 6 92 95 96 44 86 52 40 64 44 39 87 36 96 27 89 60 41 10 39 83 36 56 53 42 68 77 73 2 80 15 79 28 34 20 85 18 75 21 68 13 2 31 58 30 61 13 94 75 68 72 95 56 27 89 18 75
69 80 39 81 97 20 4 59 74 85 35 53 77 5 21 57 82 6 4 12 85 9 3 97 11 47 33 96 87 60 37 68 89 16 96 28 99 96 93 36 64 35 4 76 57 81 99 29 24 38 42 60 12 32 32 92 28 59 94 96 54 18 42 6 67 49 36 6 81 10 80 56 62 95 77
89 52 43 24 84 61 68 75 43 94 59 31 52 11 78 38 74 52 34 34 96 36 31 12 4 8 25 41 35 91 2 56 23 41 66 91 97 45 28 57 29 94 34 75 33 92 23 81 22 39 53 28 89 11 26 97 82 46 11 78 78 4 89 65 61 12 61 15 96 34 44 31 46 11 7
79 2 49 56 32 41 97 4 16 43 26 81 67 32 54 45 19 92 33 22 24 58 89 83 92 86 21 97 74 64 31 33 72 56 77 14 91 24 17 38 76 21 31 66 81 84 80 49 44 62 60 26 65 95 8 5 94 15 16 36 69 34 43 3 74 85 43 17 67 33 30 83 71 79 27
95 55 30 86 60 18 20 9 76 55 56 44 4 77 10 29 95 37 27 62 32 29 41 75 63 15 43 2 71 68 11 92 95 29 48 63 61 75 20 50 86 78 54 1 24 80 47 24 78 62 69 24 5 23 60 88 76 28 92 38 97 9 11 45 66 14 1 73 40 44 50 66 38 46 19
35 98 27 64 53 59 22 75 30 63 89 38 2 87 73 16 91 24 36 35 72 80 91 73 22 10 41 69 87 70 44 89 89 53 75 25 20 60 44 71 27 28 19 2 6 6 97 73 57 53 16 5 9 45 46 16 94 75 47 12 92 45 66 2 61 76 26 56 15 30 19 20 63 64 27
88 90 65 39 64 84 4 31 35 55 21 59 30 14 44 20 9 4 93 11 5 19 40 92 66 33 55 2 59 28 80 62 45 35 87 44 56 21 66 60 73 40 83 41 14 98 88 17 10 63 85 26 3 7 8 71 84 31 80 46 13 79 60 34 50 68 25 69 52 73 38 9 39 61 95
81 20 82 76 86 29 30 12 14 90 60 58 54 24 42 39 42 10 68 37 83 5 81 39 93 85 37 99 21 46 30 10 78 80 9 93 54 80 31 29 33 55 57 52 92 70 27 97 89 22 69 85 51 53 58 13 94 91 87 43 57 37 63 55 95 11 55 26 43 93 78 5 70 73 82
64 14 40 65 39 54 91 41 52 46 37 86 68 30 91 2 55 42 78 85 66 76 68 48 91 51 65 90 39 65 31 93 70 35 45 41 55 38 69 99 45 14 87 75 7 75 5 64 68 6 12 69 48 70 58 46 48 57 62 14 94 53 8 85 61 6 24 56 68 48 28 9 24 38 53
43 75 98 84 26 24 29 97 4 5 56 75 97 79 38 43 31 49 49 40 83 91 47 77 78 84 30 80 68 61 51 82 58 63 58 74 29 31 62 38 70 30 74 75 3 13 35 35 65 47 93 43 44 21 11 27 35 61 10 87 67 25 88 65 47 89 12 30 23 16 69 83 67 16 21
35 19 23 34 25 9 93 25 21 19 4 3 52 45 51 9 31 69 72 90 17 14 13 87 35 82 76 75 80 95 91 78 96 38 98 41 53 49 75 28 43 88 80 53 62 40 11 54 37 41 48 45 1 85 53 14 43 70 7 98 2 44 54 98 41 25 73 69 73 5 87 78 66 7 62
93 95 66 43 8 83 78 52 63 45 69 94 28 10 17 53 51 83 25 48 7 37 83 48 15 14 40 95 53 63 9 79 96 52 57 15 67 17 44 53 46 1 58 81 33 67 68 22 4 77 14 80 86 84 22 6 70 67 15 61 74 62 85 91 85 64 9 84 77 96 33 54 9 61 27
41 6 10 96 29 13 12 89 68 53 93 67 59 1 95 14 50 60 80 1 59 86 93 10 13 87 9 71 16 83 51 37 65 31 33 11 42 22 26 61 37 32 31 50 38 10 42 98 42 98 11 87 95 92 73 64 5 69 68 78 92 53 87 73 15 80 48 45 73 7 73 61 28 31 1
56 14 1 90 51 42 15 28 94 66 22 77 86 97 19 66 8 86 72 33 39 4 8 76 78 16 18 43 28 24 93 83 53 87 43 37 73 74 43 14 34 11 65 6 29 64 5 24 47 76 86 58 57 39 39 58 74 34 37 4 6 78 86 16 9 75 70 42 25 80 47 11 34 67 30
53 34 29 99 1 56 94 91 70 72 97 3 48 61 95 43 86 33 8 88 12 93 64 32 24 8 17 2 79 4 12 82 1 92 16 12 59 20 39 63 10 71 8 92 72 47 20 10 57 79 92 24 5 87 28 10 58 28 24 70 56 70 16 40 85 9 33 39 88 69 70 3 17 88 18
25 37 28 64 74 85 30 42 77 99 93 5 23 91 37 6 15 28 66 32 70 77 25 93 99 97 13 15 93 28 43 81 71 96 51 2 43 45 90 59 68 11 90 66 96 21 98 89 40 2 22 70 35 36 14 57 74 19 80 75 85 88 9 30 50 46 94 15 4 25 28 57 97 1 79
88 81 70 4 14 9 34 12 71 40 13 3 92 24 46 61 76 36 60 42 9 98 9 28 55 89 81 38 68 82 41 3 28 48 37 80 74 90 64 57 48 10 38 9 34 65 24 31 92 26 49 49 49 42 16 52 44 57 40 59 9 26 29 40 94 11 12 81 87 11 21 52 86 47 47
52 96 25 71 92 37 17 89 85 51 93 82 72 87 87 29 13 11 84 19 92 85 97 44 9 74 19 25 50 36 7 98 41 54 7 8 22 88 52 34 49 62 56 6 2 42 72 59 93 66 45 7 7 10 28 80 27 16 36 84 84 60 72 83 53 44 50 36 3 62 79 26 56 44 53
17 34 7 1 45 2 3 51 55 88 29 73 48 5 54 66 33 69 89 46 47 23 28 50 65 69 65 16 99 33 71 70 67 39 39 93 75 83 32 31 41 99 33 87 34 26 39 7 71 14 22 18 95 11 22 52 5 14 40 53 30 37 92 4 27 66 51 25 62 28 29 55 19 13 87
5 14 4 17 63 12 28 71 23 86 56 8 14 81 39 53 72 91 14 49 69 80 89 62 11 50 90 61 69 27 26 52 76 20 90 57 37 6 39 15 82 58 59 59 57 27 82 4 64 21 34 8 23 94 99 35 5 72 94 88 37 92 75 63 58 60 38 1 21 28 77 8 36 38 84
11 5 50 56 5 61 83 95 64 64 81 33 28 24 74 42 21 75 54 36 58 46 86 79 85 30 62 16 45 18 94 56 43 1 14 50 71 16 79 1 68 62 96 73 46 25 6 58 92 24 13 68 35 76 95 7 71 21 65 21 56 53 73 90 75 1 24 72 83 69 59 46 61 67 74

Demandas:
0 0 0 0 1 0
0 1 0 0 0 0
1 0 0 0 0 0
0 0 0 1 0 0
0 0 0 0 0 1
0 1 0 0 0 0
0 0 0 1 0 0
0 0 0 0 0 1
0 1 0 0 0 0
0 0 0 1 0 0
0 0 0 0 0 1
0 0 0 0 1 0
0 1 0 0 0 0
0 0 0 1 0 0
0 0 1 0 0 0
1 0 0 0 0 0
0 0 0 1 0 0
0 1 0 0 0 0
0 0 1 0 0 0
0 0 1 0 0 0
0 0 1 0 0 0
0 0 0 0 1 0
0 0 1 0 0 0
0 0 0 1 0 0
0 0 0 0 1 0
0 0 0 0 1 0
0 1 0 0 0 0
0 0 0 1 0 0
0 1 0 0 0 0
0 0 0 0 1 0
0 0 0 1 0 0
0 0 0 0 1 0
1 0 0 0 0 0
0 1 0 0 0 0
0 1 0 0 0 0
0 0 0 0 1 0
0 0 0 1 0 0
0 0 0 0 0 1
1 0 0 0 0 0
0 0 0 0 1 0
0 0 0 0 1 0
1 0 0 0 0 0
0 0 1 0 0 0
0 1 0 0 0 0
0 0 0 0 1 0
0 0 0 1 0 0
0 0 0 0 1 0
0 0 0 1 0 0
0 0 0 0 1 0
0 0 1 0 0 0
0 0 0 0 0 1
0 0 0 0 1 0
1 0 0 0 0 0
1 0 0 0 0 0
0 1 0 0 0 0
0 1 0 0 0 0
1 0 0 0 0 0
0 0 0 0 0 1
0 1 0 0 0 0
1 0 0 0 0 0
0 1 0 0 0 0
0 0 0 0 0 1
0 0 0 1 0 0
0 0 0 0 1 0
1 0 0 0 0 0
0 0 1 0 0 0
1 0 0 0 0 0
0 0 0 1 0 0
0 0 1 0 0 0
0 0 0 1 0 0
0 0 0 0 1 0
0 0 0 1 0 0
0 0 1 0 0 0
0 0 0 0 0 1
0 0 0 0 1 0
0 1 0 0 0 0
0 0 1 0 0 0
0 0 1 0 0 0
0 1 0 0 0 0
0 0 0 0 1 0
0 0 0 0 0 1
0 0 0 0 0 1
0 0 1 0 0 0
0 0 0 0 1 0
0 0 0 0 0 1
0 0 1 0 0 0
1 0 0 0 0 0
0 0 0 0 1 0
1 0 0 0 0 0
0 0 1 0 0 0
1 0 0 0 0 0
0 0 0 0 0 1
0 0 0 0 0 1
0 0 0 1 0 0
0 1 0 0 0 0
0 0 1 0 0 0
0 0 0 0 0 1
0 1 0 0 0 0
1 0 0 0 0 0
0 0 0 1 0 0
0 0 1 0 0 0
0 0 0 0 0 1
0 0 1 0 0 0
0 0 0 0 0 1
0 0 0 1 0 0
0 0 0 0 0 1
0 0 0 1 0 0
0 0 0 0 1 0
0 0 0 1 0 0
0 0 0 1 0 0
0 0 0 0 1 0
0 0 0 1 0 0
0 0 0 0 1 0
0 0 1 0 0 0
0 0 0 0 0 1
0 0 0 0 1 0
1 0 0 0 0 0
0 0 0 1 0 0
0 1 0 0 0 0
0 0 0 0 0 1
0 0 0 0 0 1
1 0 0 0 0 0
1 0 0 0 0 0
1 0 0 0 0 0
1 0 0 0 0 0
0 0 0 0 1 0
0 1 0 0 0 0
0 1 0 0 0 0
0 0 0 1 0 0
0 0 1 0 0 0
0 0 0 0 0 1
0 0 0 0 1 0
0 0 0 1 0 0
0 0 0 1 0 0
1 0 0 0 0 0
0 0 1 0 0 0
0 0 0 1 0 0
0 1 0 0 0 0
0 1 0 0 0 0
0 0 1 0 0 0
0 1 0 0 0 0
0 0 0 0 0 1
0 0 0 1 0 0
1 0 0 0 0 0
0 0 0 1 0 0
1 0 0 0 0 0
0 0 0 0 1 0
0 0 0 0 1 0
0 0 0 0 1 0
1 0 0 0 0 0
1 0 0 0 0 0
0 0 0 0 1 0
0 0 0 1 0 0
0 0 0 0 1 0
0 0 1 0 0 0
0 1 0 0 0 0
0 0 0 0 1 0
0 0 0 0 1 0
0 0 0 0 1 0
0 0 1 0 0 0
0 0 0 0 0 1
0 0 1 0 0 0
0 0 1 0 0 0
0 0 0 0 1 0
1 0 0 0 0 0
1 0 0 0 0 0
0 0 0 0 0 1
0 0 0 0 1 0
0 0 1 0 0 0
0 0 0 1 0 0
0 0 0 0 1 0
0 0 1 0 0 0
0 0 1 0 0 0
0 0 1 0 0 0
0 1 0 0 0 0
0 1 0 0 0 0
0 0 1 0 0 0
0 0 1 0 0 0
0 0 0 0 1 0
0 0 1 0 0 0
1 0 0 0 0 0
0 0 0 0 0 1
0 0 0 1 0 0
1 0 0 0 0 0
0 0 0 0 1 0
0 0 0 0 0 1
0 0 1 0 0 0
0 0 1 0 0 0
0 0 0 0 0 1
0 1 0 0 0 0
0 0 1 0 0 0
0 1 0 0 0 0
0 0 0 1 0 0
0 1 0 0 0 0
0 0 1 0 0 0
0 0 0 0 0 1
0 0 1 0 0 0
0 0 0 1 0 0
0 0 0 0 0 1
0 0 0 0 1 0
0 0 1 0 0 0
0 0 1 0 0 0
0 0 0 1 0 0
0 0 0 0 1 0
0 0 1 0 0 0
0 0 0 0 0 1
0 0 0 1 0 0
0 0 0 1 0 0
0 0 0 1 0 0
0 0 0 0 1 0
0 0 0 1 0 0
0 0 0 0 1 0
1 0 0 0 0 0
0 0 0 0 0 1
0 0 0 0 0 1
0 0 0 0 0 1
0 0 0 0 0 1
0 0 0 1 0 0
0 0 0 1 0 0
0 0 0 1 0 0
1 0 0 0 0 0
0 0 1 0 0 0
0 0 0 0 0 1
0 1 0 0 0 0
0 0 1 0 0 0
0 0 0 0 0 1
0 0 0 1 0 0
0 0 0 1 0 0
0 0 0 0 1 0
1 0 0 0 0 0
1 0 0 0 0 0
0 0 0 0 1 0
1 0 0 0 0 0
0 0 1 0 0 0
0 0 0 0 0 1
0 0 0 0 0 1
0 0 0 1 0 0
0 0 0 1 0 0
0 0 1 0 0 0
0 0 1 0 0 0
0 0 1 0 0 0
0 0 0 1 0 0
0 0 0 0 1 0
1 0 0 0 0 0
0 1 0 0 0 0
0 0 0 0 0 1
0 0 0 1 0 0
0 0 0 0 1 0
0 0 0 0 1 0
0 0 0 0 1 0

Capacidades:
0 2 4 2 0 2
1 2 1 3 3 4
1 4 1 3 4 1
3 3 4 2 4 0
2 4 2 0 0 1
3 4 2 0 1 1
1 0 4 3 4 3
4 2 0 3 0 2
1 3 0 4 4 3
0 2 3 4 0 4
1 1 3 4 0 3
1 4 3 1 3 0
2 3 0 1 0 4
2 4 2 2 0 0
3 3 2 3 0 2
3 3 4 0 0 1
4 0 3 0 2 0
1 3 4 2 3 3
1 4 1 0 2 2
0 2 0 2 4 4
4 0 0 0 2 0
4 3 1 1 1 3
1 1 4 0 3 3
4 0 4 0 2 0
3 0 0 3 0 4
1 4 0 3 0 3
0 3 2 0 0 4
4 1 1 1 1 4
3 1 4 2 4 3
2 3 2 4 3 4
2 2 1 4 4 3
1 2 1 3 3 4
1 4 3 4 4 2
2 3 4 2 3 0
3 4 4 1 4 3
1 4 1 2 3 1
4 1 4 3 2 1
1 4 0 2 3 3
3 0 0 4 0 4
1 4 4 0 3 3
2 3 1 4 1 2
2 4 2 0 3 3
4 1 3 2 4 2
4 2 4 3 0 0
2 4 3 4 1 1
3 3 4 2 3 4
2 2 2 0 4 4
0 1 2 4 3 3
4 3 2 3 4 4
0 0 2 2 0 3
3 1 0 1 3 3
1 3 0 4 1 4
0 4 4 1 1 3
0 4 2 1 0 3
1 0 4 1 1 2
0 0 3 4 1 0
0 0 2 1 1 4
0 1 4 0 4 2
1 0 1 2 4 1
1 3 3 2 0 1
0 4 2 1 4 0
3 3 1 0 2 3
1 2 0 3 2 1
1 2 0 3 0 3
3 2 1 2 3 4
3 3 3 4 4 1
0 0 2 0 0 0
2 3 2 1 1 4
0 4 4 1 2 2
4 4 2 3 4 0
1 0 1 0 2 2
0 1 4 0 2 4
3 2 4 3 3 0
0 3 0 0 2 0
3 0 4 2 0 2
