m: 250
n: 75
k: 8

Distancias:
95 90 11 44 95 31 97 34 67 13 27 18 92 47 36 32 23 73 70 93 58 96 97 12 65 59 68 80 27 72 54 16 95 41 83 94 80 24 68 54 12 46 67 69 20 62 20 86 60 83 14 18 64 93 17 48 85 71 33 43 38 6 79 86 74 86 70 6 99 48 36 77 65 44 71
49 35 54 39 28 42 69 82 95 86 90 50 21 30 13 23 5 94 19 69 57 47 66 32 84 57 38 38 49 58 81 44 12 81 93 86 63 29 80 5 76 23 11 43 3 25 17 49 59 42 10 85 76 32 15 56 70 61 31 81 66 66 82 1 38 63 5 81 43 49 77 97 78 73 57
52 56 23 85 92 90 40 43 49 89 66 57 68 53 28 53 46 73 91 65 93 16 42 58 91 61 68 78 80 4 72 86 1 7 6 5 8 33 50 33 25 31 85 64 8 97 35 57 56 80 43 10 9 69 2 75 90 62 17 47 20 70 56 52 33 92 89 35 93 15 79 50 50 68 95
85 43 67 23 52 23 73 89 41 49 41 80 64 99 13 72 62 83 75 71 56 44 69 40 39 14 86 99 75 72 4 85 12 38 62 29 88 19 13 62 7 24 32 28 64 11 43 6 51 38 50 14 55 77 79 19 62 31 15 72 41 82 84 54 62 80 95 76 46 51 54 30 81 98 68
1 28 38 44 76 12 2 93 43 92 23 39 86 57 54 75 21 84 71 48 64 14 22 64 35 97 3 80 75 63 89 25 71 95 62 61 55 71 51 2 97 56 75 96 99 28 35 90 84 2 95 23 99 60 26 64 48 20 23 92 36 17 75 64 75 79 20 2 76 44 34 65 52 7 23
54 48 40 72 22 10 50 18 90 12 41 61 37 4 97 78 37 62 91 30 86 51 72 87 57 47 92 23 25 64 88 10 83 50 13 76 62 38 73 15 4 43 24 52 86 84 28 62 2 40 91 13 71 5 75 89 88 57 44 11 36 2 63 44 81 14 11 90 23 53 26 18 97 43 44
10 46 91 58 10 25 35 67 46 27 43 9 8 96 79 60 31 28 17 25 27 33 92 10 89 33 24 80 14 23 6 70 65 33 51 12 71 9 77 20 87 56 73 50 30 57 3 34 38 24 86 78 24 81 30 82 92 62 17 78 20 82 95 50 21 84 18 52 95 75 33 34 83 32 99
14 14 62 58 1 81 66 77 95 27 78 29 26 1 9 26 89 49 5 83 79 58 96 13 43 25 70 17 20 81 94 90 29 33 40 78 78 93 6 38 52 57 72 94 72 35 59 99 23 19 69 33 46 71 24 32 11 66 83 56 48 32 42 67 56 35 51 43 28 98 9 66 23 73 38
44 87 76 45 17 70 40 12 87 86 58 35 1 92 32 28 69 45 44 79 45 53 7 11 25 25 72 7 38 18 51 9 29 81 90 4 8 66 92 70 84 65 88 67 38 45 98 16 60 32 3 52 41 93 34 67 45 38 91 9 56 23 85 39 44 18 3 72 66 2 53 21 40 67 85
97 6 30 21 6 93 33 7 97 27 66 98 20 73 5 98 7 72 95 1 38 93 13 53 11 19 19 35 42 49 43 79 53 45 24 99 14 13 85 58 1 70 6 97 28 95 43 15 41 93 27 88 87 98 57 12 9 50 70 90 87 47 55 76 79 32 25 41 64 17 48 31 4 86 77
79 59 73 90 72 69 24 98 48 83 3 98 1 27 16 85 11 72 3 86 98 17 11 80 96 70 61 95 65 70 79 82 66 55 25 18 60 77 48 10 41 56 29 64 76 97 17 63 89 4 53 5 74 47 28 22 46 52 45 82 21 92 13 21 61 89 79 37 16 47 76 5 88 48 29
41 52 22 54 31 78 28 25 7 28 10 59 48 72 89 47 70 84 23 30 69 85 27 81 80 14 47 82 20 7 54 55 63 36 46 77 37 15 4 78 26 6 82 3 9 97 47 34 72 69 74 26 71 54 30 44 72 65 96 7 82 84 27 85 21 75 88 48 7 8 17 23 40 91 36
82 19 72 75 96 87 48 7 46 83 21 81 33 7 75 84 82 9 46 11 74 70 15 54 9 37 88 78 33 6 95 95 3 46 96 88 93 67 11 85 72 86 52 40 80 73 45 64 41 99 50 5 42 90 81 24 77 64 35 94 85 19 32 15 56 2 8 56 27 99 21 83 39 91 67
99 8 95 13 55 70 1 18 75 16 93 32 18 43 20 12 63 64 35 86 58 77 95 61 18 92 90 40 59 38 6 32 85 28 80 28 36 77 26 28 13 98 94 14 78 34 38 9 55 70 22 95 76 22 40 18 66 69 60 1 54 21 33 30 12 80 44 9 65 9 21 92 35 18 3
97 70 85 24 60 81 48 76 17 41 45 89 2 11 29 77 88 10 78 92 86 10 55 96 52 85 2 9 42 1 66 96 67 69 66 65 30 9 95 14 53 61 20 30 36 3 52 39 38 16 30 44 90 40 63 7 78 88 28 86 32 18 40 39 60 71 84 26 22 93 28 42 98 27 67
46 72 21 72 19 82 29 13 17 11 3 88 81 39 86 25 45 92 20 10 98 19 61 28 45 61 44 78 88 92 9 54 52 76 23 27 29 1 85 18 77 48 20 92 15 26 64 1 37 93 56 47 52 7 68 54 3 55 80 91 14 36 32 64 25 96 84 47 65 92 26 88 78 16 32
56 5 40 71 90 90 17 90 76 20 34 8 86 85 90 81 45 72 84 89 27 11 81 65 95 37 83 97 28 48 38 81 16 75 8 88 34 1 30 78 45 64 32 45 30 25 62 70 31 21 69 29 39 10 97 36 29 73 38 22 59 30 40 7 15 78 91 47 8 46 9 60 57 8 6
81 52 41 49 21 11 30 66 2 95 15 17 82 98 85 33 90 21 93 64 51 5 5 93 83 15 21 28 89 85 9 83 19 24 9 57 68 21 41 38 66 69 6 60 39 47 43 31 21 89 81 51 12 46 48 40 54 28 21 4 29 98 14 9 79 53 13 80 89 57 99 95 38 54 32
76 39 93 40 82 65 22 51 41 87 64 29 90 91 34 15 86 16 96 20 68 84 20 95 11 11 85 45 7 85 65 12 97 18 69 95 74 61 90 48 26 73 74 31 57 20 33 3 15 53 8 64 54 52 18 75 66 30 37 96 93 52 58 33 15 54 89 98 31 2 81 88 19 47 59
16 31 36 98 45 7 83 2 93 53 32 75 97 10 43 3 84 37 7 13 39 34 55 95 91 51 55 68 97 81 28 16 17 80 95 82 80 23 52 12 55 43 20 45 90 13 92 48 83 59 81 80 7 12 47 37 13 16 98 21 95 89 69 80 10 13 12 31 5 77 13 15 29 53 81
21 43 80 51 73 67 49 23 45 69 33 53 36 58 51 19 90 7 68 15 83 31 7 47 39 97 38 44 89 92 16 72 29 63 50 25 38 35 54 4 70 53 72 26 74 48 12 40 75 95 87 52 45 37 10 31 75 76 71 54 91 65 17 35 53 74 84 93 25 51 59 74 12 14 76
90 91 37 99 37 28 70 11 93 10 36 56 56 88 42 67 84 62 40 9 81 3 7 68 17 98 75 32 49 57 23 90 92 42 4 24 27 84 55 51 32 17 25 26 60 21 29 5 33 75 16 58 45 78 44 5 22 89 67 36 89 35 7 65 51 16 6 83 57 99 97 28 78 72 96
2 19 92 62 88 91 92 17 33 13 68 19 38 32 54 4 95 5 92 86 4 56 3 32 24 15 66 45 13 52 31 4 63 47 87 46 63 34 14 59 98 5 61 41 24 53 16 78 14 18 34 92 93 23 20 54 70 68 23 19 1 23 54 67 76 76 31 49 43 16 60 16 89 75 54
72 35 89 92 79 36 88 99 80 21 5 57 92 83 52 45 79 79 84 25 13 40 48 39 39 40 47 19 40 72 76 62 23 1 40 87 45 59 65 36 47 35 57 29 42 76 59 95 47 29 18 68 86 87 97 55 55 85 21 69 75 48 9 53 89 1 70 45 28 12 31 27 57 11 13
32 15 92 39 1 17 47 65 87 25 79 41 7 7 3 93 24 84 19 93 85 18 29 35 53 83 3 98 81 36 42 1 87 89 31 53 55 18 55 87 58 8 13 63 42 40 63 10 54 85 16 45 16 96 35 39 13 21 87 52 38 93 29 53 89 63 54 73 67 7 43 65 93 46 71
8 67 51 77 84 64 97 11 18 65 33 44 41 46 58 16 99 66 20 4 26 49 12 51 52 29 36 10 97 85 20 9 28 47 76 49 88 52 81 9 10 51 78 78 8 5 6 36 27 76 58 34 54 97 39 63 52 97 38 18 5 37 38 34 56 62 48 66 67 25 17 2 28 25 23
66 65 19 27 33 81 7 19 18 48 37 88 6 85 9 68 41 68 34 9 32 8 10 43 86 73 4 24 87 3 3 51 87 79 1 83 94 61 72 40 97 77 97 42 25 97 7 22 25 84 97 32 16 6 1 76 96 82 32 4 1 99 62 7 92 89 89 56 97 20 19 76 4 88 14
71 23 96 81 82 47 15 38 39 54 10 96 19 7 28 1 70 53 80 41 36 82 88 97 72 34 70 6 26 31 44 40 36 95 2 11 35 95 11 65 56 57 95 28 76 17 41 6 61 3 69 10 82 52 93 77 93 46 28 43 19 53 71 95 68 30 71 83 29 76 97 18 56 8 53
61 33 6 71 82 16 41 4 34 20 36 19 45 54 3 48 93 81 34 99 95 46 38 48 28 71 81 2 70 12 7 4 80 3 68 77 57 86 68 16 98 48 79 71 29 97 88 7 79 73 38 67 71 16 2 11 23 77 64 89 28 84 32 34 91 65 55 23 70 36 8 66 24 92 92
79 66 14 78 35 66 33 89 2 22 43 44 42 37 42 36 82 47 38 55 7 56 31 24 31 37 25 75 40 77 78 71 34 43 56 14 13 56 70 8 96 17 42 53 58 20 43 24 67 12 89 75 23 35 92 16 23 13 85 2 50 86 67 94 34 10 5 96 39 71 61 65 2 98 94
50 93 12 44 60 46 8 39 41 51 66 42 18 12 89 6 72 18 97 64 68 86 58 35 70 8 72 97 64 30 25 49 25 5 51 54 62 13 86 31 83 63 50 59 55 56 53 33 47 58 49 46 47 59 44 3 8 82 17 87 87 12 41 33 30 28 52 69 28 83 45 73 47 2 82
9 6 77 79 90 62 54 14 67 43 86 46 72 94 10 70 10 47 24 75 51 93 73 59 32 72 89 90 99 8 73 28 2 47 28 29 35 17 80 32 28 25 98 86 93 62 9 80 98 26 15 95 77 72 12 33 94 3 34 14 29 5 48 73 72 64 63 43 21 65 14 95 59 68 97
42 89 85 37 28 17 92 69 91 58 2 20 15 73 41 76 35 60 70 30 65 46 5 21 67 50 86 97 16 99 28 6 23 94 33 20 85 78 91 38 58 21 16 66 41 42 42 81 7 56 67 80 34 77 20 6 61 54 53 10 75 14 36 67 11 56 29 61 27 21 65 97 55 16 85
18 7 85 50 96 18 2 39 62 43 74 8 41 7 99 28 76 21 61 29 51 48 70 53 80 43 72 88 81 60 70 38 30 89 22 69 83 45 30 56 67 89 70 62 87 61 71 79 12 37 19 55 26 40 47 36 2 81 60 3 4 12 50 79 25 71 75 91 1 61 47 24 6 40 98
39 68 77 94 26 74 58 77 19 58 7 96 72 33 38 96 86 62 54 29 61 3 47 40 93 51 27 68 57 21 62 40 17 21 4 10 64 9 89 59 71 12 40 7 64 35 25 23 26 39 76 12 14 59 70 69 33 79 11 38 92 56 86 65 65 60 57 99 92 93 81 14 22 35 76
32 64 44 89 68 44 43 15 4 44 59 67 26 48 85 57 45 99 18 59 76 5 39 90 63 77 67 34 78 36 97 41 69 69 5 49 20 72 83 77 28 79 52 51 5 26 89 82 33 75 88 86 33 80 37 65 72 63 15 1 48 22 48 97 72 85 34 18 62 22 89 73 45 72 94
94 28 34 64 1 39 12 88 33 93 91 63 42 20 36 49 70 26 16 68 1 94 1 65 63 42 78 97 45 6 90 4 94 29 55 23 4 52 7 68 79 12 71 42 64 82 74 41 77 94 65 47 16 38 54 62 80 99 13 67 74 74 62 43 78 50 49 47 84 81 9 32 67 73 83
16 49 1 75 86 82 71 88 50 25 82 30 33 97 91 75 37 18 38 4 57 10 37 11 14 39 56 67 72 43 71 10 19 67 65 55 54 10 61 75 17 20 13 13 99 17 1 59 71 1 2 62 5 7 81 91 85 25 42 91 24 3 33 29 77 59 57 33 16 18 20 29 2 59 30
52 93 44 22 97 19 43 90 62 30 25 84 91 79 47 7 27 85 63 25 69 38 82 38 51 90 70 78 16 65 4 95 98 37 29 74 25 15 74 15 36 25 80 62 40 53 37 95 49 55 54 66 46 5 98 35 94 50 83 26 97 32 98 43 8 80 99 24 97 84 14 41 77 40 5
15 64 96 61 55 20 21 85 6 23 2 59 66 82 98 50 65 42 15 32 68 82 16 64 85 64 55 12 37 34 33 27 91 98 90 9 69 64 56 54 15 17 65 39 74 18 77 1 24 50 13 73 72 24 58 70 85 7 16 92 33 81 31 91 24 39 36 92 24 21 97 63 71 52 92
83 28 25 23 86 30 12 38 10 70 98 36 59 98 77 38 26 7 40 77 19 63 83 19 58 4 95 24 34 95 84 5 23 6 92 77 94 94 58 44 43 47 50 12 80 59 88 13 23 40 25 43 11 76 80 73 18 30 71 69 47 16 93 91 5 49 77 80 97 33 65 49 9 4 47
76 14 18 8 28 60 23 91 46 2 22 84 7 5 97 44 84 63 27 20 55 26 54 89 87 14 23 82 40 79 20 10 34 16 33 11 61 64 77 38 51 37 21 70 13 68 51 57 31 51 14 74 11 87 74 93 4 29 93 20 41 8 66 1 2 60 71 52 92 60 88 8 83 8 34
52 34 24 22 96 25 93 11 99 69 50 13 73 51 70 55 91 71 17 44 89 66 66 32 27 75 15 15 30 37 58 27 82 56 10 55 8 27 52 78 80 62 2 59 72 28 91 57 32 64 51 72 79 92 9 2 17 70 18 10 83 27 31 9 73 99 73 37 81 58 88 9 41 22 45
45 72 30 42 84 73 34 4 6 81 12 29 42 55 11 20 35 73 43 89 66 38 90 65 97 16 8 67 21 10 1 32 98 1 44 73 93 27 67 81 65 54 80 3 31 22 99 29 88 72 1 83 89 39 6 85 23 7 58 56 22 53 94 62 76 27 1 34 45 44 54 44 13 35 42
15 1 91 37 67 7 41 53 37 85 90 88 53 43 5 49 80 41 85 91 80 31 31 82 95 21 60 73 29 46 45 88 41 34 2 45 28 85 59 13 6 97 2 23 37 16 25 29 55 69 47 89 83 32 24 98 68 82 75 17 59 61 60 21 45 20 60 61 1 80 72 83 95 33 28
89 91 18 66 82 39 61 15 91 48 75 92 20 69 92 4 93 61 63 80 23 90 83 20 66 56 86 42 32 64 79 77 90 42 61 95 14 27 20 26 51 21 75 54 87 53 71 25 52 91 19 90 17 12 51 28 85 4 61 73 17 29 44 79 87 83 84 58 35 71 99 99 32 35 15
11 61 64 11 48 53 67 79 90 40 55 13 26 90 13 79 14 81 68 73 16 68 5 96 88 63 61 85 88 23 12 4 12 89 76 43 99 50 99 20 93 78 36 40 99 92 17 12 30 36 43 33 3 89 54 32 74 57 68 82 58 31 41 53 82 1 73 93 77 82 3 5 5 68 39
86 31 15 24 75 23 38 5 79 62 43 49 26 84 23 65 8 91 21 57 71 60 6 24 53 7 30 61 17 89 82 43 72 3 3 86 67 15 80 25 23 9 15 85 63 13 88 78 30 69 93 96 99 87 6 10 67 75 68 31 17 4 3 57 59 32 90 76 63 27 9 30 3 74 43
16 96 77 61 49 8 43 48 62 74 85 38 31 72 36 86 85 82 28 75 3 8 57 99 31 90 57 41 51 58 53 96 45 58 78 45 40 99 49 29 5 28 4 42 22 59 3 41 9 64 13 50 2 81 19 89 62 79 94 57 96 37 89 11 34 87 70 15 34 80 91 26 86 14 36
68 36 44 78 83 87 76 54 7 56 87 58 95 18 24 91 50 79 27 16 91 11 31 96 58 23 51 24 16 68 33 10 17 38 90 53 21 97 72 76 8 88 47 14 2 2 70 87 32 22 73 6 1 99 40 24 52 82 21 49 5 11 58 68 35 71 19 92 51 83 25 80 71 66 34
93 14 54 86 92 60 63 41 4 69 78 8 95 3 58 79 72 59 73 73 10 37 68 27 48 92 68 53 37 74 3 63 33 31 77 59 37 1 45 25 19 33 41 48 66 4 14 30 92 26 39 94 2 93 27 91 52 51 25 57 19 60 93 85 53 40 64 1 94 2 1 24 21 11 73
82 82 21 42 72 22 21 18 1 37 4 55 12 22 12 60 10 77 89 60 66 76 31 73 67 87 83 30 37 93 4 89 8 51 2 85 38 58 68 51 41 6 41 66 94 36 46 96 10 20 47 66 28 33 64 63 37 65 5 74 55 73 26 7 6 6 45 95 49 22 12 11 67 1 37
53 80 39 17 93 62 42 62 41 59 94 50 97 54 56 9 33 84 91 98 63 90 5 14 40 33 95 39 78 19 88 50 64 12 35 78 32 5 14 86 22 5 74 24 48 8 82 63 12 94 76 94 64 94 7 93 36 25 64 50 76 93 38 87 24 95 44 54 12 56 53 43 42 34 58
76 26 87 99 25 99 83 47 14 48 44 43 21 55 33 79 44 19 40 81 4 31 12 10 87 2 51 19 63 73 68 87 78 88 87 91 28 65 25 70 80 29 70 58 87 50 47 82 56 9 11 59 44 71 35 71 67 83 20 12 12 56 4 27 78 18 73 13 27 39 96 88 82 35 23
76 92 15 63 87 6 66 64 51 28 20 25 53 90 59 82 48 19 4 43 11 56 84 17 39 19 82 65 36 1 68 59 39 35 37 99 99 25 5 89 92 18 80 24 24 73 71 24 38 86 86 66 93 86 30 2 53 5 83 34 92 74 25 43 35 21 84 67 38 47 75 71 85 64 11
47 89 46 18 15 95 44 88 68 28 21 39 32 71 90 63 97 37 3 52 81 48 4 58 36 61 10 32 8 20 14 40 34 15 56 34 96 45 40 41 23 35 37 12 57 1 39 26 53 25 49 99 65 84 90 1 10 30 80 73 73 34 90 99 10 79 53 25 20 41 96 42 9 67 9
3 84 33 68 97 72 78 11 16 78 82 48 44 77 35 99 40 7 43 48 27 81 75 30 66 70 60 6 74 12 41 44 85 57 40 22 3 26 74 79 73 2 95 92 90 74 31 26 93 81 77 32 96 68 65 62 63 63 50 37 8 52 45 68 57 68 3 46 22 61 76 3 50 87 87
13 11 71 46 80 26 22 76 91 44 32 67 67 49 84 59 71 75 58 9 68 69 14 65 59 29 55 39 55 73 14 21 68 18 6 76 6 34 75 20 14 9 54 70 92 62 34 95 67 42 8 42 2 6 12 3 47 45 97 3 74 79 83 87 45 58 25 78 8 50 15 64 7 40 12
40 53 67 67 63 41 51 16 39 59 38 63 31 48 9 59 27 24 63 49 40 88 2 85 96 62 48 6 26 32 4 76 53 12 12 83 59 96 87 80 1 74 66 92 79 49 34 56 66 52 87 24 84 94 33 99 44 33 35 82 11 66 92 91 20 49 8 3 29 29 71 21 98 17 92
28 75 60 55 11 54 8 65 34 86 50 75 99 13 7 29 1 43 80 73 26 67 99 14 26 5 16 11 64 98 18 42 95 54 92 16 80 19 41 3 49 5 93 75 33 55 74 6 35 74 46 40 50 60 57 5 64 27 69 26 14 39 23 75 42 63 97 53 3 7 46 55 61 5 66
46 11 97 59 57 81 50 36 52 14 68 17 10 30 43 60 43 35 3 27 55 22 37 4 4 57 62 15 12 77 59 31 22 74 25 40 94 49 39 61 60 76 48 12 66 72 21 19 13 39 1 69 12 48 29 4 44 84 2 82 15 20 52 8 47 11 47 49 65 52 7 70 2 41 68
29 41 59 6 20 54 92 91 99 1 34 43 60 70 33 47 34 44 74 17 35 3 20 63 66 50 45 49 54 15 40 60 8 85 77 61 9 38 12 84 89 15 87 43 96 43 92 82 64 86 61 89 92 57 63 74 37 31 16 12 70 3 73 64 11 14 92 2 31 21 75 58 95 5 26
79 78 54 12 58 60 43 96 41 35 61 71 30 82 21 38 13 10 76 62 33 16 90 71 83 47 34 82 28 55 11 43 49 3 27 81 13 47 2 91 63 49 62 95 75 26 55 88 14 51 2 76 88 80 73 34 91 89 74 23 36 38 14 39 1 38 10 16 46 49 26 11 39 24 49
46 82 30 14 39 13 7 99 75 87 1 96 22 16 26 45 87 53 20 98 48 90 98 12 71 40 51 29 47 69 41 53 93 62 64 40 78 30 47 31 61 37 61 77 92 1 70 84 45 16 97 77 74 58 30 79 65 9 12 4 44 70 60 98 51 73 31 35 20 76 92 55 48 84 85
77 90 60 16 77 52 81 8 18 22 99 77 44 60 96 31 60 48 31 86 26 77 62 97 34 13 42 61 78 75 5 75 66 39 58 23 68 79 75 30 56 16 10 51 74 14 97 15 35 15 50 83 20 20 68 92 97 97 46 57 72 8 98 59 94 99 43 47 64 45 47 11 7 54 75
20 92 71 23 12 17 42 80 61 56 95 76 84 59 83 51 50 25 41 43 98 47 14 61 81 38 57 23 93 22 8 74 85 78 60 46 62 79 69 78 62 8 28 64 1 24 93 15 49 41 50 11 8 26 93 61 20 53 43 57 27 79 24 96 4 46 66 77 44 74 35 29 95 80 8
69 15 94 29 80 69 39 11 6 35 19 26 10 43 34 87 9 73 95 49 82 65 8 23 8 14 64 32 58 4 12 28 2 16 73 11 74 88 59 18 40 46 16 20 69 97 77 5 7 24 56 99 19 7 37 58 57 79 59 77 70 99 54 16 53 52 53 79 54 13 55 40 98 3 9
63 87 21 16 36 26 67 35 48 73 59 2 32 73 15 86 65 87 78 74 89 55 18 64 53 14 76 54 14 25 18 25 94 95 44 23 41 43 95 87 12 55 54 35 87 20 85 56 7 51 49 93 6 43 96 47 42 11 10 34 32 64 13 62 83 83 35 86 58 87 81 77 72 1 14
48 66 7 10 48 65 83 46 4 25 87 16 87 64 24 47 78 65 55 45 73 16 98 11 39 22 81 25 31 55 17 87 53 70 64 3 88 33 59 59 68 97 99 72 33 93 23 2 61 6 91 16 5 8 99 51 10 74 64 61 65 89 10 36 78 42 58 88 82 14 1 41 25 55 97
43 52 88 68 10 29 19 86 7 19 24 42 13 86 66 30 41 91 20 75 68 98 31 45 31 32 10 71 1 42 81 62 83 32 82 36 93 86 74 10 28 74 19 61 11 55 66 79 41 30 18 4 18 49 93 15 53 61 55 37 32 74 37 74 29 34 48 26 12 32 86 4 8 32 19
11 49 26 40 43 90 44 94 1 14 43 70 56 69 71 66 49 72 4 23 90 3 59 31 37 38 50 46 48 35 93 93 44 11 10 87 19 66 42 81 79 63 54 16 50 17 46 36 3 82 77 37 15 59 82 84 73 22 44 95 27 90 66 17 46 3 22 86 35 20 3 19 91 32 50
72 3 37 95 5 5 37 87 38 74 52 32 63 13 25 6 89 66 13 79 22 86 16 2 64 63 2 87 54 24 56 77 88 42 71 93 94 79 13 85 49 2 34 64 97 23 89 89 95 68 71 21 2 6 50 23 37 55 13 1 81 91 57 56 59 96 98 13 90 10 74 79 50 35 27
70 22 30 45 76 32 35 21 47 6 1 62 89 14 72 41 23 99 17 95 76 39 2 43 23 59 29 10 94 28 18 67 59 39 68 78 1 42 76 60 6 98 86 61 56 96 14 71 29 20 11 86 53 89 66 51 69 99 52 88 32 18 75 78 18 28 80 35 10 24 33 12 95 77 60
73 36 46 34 93 53 8 60 33 37 70 87 66 95 55 19 71 61 13 66 6 5 28 85 99 72 45 10 59 68 54 54 41 4 68 20 65 29 88 60 4 61 71 89 67 59 49 41 59 10 78 12 95 44 20 74 84 12 70 45 7 67 65 49 21 30 76 56 74 29 41 98 9 55 38
29 45 45 75 50 7 67 50 58 93 12 71 97 88 47 69 31 59 2 97 8 86 5 42 1 25 39 43 58 97 35 61 39 87 92 13 67 93 96 35 89 59 5 97 73 99 41 85 39 98 61 41 24 79 26 20 51 7 28 59 47 20 46 36 60 74 69 30 19 63 97 93 55 81 53
81 27 96 87 12 47 72 51 3 16 99 34 16 30 77 68 91 91 73 88 6 63 68 80 92 12 1 82 59 43 56 63 18 13 7 90 8 55 55 8 6 71 15 34 14 70 89 76 28 99 37 6 61 45 82 33 99 66 63 77 67 63 37 50 10 90 84 25 61 42 90 69 62 77 29
66 67 35 80 19 4 11 13 56 91 49 39 83 40 80 21 56 85 14 64 95 70 99 39 42 3 76 55 71 77 76 71 33 60 26 99 9 18 27 42 51 67 83 70 37 84 25 79 47 80 25 8 62 20 7 60 6 28 39 62 43 7 63 16 79 2 72 41 82 31 80 75 61 86 20
55 84 64 32 43 7 75 65 36 94 69 29 26 37 85 92 69 82 4 72 50 6 52 70 20 14 18 59 28 84 28 69 95 38 52 57 41 53 62 4 38 46 99 32 60 44 50 9 51 62 72 78 54 27 68 92 33 44 86 56 42 97 42 45 97 86 40 57 45 55 14 6 23 28 85
17 28 32 53 25 54 66 70 40 95 18 23 42 29 79 29 3 16 56 69 61 91 20 28 13 96 88 32 28 73 50 70 1 82 1 26 73 84 95 85 36 94 66 32 3 8 14 79 94 78 68 39 63 89 80 60 67 54 29 15 98 38 3 87 25 88 2 16 98 9 46 99 48 28 85
81 10 25 1 36 84 47 72 1 8 70 18 67 32 28 51 6 69 50 8 83 86 55 43 8 7 62 24 28 10 20 68 54 37 68 27 49 64 13 95 7 95 83 33 49 81 38 35 8 23 51 45 9 59 60 62 16 46 95 40 61 8 37 12 93 46 25 89 99 95 95 30 54 89 26
92 32 99 81 90 11 4 79 8 23 29 71 19 80 28 21 42 52 7 20 45 29 74 27 85 7 54 37 25 75 78 51 57 69 78 44 89 29 62 91 76 59 7 91 50 23 13 19 9 4 57 29 25 50 36 17 19 16 25 84 49 27 11 43 61 58 37 32 56 24 26 35 12 97 75
10 39 72 1 96 4 5 11 45 16 66 90 28 80 48 13 76 43 37 9 99 67 42 20 61 30 54 71 40 82 17 54 52 86 73 51 26 9 8 29 71 36 76 56 79 77 23 82 7 48 82 70 81 47 17 44 8 66 26 56 45 35 30 81 91 32 38 59 10 91 46 49 71 45 51
11 44 10 51 20 41 65 27 4 77 17 51 98 76 23 99 55 3 39 64 92 84 20 79 97 41 63 94 69 93 53 13 32 41 15 12 31 98 11 74 31 88 92 65 18 90 63 83 50 90 92 32 97 3 65 93 25 34 51 79 5 53 2 40 35 91 85 97 51 29 47 59 16 54 34
9 53 79 83 96 49 84 77 37 14 17 77 89 33 86 91 83 99 9 47 67 93 88 77 58 79 82 15 24 62 73 36 66 86 48 64 10 93 36 30 15 57 14 71 18 9 28 19 30 16 2 63 25 75 29 8 27 28 83 62 10 46 84 63 80 8 80 26 46 75 40 30 64 60 15
39 87 61 27 5 18 94 65 68 92 78 78 79 37 4 41 93 14 9 95 63 61 85 23 73 2 5 34 74 5 6 25 69 12 95 94 51 2 3 85 86 54 74 88 31 10 10 78 25 62 30 99 20 57 60 73 31 45 56 36 53 79 83 97 3 60 62 98 78 4 70 54 54 44 69
81 49 43 19 83 48 71 19 74 93 52 26 71 48 96 93 67 13 34 82 32 82 68 2 86 74 53 5 14 95 12 46 48 92 5 34 71 56 35 60 48 5 52 27 98 21 70 16 33 46 81 87 52 84 27 79 93 20 10 65 20 33 55 35 45 98 84 13 46 90 18 37 36 96 6
1 15 14 44 78 69 63 93 38 94 85 28 34 52 78 64 97 58 45 35 7 76 63 94 43 75 5 2 20 41 58 10 56 2 80 68 73 94 74 98 97 79 46 83 3 51 71 60 13 83 47 29 3 39 74 30 12 97 18 17 80 97 97 12 56 56 48 40 59 54 28 52 13 53 34
8 33 69 90 4 30 89 84 72 2 62 88 89 21 85 87 66 32 13 2 21 12 88 85 53 94 99 62 1 59 57 87 85 90 26 50 62 30 11 93 60 52 36 8 24 40 2 21 83 60 17 76 39 56 66 32 33 26 23 82 54 59 97 46 26 12 78 40 23 86 5 76 22 38 36
47 7 31 75 62 45 5 6 11 66 2 38 29 84 27 45 21 2 15 70 78 30 16 19 82 11 15 21 27 32 62 8 97 69 53 4 86 23 73 17 5 86 89 76 12 94 10 25 3 50 8 80 75 1 79 5 6 12 18 36 92 56 24 14 83 77 59 66 13 61 20 60 24 2 38
20 38 27 11 43 81 97 64 64 58 37 33 81 38 59 75 14 63 78 73 5 66 68 72 17 49 56 60 76 23 82 90 67 88 52 75 48 33 82 63 38 82 34 71 47 66 28 80 19 38 69 94 47 82 37 19 69 39 89 80 10 21 84 68 49 5 9 24 67 5 23 37 23 32 8
45 61 77 21 68 63 19 13 46 42 38 15 9 46 71 23 54 10 61 83 50 96 76 95 15 72 47 41 8 33 42 69 71 49 72 78 69 95 54 95 90 97 29 76 30 64 26 13 38 51 17 32 67 22 58 51 58 51 27 59 59 28 38 12 62 21 14 77 67 73 57 83 72 95 23
97 47 50 7 43 1 15 8 20 28 2 71 8 20 9 10 69 41 63 46 69 2 86 70 57 5 58 51 75 60 99 62 98 44 59 3 86 73 18 9 69 10 17 88 68 59 9 2 95 41 83 44 89 86 92 7 75 84 43 13 59 87 29 16 8 84 54 8 94 77 29 39 95 53 55
73 26 86 50 90 11 32 36 9 15 64 90 79 3 88 49 41 71 10 74 32 78 37 62 73 36 86 39 24 59 93 87 95 64 98 48 64 43 5 74 67 58 11 60 92 46 64 68 86 18 94 11 86 23 12 49 38 18 32 58 12 75 34 58 17 10 30 67 16 55 14 53 62 48 54
83 59 80 32 74 57 81 2 46 76 97 12 45 91 24 74 98 7 73 62 12 3 44 75 44 21 93 78 13 70 50 66 56 11 26 91 14 94 64 59 64 16 90 55 61 33 42 52 90 2 18 4 46 53 22 20 90 79 43 65 58 86 35 7 30 32 43 53 69 52 19 40 59 58 71
27 80 61 51 60 46 45 64 67 26 59 3 20 86 39 61 71 44 55 68 77 82 65 34 40 66 96 91 16 56 64 22 65 18 13 85 44 80 9 90 46 40 32 66 89 9 81 26 90 72 1 70 75 30 8 34 41 93 53 81 58 93 96 18 73 47 42 66 37 60 72 36 11 74 12
92 91 47 45 71 76 9 4 81 64 29 75 93 29 62 95 7 42 20 81 47 87 21 12 79 3 80 80 43 98 10 93 48 73 83 89 11 43 18 12 86 33 9 12 86 75 32 62 63 13 48 77 56 5 1 58 76 80 69 6 14 61 14 35 42 2 78 83 56 2 69 95 83 64 28
5 93 34 73 93 42 18 69 74 32 75 93 26 76 62 89 38 9 59 19 42 2 66 34 1 43 29 76 37 23 17 50 50 4 47 77 50 55 66 23 90 68 37 36 3 3 31 94 38 15 15 73 51 42 80 71 58 18 15 96 44 73 42 67 64 91 68 63 15 80 92 14 15 45 94
12 51 41 43 57 23 64 54 6 39 52 26 77 5 14 26 64 94 58 17 66 11 94 59 20 37 4 10 16 18 18 93 78 81 19 74 73 75 8 60 4 41 4 28 61 51 2 31 9 65 20 54 18 9 75 42 84 97 77 51 29 83 69 46 29 13 48 27 86 24 68 48 50 53 69
69 72 12 60 69 69 12 12 40 70 18 37 92 22 92 53 75 24 98 9 88 46 17 11 19 68 58 1 86 69 35 26 33 48 61 66 6 2 16 38 66 42 67 33 71 40 19 34 90 71 58 45 6 35 7 42 51 49 43 58 58 29 80 35 93 49 25 93 76 3 48 82 47 78 52
9 33 57 60 51 33 14 54 15 89 49 21 42 94 60 41 26 85 62 91 28 70 37 38 43 85 38 49 77 19 35 21 19 93 6 15 25 6 90 41 52 6 81 30 41 34 27 63 76 19 7 92 50 98 83 85 99 20 4 66 46 22 70 61 24 85 49 83 83 53 83 5 36 72 55
67 56 40 46 99 87 39 45 71 29 93 23 57 45 68 40 90 52 51 4 46 26 51 58 69 96 66 54 9 84 61 65 58 96 71 12 31 98 53 73 95 42 59 26 88 49 95 56 78 99 35 22 45 79 76 38 30 60 64 26 93 38 42 83 63 31 44 49 54 70 15 73 65 73 50
92 15 37 14 29 45 70 70 29 99 58 21 40 67 13 75 96 19 41 38 88 52 87 68 98 18 33 14 6 8 31 19 3 91 28 87 73 50 94 76 67 50 8 48 87 53 50 53 66 75 62 54 40 4 86 4 30 97 92 51 64 86 27 22 73 66 81 77 42 11 46 14 78 73 66
27 63 45 2 82 87 6 57 89 31 5 14 40 88 10 79 54 45 58 95 45 70 25 48 57 90 81 76 88 51 18 24 97 70 91 86 24 25 44 59 63 81 63 76 79 30 96 24 71 46 49 72 9 50 67 87 48 94 20 79 99 55 55 99 1 20 68 9 98 81 56 94 4 60 86
3 33 39 30 82 14 89 47 69 99 91 19 34 53 29 98 51 85 62 99 25 37 37 65 21 96 14 7 36 75 95 16 91 58 41 45 67 97 11 27 58 27 74 84 11 2 1 56 41 22 56 98 57 92 41 34 83 42 38 3 78 71 99 20 81 6 12 12 86 93 4 3 68 19 65
8 87 42 59 70 18 19 41 5 75 51 80 9 69 39 67 57 92 84 72 7 38 29 49 79 18 23 14 32 77 91 15 3 38 49 20 33 62 81 83 28 22 93 45 72 28 9 82 56 62 95 7 20 27 78 84 56 45 57 83 66 54 98 38 6 45 77 68 67 23 84 11 28 76 84
88 16 43 13 66 7 23 93 3 12 86 8 9 71 50 32 79 36 91 79 58 72 11 87 51 34 32 88 73 95 12 30 73 47 68 69 22 80 4 81 6 21 1 2 1 50 8 8 44 76 42 51 45 2 22 10 77 98 10 93 31 29 61 90 82 67 79 93 6 90 64 51 35 28 50
16 45 63 73 9 31 35 66 19 52 71 30 30 66 38 7 79 16 73 53 21 10 77 99 8 79 71 77 49 76 75 56 27 98 84 43 33 85 43 70 91 51 60 9 79 47 78 29 72 95 12 57 92 90 85 60 21 8 87 18 38 49 95 32 8 19 20 44 87 11 67 69 96 93 5
36 71 90 5 64 24 71 40 21 60 36 76 46 41 44 8 75 27 20 92 11 30 2 9 23 77 47 16 23 54 58 64 3 79 15 31 86 97 56 53 59 74 5 89 9 62 15 92 97 15 2 85 88 90 95 41 48 72 15 11 59 6 86 48 17 87 75 85 28 25 79 51 70 59 71
46 8 30 36 25 73 60 37 31 9 13 82 38 51 34 98 42 89 1 83 31 62 32 42 74 99 37 16 23 58 31 65 60 52 63 79 45 12 14 58 40 82 88 12 29 24 92 6 19 69 68 33 27 38 56 95 95 40 4 54 83 43 51 60 68 10 16 21 34 91 57 78 24 44 3
97 86 11 43 37 63 41 73 91 85 17 46 15 97 21 17 68 76 84 69 27 50 97 60 12 66 41 49 92 49 94 74 73 81 17 60 99 24 36 4 62 63 95 22 36 14 88 10 11 16 75 86 37 81 8 32 97 63 62 50 35 76 26 37 65 14 85 83 69 32 72 60 86 72 54
47 89 18 71 66 88 27 86 55 42 99 66 7 53 41 76 51 89 50 5 1 73 60 72 8 21 93 95 10 97 29 56 47 38 49 28 65 48 74 59 69 23 45 5 93 41 32 75 7 98 19 68 55 92 39 73 86 49 57 20 73 88 4 65 11 58 50 30 55 21 62 90 80 91 1
36 95 68 57 66 25 18 58 42 8 70 6 79 12 42 50 12 61 16 7 42 56 17 19 60 75 85 33 36 72 26 80 10 76 69 30 31 56 86 58 49 23 30 90 2 91 36 36 60 10 26 59 61 18 88 98 79 40 47 12 94 46 36 26 22 22 33 29 43 52 75 12 41 92 92
44 98 4 28 72 3 58 94 33 97 43 86 45 45 50 77 97 3 12 87 82 8 36 18 93 67 75 31 21 52 50 73 72 51 29 56 51 58 49 78 99 97 44 11 48 81 30 56 16 40 16 8 67 49 50 98 3 40 36 88 88 7 46 11 95 94 51 26 13 68 80 50 50 69 19
84 16 9 75 65 96 64 52 96 2 5 9 61 1 56 87 74 71 25 2 74 22 73 61 51 59 41 44 73 31 12 14 79 84 95 61 21 6 55 49 64 91 52 84 97 22 52 98 73 20 29 39 71 28 62 3 93 43 94 48 60 23 95 52 81 27 16 18 78 95 70 90 43 21 61
58 65 35 45 2 15 19 74 49 56 1 33 81 15 45 21 86 20 10 84 76 28 94 57 87 53 97 23 5 89 67 33 66 47 73 71 12 51 8 10 95 43 7 39 84 50 25 66 77 94 98 91 22 94 29 22 74 52 46 84 14 72 42 75 93 52 3 75 6 94 37 65 63 11 53
52 19 70 17 18 80 52 24 40 45 32 4 55 48 74 40 64 92 14 43 50 6 39 29 17 6 79 90 69 14 39 79 18 21 53 40 47 75 69 32 4 83 72 90 57 31 3 74 97 98 20 23 63 84 42 97 77 83 72 81 81 2 89 65 69 33 53 72 50 97 90 15 25 91 62
86 4 99 30 50 15 59 30 76 96 76 91 42 75 94 89 84 38 14 45 68 50 82 99 26 89 27 96 97 88 26 56 69 97 94 62 38 5 92 39 86 91 77 55 48 99 86 12 93 82 52 47 73 84 41 48 54 97 89 68 2 46 14 55 78 24 85 30 16 96 80 54 68 17 38
39 50 66 95 56 3 28 33 6 52 43 88 40 86 36 20 78 47 89 41 58 50 77 82 91 36 67 57 63 17 20 42 85 58 83 93 22 34 84 51 2 90 93 39 91 22 7 60 50 14 34 28 91 59 80 47 39 32 56 7 71 64 82 21 73 68 52 69 12 15 20 96 48 15 23
56 84 21 90 20 57 60 29 54 85 89 93 13 17 83 7 58 63 60 73 29 11 75 39 48 44 17 39 21 75 54 36 8 95 25 35 45 45 86 23 32 92 23 80 69 14 8 54 12 70 84 15 4 56 89 30 97 97 65 87 63 18 41 61 17 69 68 12 16 1 23 38 57 44 63
12 43 49 27 59 5 90 67 17 13 28 80 7 61 94 19 13 36 45 60 7 93 13 72 23 33 80 45 64 18 25 43 56 56 52 3 30 11 15 67 82 57 53 49 93 23 33 93 29 11 12 62 92 93 62 2 84 81 44 3 30 14 31 75 45 20 60 85 84 16 99 19 36 25 28
1 6 67 59 85 88 93 60 16 40 91 79 66 63 67 34 93 63 17 6 12 85 71 63 78 45 93 76 1 76 30 54 97 71 67 61 64 37 74 68 90 5 70 6 32 42 35 38 69 8 92 58 92 53 43 98 82 82 75 85 41 41 71 46 79 57 34 61 38 24 8 35 77 22 78
21 20 97 63 39 62 28 59 85 13 86 60 30 47 11 99 36 85 55 13 1 31 78 37 27 49 85 58 77 96 36 31 93 59 69 58 22 3 75 87 46 55 82 55 16 33 57 94 17 67 27 63 95 47 5 59 39 57 41 82 3 74 78 33 5 18 57 50 70 73 47 37 95 86 3
51 37 29 48 12 14 89 47 64 96 11 4 59 94 8 34 70 32 87 91 17 88 37 76 63 46 37 76 46 65 30 19 98 97 85 30 63 63 36 43 42 76 23 38 40 6 33 16 8 62 7 28 83 81 70 30 29 53 75 65 5 22 77 56 40 32 98 22 88 92 56 33 26 45 70
7 11 6 57 14 3 33 77 9 94 81 53 71 42 63 22 44 98 46 96 8 40 76 8 19 10 93 56 73 24 53 37 5 78 7 44 5 45 66 3 33 22 21 82 46 29 33 9 52 34 20 44 66 9 16 90 14 49 47 43 84 96 97 72 73 74 95 46 98 78 26 68 8 45 65
20 69 29 40 55 16 71 52 30 17 7 49 29 95 34 86 3 66 69 92 56 68 18 31 16 76 80 57 55 80 79 92 12 69 57 9 28 64 33 59 81 94 3 42 57 54 47 77 65 37 11 90 63 48 70 67 87 17 76 78 90 44 36 37 58 74 5 13 13 60 34 48 86 95 58
85 30 55 91 29 65 25 64 80 37 97 31 56 47 89 15 55 23 20 47 18 28 2 27 2 44 26 3 57 97 5 30 38 9 25 1 32 52 58 13 3 39 53 44 22 17 5 68 11 84 28 38 72 59 13 57 41 75 92 31 59 60 46 64 58 93 86 11 65 79 90 52 54 12 57
89 79 40 43 79 97 88 26 63 40 98 68 61 34 99 7 74 52 25 34 87 30 99 58 32 81 82 90 34 16 69 82 85 62 15 95 10 26 86 71 79 45 63 33 16 97 35 63 81 7 76 35 31 39 23 28 49 86 73 51 76 90 33 50 47 17 56 44 15 25 5 24 92 58 85
80 83 79 27 31 86 59 24 22 33 90 65 25 51 8 69 41 78 66 81 20 52 70 5 12 89 69 18 3 61 2 10 72 92 55 97 49 31 75 27 96 51 25 77 13 57 31 78 78 10 74 9 14 92 45 96 8 29 91 81 34 22 12 99 96 28 73 64 42 35 48 93 8 62 1
35 9 90 62 90 34 78 2 27 27 42 54 97 10 77 8 29 94 70 88 47 3 63 73 49 3 57 20 39 49 27 59 47 15 29 39 76 1 5 79 2 93 22 95 88 37 29 27 76 21 32 47 61 58 69 16 94 58 25 20 82 91 2 84 67 58 32 33 54 55 58 24 92 79 45
90 76 14 58 64 69 29 28 48 36 76 24 27 80 16 57 95 45 43 69 21 30 19 50 11 96 45 26 27 3 54 84 24 66 61 44 49 9 68 28 70 9 41 49 63 82 46 83 95 77 71 10 1 43 93 75 25 2 14 47 49 3 85 24 22 50 78 69 87 6 87 47 9 75 32
96 2 32 7 14 18 23 96 30 73 67 22 49 77 61 42 81 30 76 90 21 52 22 96 43 99 48 24 23 30 69 8 50 88 49 20 40 45 27 4 30 61 19 98 10 40 52 42 32 87 40 84 69 13 51 36 78 31 3 1 9 12 15 15 33 9 62 9 23 14 14 47 10 52 32
67 7 84 38 65 22 94 57 42 81 85 82 59 63 12 90 69 57 88 48 97 43 2 18 87 84 98 88 43 66 70 11 21 92 35 65 80 21 28 27 52 14 59 85 79 15 39 12 75 59 10 96 79 9 2 19 63 86 84 9 30 12 28 45 98 27 64 27 53 41 36 55 44 14 1
70 58 10 97 30 65 2 29 25 62 4 7 15 83 28 57 86 4 58 4 64 79 55 83 92 72 72 54 27 91 20 24 86 46 41 23 56 10 62 64 72 7 4 30 8 81 9 62 25 76 98 80 54 43 81 82 39 15 70 62 58 44 65 14 90 14 43 74 62 89 90 98 32 7 71
93 89 84 17 65 68 48 54 92 20 53 81 68 16 95 33 73 39 18 58 52 89 35 36 26 7 90 33 93 69 45 40 13 58 80 24 63 15 44 46 89 9 41 12 82 25 43 20 62 10 11 29 79 20 1 72 15 20 29 52 43 29 94 62 93 24 94 46 40 70 98 13 8 97 32
86 66 29 11 14 97 25 61 30 51 86 57 54 97 96 33 76 81 42 70 10 98 82 13 87 57 41 48 89 95 63 28 97 25 3 60 22 6 52 40 74 84 94 31 52 2 48 80 63 66 52 47 58 91 94 84 55 20 45 49 58 64 89 31 30 74 30 15 54 93 33 56 19 58 6
21 89 92 87 94 79 7 5 81 45 17 59 65 96 81 9 49 85 63 14 12 5 94 25 65 87 8 55 53 87 53 63 92 75 85 2 54 37 94 37 95 85 87 53 73 89 58 60 45 40 22 99 98 65 11 80 46 10 54 75 40 8 15 43 74 29 48 37 38 3 94 9 26 63 7
68 22 31 60 19 10 91 93 9 34 44 36 18 4 13 83 36 27 79 57 75 28 34 75 47 19 98 34 56 52 2 69 6 8 33 74 61 49 5 82 25 4 65 91 9 62 14 50 44 90 70 57 22 71 88 95 67 58 98 55 48 56 19 63 83 45 96 6 67 35 42 35 78 29 18
45 59 19 47 37 69 82 54 38 18 10 3 29 83 31 2 55 74 66 32 66 32 65 85 47 5 45 46 87 5 69 12 53 93 54 88 23 49 82 27 73 35 79 18 92 52 89 47 66 52 51 35 76 70 62 97 31 67 14 41 58 27 79 11 56 85 41 34 97 46 84 42 79 73 44
68 49 84 30 9 86 80 79 23 32 59 87 20 95 76 46 44 9 12 97 58 80 80 83 56 47 25 58 67 16 52 88 75 16 14 96 51 1 79 70 95 34 45 67 13 7 57 21 7 47 20 6 21 99 86 81 72 26 78 69 91 41 7 33 99 44 83 5 93 15 98 62 30 10 27
16 50 14 55 77 42 57 38 23 77 92 52 25 78 77 34 81 74 90 85 50 97 97 47 64 33 20 59 68 86 16 97 17 3 61 16 97 80 57 20 20 4 35 55 63 16 89 29 89 6 22 88 10 66 62 81 83 42 80 39 95 29 79 18 99 28 35 38 86 97 75 41 45 25 87
22 64 8 52 21 2 15 67 92 7 61 51 79 20 23 46 75 28 68 71 37 41 98 12 16 21 67 5 91 98 38 42 97 2 96 29 97 93 59 15 40 78 32 41 63 74 31 78 46 72 2 37 91 14 6 40 72 40 80 23 57 80 43 15 62 60 74 86 86 64 54 6 70 36 65
29 25 69 38 77 51 71 75 79 83 84 54 24 80 85 19 66 12 61 89 72 29 24 79 31 44 61 6 54 89 56 16 90 40 87 36 83 31 41 34 27 2 17 53 41 80 13 84 41 79 80 35 94 98 27 83 41 60 12 57 47 27 48 57 81 79 85 77 57 77 78 33 80 17 67
60 59 49 21 76 67 27 4 9 76 39 5 5 9 80 59 91 73 43 4 47 52 18 78 77 3 69 80 90 77 41 40 87 34 30 76 73 94 98 6 97 15 43 63 66 21 86 94 90 40 54 13 2 63 97 13 93 67 84 20 98 55 51 25 28 41 77 52 82 62 71 54 85 74 45
49 72 71 74 97 17 23 94 21 43 20 78 44 50 27 29 82 4 15 68 48 81 96 8 73 14 42 5 26 47 94 32 26 57 83 27 30 96 81 67 86 63 95 25 36 42 16 86 48 92 4 97 37 31 79 86 2 17 2 74 87 89 53 62 51 69 82 40 1 43 45 46 1 84 20
61 13 65 38 46 51 26 10 46 40 17 51 16 85 77 51 47 90 27 72 18 96 27 3 79 95 22 96 10 65 47 42 88 2 96 17 83 70 19 21 15 78 40 7 76 19 59 27 45 36 18 82 35 19 62 26 46 23 91 70 9 85 48 64 14 33 78 4 63 6 58 36 48 46 89
74 43 12 9 86 49 22 31 14 20 27 9 68 90 97 43 83 92 12 81 71 17 86 26 11 70 93 86 74 91 67 10 28 45 41 21 89 37 10 85 79 50 83 87 37 29 42 50 42 86 41 18 99 61 23 56 45 81 58 40 65 3 71 30 90 58 62 73 81 55 66 22 53 5 63
94 71 74 79 79 33 1 47 85 40 24 63 63 59 73 10 87 13 53 97 97 13 14 35 43 72 70 86 98 44 69 26 93 22 89 48 98 51 88 72 92 90 5 43 99 8 80 3 9 90 6 75 34 78 85 6 1 36 70 99 18 10 81 72 59 5 96 55 45 71 70 36 81 96 98
25 8 92 49 59 8 78 83 84 76 30 18 62 89 23 85 55 28 53 62 20 48 82 36 48 92 75 77 93 90 94 24 73 44 12 36 78 57 20 3 47 10 59 95 10 95 49 69 41 82 33 84 66 23 40 75 4 64 77 4 35 19 35 89 58 55 47 16 61 82 71 34 33 49 9
27 23 25 45 32 5 12 91 27 72 65 36 77 58 63 43 84 41 31 30 1 27 36 69 4 87 66 29 53 60 71 5 7 5 57 26 20 92 2 50 3 55 64 50 72 27 28 44 65 47 96 94 20 34 45 43 34 47 79 89 56 88 5 73 58 89 57 52 31 39 59 30 17 33 25
81 20 80 72 78 73 1 18 33 90 55 85 69 57 8 28 22 96 32 88 72 90 32 64 73 87 4 78 37 85 98 15 32 73 75 61 37 23 30 95 69 5 91 86 7 58 2 14 72 85 34 99 28 39 39 8 8 89 93 16 18 76 81 15 55 66 47 55 86 63 96 53 54 28 58
60 24 88 96 73 59 17 41 96 94 11 72 94 24 83 62 95 11 47 78 93 43 53 17 21 18 8 81 70 43 84 88 83 43 68 51 58 33 67 55 59 37 54 26 30 33 66 49 85 77 92 55 34 65 81 50 28 16 68 54 19 33 86 52 31 25 11 69 43 61 89 29 72 42 19
93 17 59 40 86 53 59 6 41 72 89 87 18 89 52 77 13 5 92 49 27 95 97 76 13 47 79 53 89 67 55 47 32 10 79 55 77 72 50 18 30 26 32 92 72 41 96 63 58 20 26 18 84 30 91 71 67 43 85 15 79 57 65 70 96 49 83 44 45 94 31 21 19 6 79
11 76 34 80 81 26 54 65 25 84 82 90 8 34 6 1 10 52 80 71 92 9 34 40 5 54 97 35 97 23 89 25 14 45 29 93 70 68 79 69 34 32 43 51 68 99 53 90 40 93 25 62 70 60 53 4 9 97 62 64 8 41 77 65 52 17 91 8 15 69 79 38 61 92 87
69 94 46 26 37 67 34 14 76 51 35 92 35 50 48 55 61 89 88 93 71 77 63 3 41 6 19 12 71 23 77 4 82 15 55 23 11 42 51 83 11 60 21 49 84 18 70 62 99 11 94 85 16 52 33 1 3 8 73 78 48 9 35 43 91 91 18 70 92 71 99 34 66 86 71
22 4 18 31 63 25 80 55 26 62 16 64 72 65 46 39 38 37 2 20 35 74 2 54 68 50 28 14 36 59 75 65 82 51 44 23 62 2 23 66 32 64 67 57 38 40 10 96 5 75 4 33 74 62 37 30 20 95 55 12 67 6 26 41 45 35 48 10 66 44 77 96 15 57 97
63 74 38 11 44 84 22 23 75 20 36 94 71 49 42 75 61 8 38 31 23 17 88 34 57 56 44 51 11 29 83 20 76 2 53 72 43 22 46 52 73 99 54 75 82 74 77 11 1 55 88 88 78 85 54 96 44 1 15 42 17 10 35 9 4 59 40 65 38 74 15 10 29 82 98
48 1 79 86 37 91 2 49 47 7 33 76 93 91 87 86 45 30 73 13 75 3 46 65 97 70 79 85 68 79 87 3 63 89 81 69 1 19 28 31 36 79 17 57 2 51 77 50 69 26 85 91 77 89 39 79 28 13 3 74 82 85 38 63 91 4 26 7 63 52 37 16 43 26 3
15 61 19 47 30 73 1 48 99 81 1 41 3 6 11 65 96 18 82 37 56 88 59 10 63 61 4 42 56 31 17 3 29 69 89 33 16 35 68 78 32 46 8 22 61 1 20 47 4 51 68 44 60 48 18 15 46 63 28 19 68 55 49 94 71 27 15 19 4 67 35 97 46 66 1
99 7 7 75 2 27 13 19 89 57 89 86 87 51 89 63 56 2 37 4 8 45 95 24 27 95 67 12 6 58 47 9 86 42 56 87 59 91 26 93 51 67 66 55 14 32 65 39 46 56 71 43 76 81 92 5 37 14 4 25 71 48 66 41 14 87 40 10 57 42 93 33 92 80 96
40 97 40 70 48 55 1 2 5 56 22 78 37 86 64 16 79 6 47 10 31 69 14 19 15 88 7 57 12 47 34 56 67 6 14 62 66 80 7 40 58 64 55 20 57 31 95 16 5 10 32 16 23 67 41 1 15 77 39 70 13 54 75 88 18 30 89 94 88 25 82 50 92 79 58
79 19 71 21 2 71 45 26 47 56 99 88 6 9 33 30 56 21 82 6 73 26 50 27 3 88 32 43 49 74 28 65 97 67 87 20 6 49 55 4 30 17 44 17 25 44 35 60 84 87 59 67 90 35 59 37 86 18 70 62 2 74 4 37 11 49 59 79 64 11 4 56 78 25 92
19 99 86 20 82 76 2 73 94 19 16 55 32 52 98 83 39 98 31 41 32 51 8 45 69 61 77 55 58 4 53 56 33 1 75 13 98 4 36 89 10 96 22 34 7 96 61 36 78 15 28 17 12 86 93 83 6 6 81 75 65 41 6 26 72 5 34 49 68 51 79 40 24 53 48
77 96 14 58 15 71 81 62 92 21 90 16 66 3 81 39 57 84 4 63 77 83 99 74 87 12 19 21 39 56 13 3 12 57 89 72 44 17 14 21 31 81 30 44 42 15 15 43 14 73 99 25 9 90 80 17 12 66 61 14 3 7 64 37 87 43 33 11 79 21 83 79 61 27 25
87 97 46 86 47 63 64 30 79 73 62 76 38 71 30 98 22 54 23 39 1 16 59 45 82 80 97 80 81 43 91 71 18 10 78 39 51 68 98 12 59 33 80 12 17 57 9 4 26 89 48 18 28 71 81 11 74 2 84 86 14 49 3 4 68 39 25 78 77 32 56 39 45 9 84
24 86 19 54 96 39 17 5 39 38 45 89 68 60 29 1 92 84 28 30 77 67 72 30 59 73 9 69 42 2 87 56 59 93 89 61 8 76 68 74 25 86 70 30 63 95 1 90 63 43 65 19 25 55 18 67 71 37 89 36 25 8 18 17 81 16 51 13 58 97 64 27 16 19 17
21 50 62 82 94 63 66 53 39 52 65 43 69 31 98 5 13 64 38 81 98 44 41 21 83 98 79 61 6 10 47 89 80 87 81 2 43 5 14 30 88 63 10 18 26 40 10 33 92 43 63 18 57 53 46 7 48 13 22 93 99 36 66 93 95 55 42 26 38 28 87 38 87 59 51
32 89 41 84 84 59 77 65 22 94 57 35 97 24 16 54 45 78 47 37 40 21 37 90 72 22 70 90 69 21 44 64 39 95 79 59 42 88 77 49 15 61 45 56 90 17 43 97 20 51 18 29 64 45 87 99 37 31 17 67 89 41 7 67 38 37 44 17 81 80 45 3 35 46 77
67 49 32 57 49 10 2 93 90 79 93 35 62 57 33 90 28 69 84 39 22 42 41 41 25 96 50 45 94 35 72 35 73 8 61 23 33 68 84 58 1 25 70 90 99 1 22 55 90 62 49 42 19 23 10 20 55 30 54 57 29 17 70 62 72 36 87 89 48 79 53 95 79 24 3
77 73 81 93 34 41 8 44 51 22 38 71 61 79 71 67 90 51 81 34 45 87 92 79 53 53 68 51 68 13 39 80 25 1 57 49 26 97 78 79 50 84 88 94 25 84 12 48 88 34 96 19 97 6 36 99 19 64 63 55 73 61 61 69 44 15 74 9 20 88 26 39 50 38 12
80 54 6 4 62 20 56 18 33 42 10 21 38 82 31 61 30 58 77 97 50 58 50 75 97 58 67 81 97 85 45 96 75 18 42 41 78 33 64 93 23 26 19 88 61 74 50 91 51 74 1 48 5 31 33 87 27 66 38 12 85 65 38 45 34 6 40 83 58 58 20 83 95 44 5
25 97 30 90 85 51 26 54 49 3 44 48 56 23 78 11 92 97 21 48 23 72 15 38 77 59 50 69 32 98 68 13 55 15 12 54 59 11 35 87 50 86 42 87 92 80 67 92 89 38 38 19 13 2 32 67 47 74 41 92 5 42 5 42 83 17 72 86 26 23 18 34 23 69 10
97 42 91 39 82 59 29 83 50 77 25 92 30 54 91 65 4 34 66 29 22 60 25 67 31 52 67 69 87 60 87 15 30 27 94 32 55 22 53 55 67 9 72 29 23 54 23 82 28 89 22 91 56 47 58 72 46 47 66 15 24 27 17 53 59 92 11 1 68 99 34 54 48 54 33
69 98 47 48 31 24 52 77 94 9 61 47 18 53 51 64 72 32 27 29 46 84 88 63 77 98 82 85 8 79 25 4 95 31 78 15 38 53 23 59 29 40 29 24 72 88 41 5 20 74 34 7 29 19 89 21 57 58 56 92 20 70 67 77 40 67 72 28 59 50 22 49 11 73 57
53 87 35 16 15 22 62 71 17 70 5 51 34 30 36 15 60 77 51 51 93 29 61 86 27 87 25 89 11 79 73 45 70 75 47 38 56 50 42 39 63 53 44 10 53 90 67 38 36 25 13 20 74 75 42 32 93 22 66 12 72 72 93 32 63 78 8 91 28 96 21 45 47 58 1
92 42 36 80 60 45 27 70 34 11 88 90 74 80 97 94 11 16 58 36 64 23 55 21 37 10 59 17 59 99 27 58 62 70 26 31 93 64 82 83 56 12 14 54 50 28 28 26 94 43 65 84 37 44 48 21 95 22 93 67 77 28 31 61 10 57 50 94 59 78 89 10 93 1 16
17 83 96 61 92 7 6 43 66 70 14 50 50 63 96 1 70 72 31 82 29 17 14 35 97 30 13 72 23 74 34 54 95 18 83 40 20 23 56 78 39 77 8 41 14 30 82 68 13 37 63 47 80 38 18 79 70 73 83 70 2 40 52 80 44 23 77 27 94 25 36 76 30 89 18
51 24 76 74 95 42 85 15 13 69 8 1 58 99 18 39 62 25 79 6 20 67 75 76 46 41 81 76 64 72 96 30 61 16 50 74 29 41 32 73 93 6 2 54 65 15 84 80 33 86 30 64 81 9 14 78 16 3 62 76 71 78 14 97 72 79 8 83 86 20 37 76 21 79 15
83 26 49 14 30 5 43 67 97 5 32 88 82 45 72 36 11 19 42 97 82 37 71 46 17 7 60 41 23 1 39 9 68 98 73 90 80 85 92 53 7 85 5 99 11 11 87 54 1 28 29 75 12 81 96 23 49 24 88 1 94 37 28 47 27 35 88 20 67 75 78 87 18 41 84
44 5 62 60 58 45 93 59 86 50 69 2 76 97 31 34 40 76 43 62 3 89 22 15 22 49 72 98 10 45 9 50 33 73 70 83 3 41 15 44 71 26 14 40 60 28 47 51 62 15 46 44 18 95 3 25 56 86 55 60 15 90 55 47 15 8 26 99 83 40 36 65 85 58 7
83 52 16 57 35 61 49 67 84 11 66 3 87 6 90 65 42 24 60 5 25 11 62 20 2 22 67 43 44 19 32 13 37 53 16 30 12 38 81 34 42 47 25 7 8 65 58 67 45 75 3 41 71 40 12 97 41 91 96 44 20 27 30 18 57 50 49 39 46 35 78 41 60 19 26
27 37 30 2 36 4 78 25 40 79 13 59 88 34 88 21 34 85 16 64 57 5 64 85 12 82 91 6 39 94 15 18 82 26 82 2 63 62 67 63 30 56 47 37 47 41 73 8 82 78 20 23 72 63 99 4 16 45 16 16 15 18 90 8 47 59 35 30 69 87 87 72 93 48 35
41 11 33 54 49 35 16 73 64 94 62 12 94 57 67 22 36 75 97 10 69 67 13 71 60 9 23 88 34 17 87 53 79 94 17 36 74 99 57 13 47 95 10 94 45 62 22 61 37 57 94 53 33 43 29 44 2 12 46 99 5 34 52 83 46 79 50 61 45 84 42 59 62 79 37
11 15 61 2 4 65 59 81 98 2 25 85 18 23 93 24 69 96 76 44 51 78 97 22 18 54 1 26 33 68 4 26 93 23 13 90 13 10 29 1 23 94 68 51 77 52 2 6 24 78 60 34 86 94 72 32 25 76 83 61 18 52 61 12 5 54 94 98 9 82 79 58 11 17 96
88 55 58 7 81 58 14 50 87 76 61 59 44 68 27 55 34 76 86 22 15 95 7 80 75 49 87 44 59 11 31 64 69 48 75 42 48 41 10 8 55 65 70 36 88 95 48 89 42 97 29 68 94 26 41 31 47 86 18 8 5 63 67 78 68 84 8 43 86 90 43 64 25 39 4
88 81 52 63 54 83 59 85 23 36 84 91 91 1 66 7 96 67 6 5 57 24 34 93 70 52 35 82 63 92 63 23 49 73 46 10 52 58 37 83 48 23 91 57 30 90 7 39 7 67 43 86 9 9 33 93 41 25 60 78 41 49 24 28 80 40 65 81 97 31 87 99 12 65 61
57 69 14 59 53 88 97 42 97 76 10 18 91 79 17 24 23 32 87 40 19 2 12 46 17 81 5 70 18 50 26 95 40 80 1 35 39 22 30 36 84 96 9 85 27 50 46 21 40 7 32 88 98 35 55 53 72 25 33 68 61 7 23 96 30 34 26 81 92 60 26 38 39 40 14
50 27 69 56 5 90 61 76 92 79 37 5 63 55 47 33 87 9 44 87 26 67 21 21 68 70 37 66 85 80 6 60 42 23 31 5 50 89 19 63 59 21 87 90 3 78 74 52 27 9 52 37 53 94 24 33 77 48 7 61 24 47 88 17 98 64 67 88 4 34 22 94 84 62 4
37 4 70 56 38 33 97 52 96 85 14 14 60 36 77 51 63 86 58 76 80 65 62 36 8 21 89 3 10 38 54 1 72 72 54 98 52 9 83 48 39 28 9 21 43 95 64 79 45 16 23 96 14 84 37 24 78 3 68 41 48 99 73 56 88 5 84 40 49 54 68 37 81 10 39
98 96 87 32 2 53 59 48 97 23 75 66 94 99 56 92 20 43 99 55 64 53 19 27 18 57 99 9 73 77 60 77 68 2 2 95 24 36 23 32 74 49 79 86 5 70 93 22 29 25 62 64 6 4 43 23 7 11 75 13 87 22 77 77 63 88 42 23 55 53 62 77 16 86 40
12 99 75 23 33 27 41 45 85 48 24 1 92 96 22 62 55 49 27 54 70 20 72 74 35 9 1 30 51 63 68 8 1 63 43 76 84 47 47 15 46 82 16 87 44 47 26 95 90 74 26 88 89 1 69 53 55 49 88 19 72 80 7 83 27 63 90 97 38 99 96 28 37 10 74
41 55 98 90 93 67 21 44 4 29 20 51 94 46 41 27 25 99 48 22 57 16 57 10 46 74 71 7 15 6 79 35 43 34 96 97 69 81 83 29 1 9 7 13 52 9 39 35 32 69 86 19 50 31 37 75 77 20 74 64 79 7 55 70 1 69 86 44 94 70 53 91 54 39 22
13 77 59 55 89 13 58 86 33 93 89 2 28 24 12 99 83 43 96 83 95 37 57 6 56 33 9 82 54 24 30 17 5 16 16 23 25 64 96 18 19 36 44 15 93 94 90 98 28 8 43 17 18 48 71 13 32 57 71 51 77 98 82 38 2 8 72 40 92 55 75 15 68 39 45
97 18 64 97 95 56 6 17 4 19 74 15 26 5 17 97 97 77 94 16 65 11 89 65 61 39 40 19 65 62 15 44 34 56 57 34 67 70 22 68 70 71 87 50 30 5 87 44 11 96 35 63 3 85 40 31 53 42 63 61 43 13 38 41 1 89 65 56 38 88 60 65 28 93 2
71 72 75 26 24 86 4 29 96 23 51 44 55 20 73 23 25 5 53 30 83 87 61 96 33 94 79 94 67 1 94 89 70 69 11 92 25 11 22 59 22 10 71 19 89 61 94 84 91 3 44 76 60 92 64 35 99 20 36 76 54 77 62 76 62 22 99 23 39 11 79 68 4 10 78
69 54 84 19 7 47 7 99 33 57 29 88 32 21 34 86 25 84 73 34 22 21 90 32 30 93 24 78 78 99 22 46 72 87 72 37 51 13 56 38 53 15 6 53 62 27 25 45 14 77 34 12 17 22 42 72 72 31 37 21 11 70 77 9 29 57 36 7 8 72 98 2 95 5 94
43 65 84 63 29 73 4 49 39 1 54 64 2 86 88 15 69 17 58 46 51 75 44 80 97 74 37 63 80 39 89 65 51 34 82 62 27 8 21 30 70 88 60 44 90 62 79 33 55 63 5 68 94 94 7 49 49 73 57 41 84 59 49 22 43 55 20 99 24 46 76 40 26 62 9
24 48 41 57 85 1 11 17 54 81 7 36 75 70 77 16 42 29 68 69 96 82 71 83 20 56 45 83 66 93 45 24 94 74 59 30 14 79 89 73 71 18 83 90 89 81 8 76 71 95 86 84 25 83 37 60 62 48 98 48 30 71 87 14 53 97 82 40 11 35 26 94 18 99 16
94 43 36 94 93 11 22 23 91 5 42 54 33 84 31 46 49 71 87 72 2 32 45 50 18 51 27 24 27 72 34 94 83 30 92 82 79 70 60 11 93 26 97 52 47 76 37 22 27 29 97 41 13 45 40 19 18 75 55 86 87 37 20 16 60 11 50 9 54 18 58 49 41 54 80
39 90 79 26 10 4 98 86 10 71 40 85 46 21 75 39 71 20 99 7 42 43 53 15 35 69 50 50 13 60 46 72 81 15 3 7 27 42 41 7 44 73 30 83 5 66 9 38 46 21 53 89 53 71 7 48 51 68 17 45 31 50 15 40 35 2 93 44 77 81 12 40 31 1 38
1 83 8 1 63 86 13 74 54 45 95 94 12 59 91 38 72 58 36 57 53 86 82 17 28 92 10 39 47 5 61 62 51 37 77 23 26 93 33 36 73 19 27 69 72 80 79 11 86 35 18 70 24 6 28 33 30 46 83 86 37 81 34 16 46 78 24 9 42 47 31 19 95 1 44
58 66 58 47 62 35 10 30 31 81 30 84 12 68 47 36 68 17 67 40 73 94 34 71 54 46 71 66 85 33 74 33 51 92 52 97 96 38 64 92 76 67 31 72 69 55 17 89 19 72 1 83 41 4 2 75 96 78 56 17 14 42 31 77 14 43 97 40 32 42 19 77 43 81 77
89 10 9 76 30 11 94 46 49 78 26 99 55 83 62 27 70 32 30 12 72 84 89 66 52 2 89 12 63 94 29 75 88 84 20 19 91 72 2 43 1 28 99 92 81 85 90 63 80 71 98 45 33 19 93 15 64 5 83 27 29 79 70 10 71 53 19 23 68 84 16 97 95 80 75
6 72 73 91 18 89 69 7 47 66 14 52 33 58 71 49 74 75 38 58 89 20 24 95 34 62 50 25 52 39 13 21 30 70 22 84 61 88 34 82 96 79 29 8 64 67 58 10 99 35 60 34 8 92 28 51 57 74 2 58 51 61 45 47 5 58 6 78 54 14 17 2 34 16 98
25 30 85 55 60 83 91 91 8 87 15 5 53 62 28 93 28 51 88 50 19 29 44 41 19 57 11 89 36 24 81 40 65 84 55 1 39 44 87 27 97 83 95 32 71 47 85 3 5 32 24 89 41 35 73 87 81 6 75 68 40 60 51 1 32 67 65 90 90 86 36 64 17 39 15
22 72 62 85 76 11 78 1 36 90 79 30 32 98 88 78 92 77 1 8 59 75 53 89 82 85 43 32 11 35 88 88 30 90 4 1 41 40 53 65 24 13 72 27 90 52 94 81 62 29 41 89 52 9 1 48 41 47 40 8 94 48 9 51 6 39 18 71 94 88 1 6 20 3 66
74 48 93 48 20 38 55 74 19 84 78 70 98 57 84 51 27 86 98 92 38 59 47 68 8 57 48 73 58 10 50 95 15 72 83 25 5 38 38 12 63 6 90 29 78 68 44 37 33 81 87 66 62 35 62 76 57 45 4 10 91 47 42 17 54 4 43 36 4 67 28 86 12 65 67
30 7 82 68 88 89 66 12 2 99 23 31 96 50 16 19 34 45 82 18 60 85 71 78 26 85 55 67 19 55 59 27 72 81 41 41 72 42 66 6 38 6 28 35 70 55 65 79 59 94 14 23 81 78 37 57 28 38 19 94 36 23 30 48 38 39 41 11 25 92 46 7 5 76 4
3 89 45 47 39 94 6 23 37 18 16 69 18 42 94 8 18 85 46 63 47 18 82 84 69 43 90 18 89 13 46 91 18 59 8 8 44 18 88 48 28 35 42 69 20 80 33 37 70 79 40 88 33 31 79 42 57 12 43 39 62 55 2 97 76 11 63 81 36 21 84 94 20 84 1
50 11 82 84 3 66 73 98 85 61 9 90 1 49 67 15 64 99 16 4 97 10 8 81 58 19 83 85 42 22 57 89 75 51 66 8 43 78 52 50 75 42 74 54 54 93 75 71 61 97 83 92 14 99 86 96 15 95 73 36 38 30 36 86 1 87 96 16 84 96 60 44 96 54 62
86 29 26 91 86 36 82 21 6 58 38 8 59 23 33 86 21 21 49 95 42 74 70 88 45 60 14 95 19 5 12 55 73 58 23 70 73 91 28 22 87 69 13 34 35 99 77 72 19 47 76 65 50 97 26 82 5 87 80 17 99 95 55 6 41 14 88 21 9 80 71 83 59 52 78
16 95 30 84 70 22 24 10 19 85 84 60 44 49 35 52 47 38 95 75 65 93 72 75 18 89 12 6 75 70 90 24 4 96 17 27 93 60 66 91 94 29 33 47 43 80 56 54 66 25 46 72 36 73 33 19 29 14 63 26 48 45 44 83 31 91 71 49 45 99 48 90 92 8 11
69 44 44 9 52 34 28 3 79 91 58 69 59 63 55 70 2 45 50 51 74 52 99 11 20 16 36 47 33 65 86 74 63 18 72 87 92 23 91 98 45 68 36 77 25 28 39 25 68 69 68 77 22 87 82 57 89 18 75 44 56 83 8 59 32 6 53 9 52 53 66 24 19 66 59
6 49 16 48 53 50 6 69 21 80 66 93 1 78 1 46 3 2 75 1 94 16 17 52 48 19 1 51 36 43 25 37 71 40 29 95 23 60 57 58 36 14 98 30 84 36 72 52 75 91 40 17 17 54 5 2 83 22 3 19 42 4 16 76 74 7 20 38 13 21 95 84 95 5 43
71 11 81 59 4 46 24 73 37 49 71 95 18 46 47 36 80 18 93 30 26 12 56 87 87 13 35 77 46 61 50 3 79 1 20 35 24 81 18 66 88 47 13 19 27 62 47 1 62 38 74 31 2 43 55 8 17 10 16 76 37 94 11 51 71 83 50 64 54 4 52 42 95 1 84
39 12 26 56 1 26 19 10 29 8 50 95 1 49 14 35 61 99 52 12 28 14 15 99 91 70 62 79 20 83 83 64 91 65 57 69 11 63 93 27 14 15 71 90 8 70 44 20 63 98 33 51 41 60 44 54 34 56 40 26 52 36 2 75 43 37 4 26 50 86 31 72 57 7 78
25 38 88 19 21 8 6 2 1 75 55 83 95 18 33 9 67 67 72 16 18 93 42 39 29 28 67 60 91 85 24 97 49 56 96 32 37 34 38 16 52 41 74 38 37 5 70 75 55 84 14 15 7 31 42 98 8 63 28 50 58 57 59 81 86 56 78 37 98 57 32 1 85 93 61
77 97 9 5 3 93 21 89 38 92 88 91 54 95 59 93 72 61 74 76 14 8 17 37 10 95 68 87 78 38 4 47 42 43 3 37 61 81 28 39 16 85 16 65 23 68 82 68 84 26 65 72 73 70 15 35 94 24 70 49 33 21 78 31 29 22 90 81 37 50 94 30 19 13 49
41 93 59 73 61 38 55 21 10 67 89 89 9 18 76 70 33 43 28 97 29 26 95 42 93 30 25 53 42 11 53 90 34 57 57 5 80 96 71 66 25 58 89 39 27 92 35 34 82 55 84 6 81 82 60 26 76 32 55 97 73 76 79 31 7 85 57 2 24 36 63 24 15 40 27
5 80 97 39 31 22 1 5 79 76 52 80 94 44 37 4 49 50 63 69 36 26 89 83 75 35 74 5 60 37 11 24 41 13 37 56 37 37 15 61 15 70 13 28 18 40 94 39 53 36 73 45 48 39 19 37 95 25 35 60 96 97 74 34 41 89 77 96 66 14 58 89 56 84 13
61 80 11 92 42 86 51 30 3 4 42 80 59 1 48 10 58 23 11 74 43 60 1 53 19 29 70 63 37 45 84 29 58 8 18 31 76 18 31 10 63 47 75 18 90 18 84 51 24 93 99 53 20 90 11 85 67 23 47 16 88 48 27 49 37 35 83 80 90 62 73 77 57 26 69
65 65 74 34 35 43 92 37 17 25 75 85 80 90 58 10 87 35 31 93 95 11 18 45 95 65 61 91 48 98 22 54 44 84 48 39 39 93 94 82 49 15 75 55 75 64 42 58 68 6 58 52 35 69 44 30 58 73 60 95 37 60 96 28 70 38 95 72 79 21 25 70 45 12 32
82 8 18 5 15 28 54 95 86 12 60 27 68 25 28 11 35 37 98 90 23 28 36 5 3 56 10 97 82 28 27 37 38 73 62 83 42 40 70 67 81 45 88 56 82 39 14 9 31 35 67 19 59 90 39 12 44 78 83 27 7 4 2 44 75 23 59 47 41 81 42 85 20 42 45
28 68 37 69 28 3 72 59 89 86 98 43 38 66 92 28 26 8 4 57 7 10 45 70 16 76 41 20 89 85 55 94 99 94 94 12 83 39 51 54 99 96 98 34 99 27 85 71 23 32 51 85 89 94 88 22 43 16 14 92 82 64 21 33 50 56 30 36 15 99 29 42 8 14 94
21 41 22 68 38 11 71 71 32 14 15 76 46 33 94 67 27 33 44 5 54 70 95 5 7 82 28 99 12 54 77 8 15 46 5 73 47 6 92 67 32 2 2 97 26 47 92 68 99 3 60 60 21 18 32 91 47 16 79 61 31 78 49 81 80 91 86 16 65 8 54 82 94 25 2
80 53 3 12 38 19 38 18 84 44 86 16 86 48 51 46 94 72 17 84 30 76 83 88 56 23 17 32 64 80 52 34 41 16 76 42 34 4 90 32 73 54 34 35 36 19 90 34 68 52 2 78 83 65 62 75 7 80 11 78 2 21 62 76 28 93 55 81 18 65 6 21 34 8 91
93 63 99 84 2 49 15 83 38 63 96 85 45 4 74 62 38 27 95 17 40 63 91 79 41 53 74 85 93 82 97 80 5 85 26 94 46 49 12 90 86 77 62 40 84 29 8 58 53 27 45 78 87 69 90 66 28 84 28 94 20 50 35 44 38 59 47 72 87 86 99 4 67 15 95
41 23 97 68 17 9 85 99 57 76 96 85 48 27 87 62 63 84 59 88 73 55 49 13 93 4 75 46 4 2 47 23 13 96 17 79 91 94 11 39 49 95 66 89 11 95 54 71 86 15 32 79 54 49 78 14 69 23 23 10 87 7 56 2 66 69 49 64 87 36 37 35 20 36 24
27 67 86 88 11 56 72 69 29 78 1 92 69 97 4 98 72 18 7 53 84 66 53 74 6 44 7 44 17 1 97 23 5 80 35 48 2 21 8 64 69 22 12 38 26 68 96 60 14 69 49 90 28 5 24 48 97 12 83 86 71 98 63 17 84 54 23 53 94 54 24 40 85 23 97
69 21 56 12 76 32 16 62 46 3 94 90 38 21 14 98 16 55 16 84 99 35 79 88 68 78 42 34 93 20 22 23 44 54 96 32 74 16 91 80 81 18 70 10 1 83 65 14 79 88 41 37 86 66 17 78 10 27 44 93 62 23 44 88 10 32 43 96 10 52 86 19 66 27 27
6 23 15 64 35 75 74 48 42 55 6 51 75 8 45 90 99 40 18 74 25 68 64 68 23 78 53 81 53 72 55 2 44 34 12 31 62 67 69 2 70 47 84 14 88 69 15 45 83 31 75 99 88 15 54 91 3 46 78 80 65 9 33 1 63 96 11 99 79 48 86 15 7 11 70
24 65 25 32 27 6 11 22 86 85 48 67 56 25 30 28 81 79 99 40 25 41 81 79 70 41 66 92 84 92 70 83 79 51 88 47 35 83 88 50 99 48 43 37 20 33 61 65 65 41 85 28 28 90 40 50 81 66 72 75 43 46 83 59 65 8 83 69 60 8 28 92 66 84 24
50 10 10 83 24 82 36 42 98 45 73 50 62 3 6 96 52 20 42 98 49 3 66 32 55 81 32 1 51 25 58 26 30 96 68 9 1 62 86 20 27 81 15 42 75 38 28 77 65 64 43 78 94 10 61 25 90 89 54 71 69 65 3 46 5 86 34 13 95 34 74 9 68 53 88
23 32 34 25 2 44 63 2 4 53 28 49 36 64 47 25 75 12 36 46 89 91 52 72 90 93 41 54 12 10 4 99 19 98 91 25 39 74 51 20 66 56 75 54 27 9 16 73 40 66 78 95 89 64 35 87 46 10 44 25 24 40 21 20 5 85 96 47 65 16 84 89 9 38 95
16 62 56 53 91 45 88 82 96 74 28 4 40 92 37 37 94 85 73 8 29 51 50 4 62 26 52 51 77 51 81 82 49 94 98 83 5 64 79 67 99 68 48 90 83 86 99 12 15 23 18 94 30 32 10 97 82 87 25 12 98 4 26 91 14 69 26 75 53 14 46 16 94 35 58
5 90 3 24 9 11 58 66 63 98 20 61 8 18 89 36 31 44 96 68 19 13 99 30 9 36 50 35 24 55 40 4 88 49 7 86 85 47 63 39 31 79 11 87 83 4 23 30 55 41 59 38 97 31 69 71 22 36 22 21 99 14 4 26 31 71 90 40 82 37 7 66 69 13 6
18 13 95 49 82 2 2 99 38 84 92 11 63 27 78 92 70 14 36 69 46 42 61 67 31 30 42 16 48 33 34 29 61 92 46 31 97 27 64 54 16 25 15 29 80 29 26 50 19 50 87 58 87 70 30 46 34 61 68 59 73 10 31 93 75 55 62 61 80 44 40 13 2 7 55
13 30 45 5 54 99 77 62 69 4 86 22 76 56 30 20 74 79 51 96 16 58 39 32 98 90 48 83 30 22 96 4 83 85 49 69 83 73 34 98 66 16 99 54 96 25 95 98 62 91 85 22 85 48 75 18 25 49 64 52 89 58 2 89 76 68 92 44 34 1 65 56 57 37 35
52 53 46 67 41 13 77 70 56 35 60 76 28 33 10 40 62 28 84 52 34 30 17 3 18 40 20 30 16 20 39 46 32 21 28 15 77 50 19 62 48 79 42 90 78 41 65 66 74 64 49 28 44 27 50 23 37 93 26 83 92 75 5 51 30 77 34 46 87 17 70 57 97 3 51
61 25 24 47 32 72 38 12 18 6 5 11 47 72 1 53 25 41 32 89 29 79 2 99 84 3 31 17 2 35 19 39 63 84 55 13 37 45 70 64 69 80 29 47 63 37 88 60 54 85 83 80 2 25 99 40 79 18 16 77 1 2 50 43 9 58 54 9 12 97 65 40 7 96 57
80 26 17 33 66 93 8 3 35 41 37 4 83 26 95 49 25 25 67 3 19 75 86 68 46 2 5 61 22 22 49 82 44 59 86 2 40 15 97 25 4 89 90 11 84 75 89 28 91 81 74 87 27 48 63 54 36 98 67 47 78 72 84 74 65 57 92 20 37 72 54 55 78 24 64
21 77 44 7 40 16 37 65 57 6 99 87 37 22 26 10 97 89 14 48 93 42 11 81 49 74 21 29 30 7 84 28 91 58 31 12 44 80 63 1 17 99 90 76 88 70 16 79 51 46 27 49 10 32 35 53 67 66 85 2 55 97 4 73 96 16 39 77 24 26 20 56 25 90 30
35 92 67 87 36 26 4 94 90 95 65 35 5 22 65 11 28 89 98 59 86 38 90 30 65 87 18 50 66 87 17 45 28 4 76 58 62 22 44 69 32 57 10 85 7 60 33 28 62 35 79 87 18 11 73 58 32 73 15 86 84 12 90 8 83 29 87 36 26 76 21 66 77 58 76
7 93 81 55 54 74 61 68 68 27 60 2 93 75 77 56 29 24 51 21 35 56 92 90 7 55 28 55 76 74 89 79 17 75 2 85 20 36 38 29 61 84 37 65 36 53 65 55 36 42 69 31 80 53 2 30 39 23 47 26 76 78 84 78 71 58 4 34 24 56 85 69 93 17 3
24 19 89 88 77 7 80 97 55 69 99 93 18 21 92 25 66 7 36 66 89 38 77 5 18 61 93 61 52 10 80 36 76 9 88 74 60 80 51 70 63 79 33 77 36 13 90 28 15 47 44 63 13 16 78 27 8 30 56 81 75 74 40 47 94 77 63 70 12 91 5 56 72 94 83
20 24 20 14 43 89 82 7 85 1 85 6 38 65 23 60 63 97 16 40 25 73 64 70 19 82 47 66 91 49 91 41 35 45 95 92 82 43 66 37 63 17 21 17 24 51 3 67 25 40 95 57 51 28 9 97 34 22 7 12 92 8 74 69 18 77 65 45 21 39 32 50 45 38 95
63 9 60 31 87 99 91 88 92 2 9 7 54 77 18 81 98 9 16 74 49 30 56 59 84 29 51 63 76 88 69 33 74 21 56 81 89 25 5 30 46 9 61 91 71 90 69 40 71 58 92 56 61 90 90 97 75 8 13 39 23 4 17 97 50 83 40 55 73 25 48 10 98 71 19
88 60 17 93 62 88 24 70 90 39 40 34 68 24 31 26 36 51 22 26 88 69 55 36 74 30 49 91 10 54 47 36 94 56 4 49 31 55 20 71 61 1 77 29 97 23 13 18 53 25 8 5 16 69 18 65 38 95 24 75 31 42 33 55 77 30 95 82 24 11 30 63 88 19 63
20 98 23 87 14 5 6 39 27 59 82 66 84 7 45 11 28 50 34 61 32 65 79 92 8 94 85 67 57 15 88 33 1 3 91 80 40 4 8 31 62 64 55 44 52 87 21 61 11 59 7 24 90 45 52 43 9 89 13 45 92 66 90 24 86 57 91 49 95 25 56 85 93 28 79
18 89 80 47 39 12 37 48 56 36 59 19 71 83 84 46 38 80 83 1 76 89 54 71 43 16 30 50 82 78 12 74 17 79 26 43 24 42 12 10 28 92 56 59 66 87 5 85 76 72 67 91 24 98 84 5 33 96 9 71 65 74 42 88 29 73 90 68 94 12 26 31 40 91 49
10 91 21 88 34 37 47 63 18 98 42 25 36 97 76 84 93 45 31 48 64 97 21 72 60 81 62 33 53 52 11 21 59 61 23 57 37 57 66 49 40 44 61 35 20 55 86 75 20 77 48 19 55 36 46 38 18 14 19 94 15 35 32 34 75 67 30 80 21 39 25 43 33 80 85

Demandas:
0 0 0 0 0 1 0 0
0 0 0 0 1 0 0 0
0 1 0 0 0 0 0 0
0 1 0 0 0 0 0 0
0 0 0 0 0 1 0 0
0 0 0 1 0 0 0 0
0 0 0 0 1 0 0 0
0 0 0 0 1 0 0 0
0 0 0 0 0 1 0 0
0 0 0 0 0 1 0 0
0 0 0 0 0 0 0 1
0 0 0 0 0 1 0 0
0 0 0 0 0 1 0 0
0 0 0 0 0 1 0 0
1 0 0 0 0 0 0 0
0 0 0 0 1 0 0 0
0 0 0 0 0 1 0 0
0 1 0 0 0 0 0 0
0 0 0 0 1 0 0 0
0 0 0 0 1 0 0 0
0 0 0 1 0 0 0 0
0 0 0 1 0 0 0 0
0 0 0 0 0 0 0 1
1 0 0 0 0 0 0 0
0 1 0 0 0 0 0 0
0 0 1 0 0 0 0 0
1 0 0 0 0 0 0 0
0 0 0 0 0 1 0 0
0 0 0 0 0 0 1 0
0 0 0 1 0 0 0 0
0 0 0 0 0 0 1 0
0 0 0 0 0 0 0 1
0 0 0 0 0 0 1 0
0 1 0 0 0 0 0 0
0 0 0 1 0 0 0 0
0 0 0 0 0 0 0 1
0 0 0 0 0 1 0 0
0 0 0 0 0 0 1 0
0 0 0 0 0 0 0 1
1 0 0 0 0 0 0 0
0 0 0 0 0 0 0 1
0 0 0 1 0 0 0 0
0 0 0 1 0 0 0 0
0 0 0 0 0 1 0 0
1 0 0 0 0 0 0 0
1 0 0 0 0 0 0 0
0 0 0 1 0 0 0 0
0 0 0 0 0 1 0 0
1 0 0 0 0 0 0 0
1 0 0 0 0 0 0 0
0 0 0 0 0 0 0 1
0 0 0 0 0 0 1 0
0 0 0 0 1 0 0 0
1 0 0 0 0 0 0 0
0 0 0 0 0 0 1 0
0 0 0 1 0 0 0 0
0 1 0 0 0 0 0 0
0 0 0 0 0 0 1 0
0 0 1 0 0 0 0 0
0 0 0 1 0 0 0 0
0 0 0 0 0 0 0 1
0 0 0 1 0 0 0 0
0 0 0 0 0 1 0 0
0 0 0 0 0 1 0 0
0 0 0 0 0 0 1 0
0 0 1 0 0 0 0 0
0 1 0 0 0 0 0 0
0 0 0 0 0 0 1 0
0 0 0 0 0 0 0 1
0 0 0 0 0 0 0 1
0 1 0 0 0 0 0 0
0 0 0 1 0 0 0 0
1 0 0 0 0 0 0 0
0 0 0 0 0 0 1 0
0 0 0 0 0 0 1 0
0 0 0 0 1 0 0 0
0 1 0 0 0 0 0 0
1 0 0 0 0 0 0 0
0 0 0 1 0 0 0 0
1 0 0 0 0 0 0 0
0 1 0 0 0 0 0 0
0 0 0 0 0 0 0 1
0 0 0 0 0 0 1 0
1 0 0 0 0 0 0 0
0 0 0 0 0 0 1 0
0 0 1 0 0 0 0 0
0 1 0 0 0 0 0 0
0 0 0 0 1 0 0 0
0 0 1 0 0 0 0 0
0 1 0 0 0 0 0 0
0 0 0 1 0 0 0 0
0 0 0 0 1 0 0 0
1 0 0 0 0 0 0 0
0 0 0 0 0 0 0 1
0 0 0 1 0 0 0 0
0 0 0 0 1 0 0 0
0 0 0 1 0 0 0 0
1 0 0 0 0 0 0 0
0 1 0 0 0 0 0 0
0 0 0 0 0 1 0 0
0 0 0 1 0 0 0 0
0 0 0 0 0 1 0 0
0 1 0 0 0 0 0 0
0 0 0 0 0 1 0 0
1 0 0 0 0 0 0 0
0 0 1 0 0 0 0 0
0 0 0 0 0 1 0 0
0 0 0 0 0 0 1 0
0 0 0 0 0 0 0 1
0 0 0 0 0 0 1 0
0 0 0 0 1 0 0 0
1 0 0 0 0 0 0 0
0 0 0 0 0 0 1 0
0 1 0 0 0 0 0 0
0 0 1 0 0 0 0 0
0 0 0 0 1 0 0 0
0 0 1 0 0 0 0 0
0 0 0 0 0 1 0 0
0 0 0 0 1 0 0 0
1 0 0 0 0 0 0 0
0 0 0 0 0 0 1 0
0 0 0 0 1 0 0 0
0 0 1 0 0 0 0 0
0 0 0 0 0 1 0 0
0 0 0 1 0 0 0 0
0 0 0 0 1 0 0 0
0 0 0 0 0 0 0 1
0 1 0 0 0 0 0 0
0 0 0 1 0 0 0 0
0 0 0 0 0 1 0 0
0 0 0 0 0 0 0 1
1 0 0 0 0 0 0 0
1 0 0 0 0 0 0 0
0 0 0 0 1 0 0 0
0 0 0 0 0 1 0 0
0 0 1 0 0 0 0 0
0 0 0 0 1 0 0 0
0 1 0 0 0 0 0 0
0 0 0 1 0 0 0 0
0 0 0 0 1 0 0 0
0 0 0 1 0 0 0 0
1 0 0 0 0 0 0 0
0 0 1 0 0 0 0 0
0 0 1 0 0 0 0 0
0 0 0 1 0 0 0 0
0 0 0 0 0 1 0 0
1 0 0 0 0 0 0 0
0 1 0 0 0 0 0 0
0 0 0 0 1 0 0 0
0 0 1 0 0 0 0 0
0 0 0 0 0 0 1 0
0 1 0 0 0 0 0 0
0 1 0 0 0 0 0 0
0 0 1 0 0 0 0 0
0 0 0 0 1 0 0 0
0 1 0 0 0 0 0 0
0 1 0 0 0 0 0 0
0 1 0 0 0 0 0 0
0 0 0 0 0 0 1 0
0 0 0 0 0 0 1 0
0 1 0 0 0 0 0 0
0 0 0 0 0 1 0 0
0 0 0 0 0 0 1 0
0 0 0 0 0 1 0 0
0 0 0 0 1 0 0 0
0 0 1 0 0 0 0 0
0 1 0 0 0 0 0 0
0 0 0 0 0 1 0 0
0 0 0 0 0 1 0 0
0 0 0 0 0 0 0 1
0 0 0 1 0 0 0 0
0 0 0 0 0 1 0 0
0 0 0 0 0 0 0 1
0 0 0 0 0 1 0 0
0 1 0 0 0 0 0 0
0 0 1 0 0 0 0 0
0 0 1 0 0 0 0 0
0 1 0 0 0 0 0 0
0 0 0 0 1 0 0 0
0 0 0 0 0 1 0 0
0 0 0 0 1 0 0 0
0 0 0 0 0 1 0 0
1 0 0 0 0 0 0 0
1 0 0 0 0 0 0 0
0 0 1 0 0 0 0 0
0 1 0 0 0 0 0 0
1 0 0 0 0 0 0 0
0 0 0 0 0 0 1 0
0 0 1 0 0 0 0 0
0 0 0 0 0 1 0 0
0 1 0 0 0 0 0 0
1 0 0 0 0 0 0 0
0 0 0 0 1 0 0 0
0 0 0 1 0 0 0 0
0 0 1 0 0 0 0 0
0 0 0 0 0 0 0 1
0 0 1 0 0 0 0 0
1 0 0 0 0 0 0 0
0 1 0 0 0 0 0 0
1 0 0 0 0 0 0 0
0 0 0 0 0 0 1 0
0 1 0 0 0 0 0 0
0 0 0 0 1 0 0 0
1 0 0 0 0 0 0 0
0 1 0 0 0 0 0 0
0 0 0 0 0 0 0 1
0 0 0 0 1 0 0 0
1 0 0 0 0 0 0 0
0 0 0 0 1 0 0 0
0 0 1 0 0 0 0 0
0 0 0 0 1 0 0 0
0 0 0 0 0 0 1 0
0 0 0 0 0 0 1 0
0 0 0 0 1 0 0 0
0 1 0 0 0 0 0 0
0 0 1 0 0 0 0 0
0 0 1 0 0 0 0 0
0 0 1 0 0 0 0 0
0 0 0 0 1 0 0 0
1 0 0 0 0 0 0 0
0 0 0 0 0 0 0 1
0 0 1 0 0 0 0 0
0 0 0 0 0 1 0 0
0 0 0 1 0 0 0 0
1 0 0 0 0 0 0 0
1 0 0 0 0 0 0 0
0 1 0 0 0 0 0 0
0 0 0 0 1 0 0 0
0 0 0 0 0 1 0 0
0 0 1 0 0 0 0 0
0 0 1 0 0 0 0 0
0 0 0 0 0 0 0 1
0 0 0 0 0 0 0 1
0 0 1 0 0 0 0 0
0 0 0 0 0 1 0 0
0 0 1 0 0 0 0 0
1 0 0 0 0 0 0 0
0 0 1 0 0 0 0 0
0 0 0 0 0 0 1 0
0 0 1 0 0 0 0 0
0 0 0 0 1 0 0 0
0 0 0 0 0 0 1 0
0 0 0 0 1 0 0 0
0 0 0 0 0 1 0 0
0 0 0 0 1 0 0 0
0 0 0 1 0 0 0 0
0 0 0 1 0 0 0 0
0 0 0 0 1 0 0 0
0 0 0 0 1 0 0 0
0 0 0 1 0 0 0 0

Capacidades:
2 3 2 2 1 4 0 1
1 2 4 0 3 1 1 0
4 0 1 2 3 4 3 1
2 2 4 4 1 1 4 4
1 2 4 1 2 0 3 3
3 4 4 1 0 1 0 2
0 0 3 1 2 2 2 0
4 2 4 2 1 3 3 0
1 4 1 3 2 0 1 4
1 2 4 3 1 4 2 1
4 1 2 2 4 1 0 1
1 0 2 1 4 4 1 3
0 1 3 3 2 2 4 3
0 1 4 2 3 4 3 1
4 4 0 3 0 3 2 1
4 2 2 2 2 3 0 4
3 0 4 0 0 2 4 3
0 2 2 3 3 2 0 1
2 3 4 1 3 2 1 2
0 1 3 2 1 0 3 0
1 3 0 4 2 1 1 4
1 4 2 3 4 2 4 2
2 0 0 1 3 2 2 2
4 3 1 3 0 1 4 3
0 0 0 1 4 0 2 2
0 1 4 4 4 1 3 1
4 0 3 3 1 4 4 2
1 4 2 4 0 4 0 1
0 0 4 4 4 1 2 0
4 1 1 1 0 4 2 2
0 1 0 0 1 0 2 4
4 1 2 2 0 0 0 1
3 1 2 0 2 1 3 4
4 1 4 3 3 4 1 3
3 4 1 2 0 0 4 4
4 1 3 4 3 1 1 4
4 3 2 1 4 1 2 1
1 0 1 3 1 2 2 1
4 0 0 0 4 4 1 4
1 2 1 4 2 3 4 1
1 3 3 0 1 1 3 4
0 0 3 1 4 0 1 1
0 4 1 2 0 1 1 1
4 4 1 2 4 0 0 4
4 1 1 1 3 0 4 3
3 1 2 4 3 2 3 2
2 4 2 0 3 0 0 0
2 2 4 1 1 3 3 1
3 1 0 0 1 0 3 3
1 3 3 4 3 4 4 0
4 4 1 2 3 3 0 3
0 2 2 2 1 4 3 4
4 1 4 0 3 2 1 1
3 2 1 0 1 3 3 4
3 3 1 3 3 1 0 3
2 4 0 0 4 2 4 2
3 1 0 1 2 3 3 1
4 1 4 3 3 4 2 0
4 0 0 4 3 0 4 4
4 2 0 1 3 3 4 2
2 2 3 4 1 1 1 0
4 1 1 0 3 2 0 2
3 2 3 1 2 2 0 1
4 2 1 4 3 1 2 4
4 2 0 2 1 1 4 4
2 2 3 1 4 4 2 4
1 2 2 4 0 1 3 1
1 0 3 1 2 2 2 0
1 1 1 1 2 0 2 0
3 4 2 3 3 2 3 4
1 2 2 2 1 0 3 4
4 3 2 0 0 0 0 0
0 1 1 2 1 3 3 3
1 3 0 3 0 0 1 1
0 1 0 1 2 3 3 1
