m: 250
n: 75
k: 6

Distancias:
17 80 59 92 84 14 89 90 30 84 92 81 36 48 64 1 53 65 99 32 87 75 8 77 41 54 38 93 88 73 97 4 88 54 51 10 51 54 20 6 84 27 71 46 39 80 53 26 78 19 82 17 17 4 20 20 22 4 78 48 43 95 82 6 36 45 9 49 56 57 32 45 95 64 47
63 7 64 44 94 35 73 84 3 77 8 6 99 53 89 9 35 63 8 3 49 52 85 91 46 54 97 82 87 22 20 15 96 12 61 20 51 99 58 98 34 28 48 93 82 93 64 74 67 54 74 29 47 37 5 18 49 86 55 66 31 62 22 14 54 18 68 98 35 74 87 96 70 74 55
89 67 34 63 17 78 31 68 90 23 92 95 33 53 77 10 14 15 99 63 92 7 33 98 9 71 24 85 31 73 29 29 57 63 47 36 26 15 68 22 71 60 89 94 32 13 99 88 88 65 62 47 69 27 57 20 58 6 6 50 32 20 81 37 56 15 86 92 9 84 56 46 14 56 94
44 22 13 51 76 92 50 28 73 67 30 19 78 48 20 93 46 56 39 82 25 75 69 45 80 14 17 41 96 7 14 51 58 54 35 83 96 74 24 58 29 43 69 34 84 39 71 91 76 61 4 47 80 39 76 10 54 71 44 55 31 51 62 86 31 34 4 53 30 61 62 68 28 70 13
91 69 82 52 45 96 65 24 25 19 12 58 39 20 66 71 53 41 39 34 74 98 9 10 11 16 7 95 2 22 44 20 65 46 52 87 36 34 65 80 68 66 98 81 22 86 54 30 95 44 5 3 8 15 81 93 78 88 67 58 67 94 27 22 11 33 90 94 16 19 25 29 6 1 44
4 9 84 52 25 29 20 49 75 38 51 19 90 53 15 76 81 25 94 84 49 92 11 75 8 88 19 81 1 14 13 2 63 82 47 4 16 65 66 63 67 22 79 12 35 89 54 82 97 17 24 73 25 51 80 7 60 91 35 39 3 81 10 38 70 19 3 94 78 34 35 76 77 66 40
22 76 34 30 53 56 50 15 55 1 39 89 81 2 44 8 10 12 46 66 99 92 49 80 69 98 87 84 18 87 42 65 62 18 5 39 80 41 13 5 16 4 71 72 86 96 52 51 78 38 66 22 12 39 61 38 95 67 29 25 66 56 71 9 27 33 23 87 73 98 3 21 71 76 20
14 26 25 3 55 62 49 80 90 59 14 70 55 82 76 81 52 16 59 64 12 30 47 12 93 16 24 59 69 62 63 35 98 17 46 17 38 85 36 27 82 29 59 75 55 38 90 4 85 46 26 29 19 46 63 89 96 38 27 31 35 59 76 86 40 98 37 98 74 43 50 90 72 66 69
56 83 93 3 44 35 48 12 92 28 14 31 3 99 48 71 17 58 15 14 11 42 21 71 3 46 69 5 5 96 50 71 88 70 60 96 79 72 72 41 59 87 22 54 66 44 79 52 42 2 52 17 56 89 40 85 74 18 84 61 58 19 20 62 5 55 29 56 23 2 17 40 71 60 19
43 71 37 22 44 73 99 29 39 11 63 65 75 22 93 95 55 64 52 44 18 40 67 71 20 31 28 75 13 75 79 4 38 80 61 63 77 53 71 23 38 21 66 69 18 14 85 27 68 59 71 66 36 16 47 88 49 29 35 35 79 28 60 84 13 42 41 21 20 81 89 53 95 86 92
48 89 37 79 20 41 45 82 94 64 66 39 78 50 56 30 30 14 69 41 11 88 50 69 63 92 12 86 96 53 16 1 3 65 17 80 6 9 59 84 29 14 12 83 17 92 91 59 62 69 88 13 62 66 25 94 97 26 27 24 93 14 65 71 20 89 8 18 39 84 49 57 85 3 14
25 81 11 76 47 18 91 45 12 49 49 34 24 65 29 58 12 3 14 42 46 28 1 95 28 22 41 3 38 95 62 23 10 52 12 16 62 1 70 36 13 28 92 8 83 78 89 67 96 63 75 8 33 8 12 53 39 78 88 32 76 39 89 5 12 69 25 54 66 16 62 94 63 15 6
15 95 55 99 35 67 59 39 74 36 4 64 90 26 48 97 41 49 29 68 62 44 89 45 64 47 24 68 25 50 67 43 31 57 68 39 9 12 18 42 79 39 46 82 4 91 95 88 60 89 9 20 93 21 89 45 2 68 43 29 96 31 41 77 70 89 76 93 68 58 35 62 2 35 75
46 70 73 61 70 98 91 51 45 84 72 79 50 55 38 70 80 70 84 88 59 9 64 38 88 98 56 20 73 63 81 25 27 89 68 41 30 44 22 94 59 23 52 80 77 89 71 97 7 78 54 59 54 36 54 45 64 67 49 81 53 71 43 88 55 56 8 53 63 86 58 83 91 19 34
67 28 45 51 66 73 85 44 64 83 63 87 51 1 63 73 44 52 69 45 76 74 7 90 71 76 56 91 19 99 97 69 38 64 33 24 4 93 55 39 27 53 1 36 40 54 75 32 12 65 66 49 43 98 64 93 37 73 93 9 1 15 19 5 10 87 2 40 79 10 60 68 39 72 88
74 91 98 79 35 19 96 60 31 35 42 9 29 62 44 72 19 28 37 54 19 66 86 16 44 21 76 15 27 78 54 86 55 22 69 85 39 50 47 85 76 38 24 67 79 45 23 99 18 11 37 9 3 2 79 66 76 49 82 59 22 19 33 34 67 85 47 96 85 55 77 35 64 4 41
66 48 56 87 40 92 72 47 56 58 47 70 73 6 81 88 66 84 50 73 18 64 76 30 75 93 66 73 28 83 12 42 2 89 26 78 84 86 56 20 81 27 92 2 29 56 56 34 62 64 77 3 91 58 28 8 26 33 92 20 6 8 48 35 75 52 4 25 58 76 47 8 35 20 58
82 7 89 58 90 12 2 89 18 36 32 96 35 40 42 74 48 45 15 23 23 60 50 31 75 23 33 33 75 26 70 4 88 27 64 39 80 3 21 91 96 71 3 67 43 35 55 31 88 30 25 83 21 47 10 80 14 52 95 39 38 16 68 1 71 75 35 42 22 98 73 43 86 8 34
68 24 14 42 72 23 13 83 23 61 24 4 3 19 24 81 76 5 34 79 88 46 23 9 65 23 71 98 29 56 63 13 29 12 56 85 42 81 22 11 71 12 54 93 42 74 62 77 4 5 37 86 93 52 64 51 71 79 12 84 29 9 94 57 26 19 43 31 80 95 76 94 59 15 62
21 40 20 50 28 34 70 9 1 61 17 62 27 99 71 32 16 22 18 80 22 20 26 59 42 73 76 87 9 56 28 49 27 69 69 33 51 97 17 38 46 76 28 1 64 31 11 31 48 9 64 2 15 34 37 71 42 27 91 70 1 98 48 66 99 78 70 89 72 92 12 29 69 98 63
35 99 80 64 76 52 39 41 72 60 23 86 69 61 9 4 74 61 83 61 59 10 39 38 10 21 18 54 13 69 68 11 91 2 6 14 81 60 45 24 42 77 49 65 69 78 84 90 56 52 29 73 36 42 90 83 46 1 22 10 35 1 37 40 85 54 36 2 34 15 33 58 43 58 65
38 64 86 45 27 29 3 68 16 3 46 10 68 40 7 2 97 83 29 69 76 30 26 72 76 68 73 24 88 57 59 73 15 30 5 59 88 55 80 43 94 3 98 97 55 77 32 99 87 88 10 72 90 12 29 44 65 54 56 69 83 68 42 26 41 16 7 13 32 10 13 22 17 27 47
85 37 67 28 21 83 23 52 77 80 19 89 85 17 49 16 99 4 55 29 60 57 87 68 12 96 78 32 97 31 12 89 65 35 37 14 26 35 44 66 38 95 61 51 92 1 9 33 17 54 65 75 54 91 48 45 32 10 59 51 39 4 27 69 30 29 48 27 32 83 5 16 37 79 68
70 24 68 86 83 5 1 37 38 29 94 17 70 13 96 32 18 93 5 23 38 26 28 81 39 10 8 65 19 28 80 89 1 46 64 68 30 42 3 70 63 11 37 10 6 48 12 44 12 30 34 10 21 42 89 22 71 70 96 31 83 99 21 10 79 52 34 2 33 56 16 41 5 37 52
61 40 55 92 68 92 52 5 29 76 54 96 86 25 71 1 1 65 55 32 76 51 17 82 70 81 3 83 67 13 3 70 77 87 19 39 23 84 87 60 78 46 97 3 22 32 15 6 40 51 81 18 74 5 73 65 42 66 54 83 29 78 35 55 34 5 63 19 39 30 64 28 36 50 57
8 20 1 25 52 35 31 83 32 21 30 17 53 94 68 92 58 99 2 8 69 62 53 79 7 63 50 83 70 42 85 28 98 71 80 5 49 5 42 56 37 83 20 21 23 56 58 12 90 4 74 53 18 88 23 51 34 48 22 70 17 51 79 28 96 5 90 27 32 11 98 83 23 84 29
72 54 58 53 36 76 91 27 47 15 7 16 60 33 19 66 61 24 38 64 93 5 59 89 97 60 1 54 24 5 30 56 10 59 85 15 95 2 69 50 99 44 16 73 54 52 81 85 21 17 95 95 1 67 89 59 7 8 91 55 37 38 70 15 3 27 42 62 36 12 65 52 75 64 38
82 71 12 77 94 14 23 45 76 60 84 43 7 66 7 12 13 32 36 28 56 59 14 62 84 63 1 26 21 83 96 22 66 34 53 30 61 84 2 93 40 65 52 87 14 26 21 56 75 56 81 59 14 45 43 52 63 72 88 93 5 70 32 85 6 64 19 69 81 99 30 96 25 90 97
6 10 1 21 42 63 70 60 53 13 49 37 33 85 33 40 91 19 60 87 83 32 7 86 88 89 56 57 63 7 21 5 47 66 65 86 81 56 24 57 31 74 55 26 36 62 43 1 33 74 37 45 12 93 56 23 63 20 27 22 27 45 17 98 90 51 7 66 44 3 99 89 90 47 14
15 84 20 56 48 15 16 61 39 46 95 31 79 29 68 38 31 2 68 99 34 70 59 62 81 17 90 77 3 11 4 8 66 28 24 73 8 71 27 14 15 90 16 12 59 31 37 7 18 99 41 26 59 86 55 25 29 40 20 71 22 81 14 91 58 74 93 74 46 96 20 30 42 42 41
60 29 35 59 70 25 19 55 66 92 35 40 35 37 27 63 52 12 81 97 20 58 99 24 5 54 48 96 33 38 78 70 37 69 70 23 45 76 46 89 66 81 17 15 33 28 27 20 2 47 87 71 27 79 24 92 40 26 82 8 99 30 95 58 24 31 65 94 58 77 96 4 21 40 99
50 46 59 58 15 2 30 85 35 79 24 38 36 90 41 85 10 22 90 69 45 99 15 44 49 22 54 40 71 64 38 66 68 12 48 11 99 66 8 28 9 82 4 43 37 93 58 54 73 71 46 78 1 25 84 86 2 71 21 23 34 84 48 38 16 5 84 53 49 89 68 79 22 28 5
46 48 96 88 1 62 4 59 92 38 75 32 15 3 73 77 64 90 91 53 42 88 19 7 46 93 4 94 59 89 97 67 91 74 56 87 65 59 47 31 19 78 5 70 49 2 5 48 39 28 93 74 26 2 78 15 57 52 75 2 10 65 34 3 60 72 63 94 55 87 42 38 37 74 44
10 61 1 84 97 29 46 53 67 11 5 43 81 37 87 21 39 68 93 87 73 71 13 93 24 21 80 67 79 47 41 23 51 81 4 99 33 74 1 80 95 7 38 50 69 93 11 78 14 36 59 2 6 86 62 45 26 56 6 73 99 71 43 75 97 35 9 44 7 5 24 43 23 40 69
10 36 26 97 46 93 62 82 49 71 27 16 60 65 92 33 41 14 16 83 81 8 3 67 96 97 53 11 87 58 83 97 31 91 7 74 38 97 23 4 97 13 14 35 29 7 66 10 56 44 57 37 68 24 32 18 7 98 87 29 91 34 35 71 32 88 2 37 36 54 46 97 16 39 13
42 15 10 74 44 14 80 66 87 25 96 96 49 13 94 38 73 13 94 52 40 55 15 43 24 52 79 62 14 38 21 22 87 71 58 11 96 48 39 4 80 32 46 78 99 50 50 80 55 81 86 88 62 31 60 28 46 69 60 88 2 6 87 35 66 32 11 52 19 28 34 42 27 69 40
54 91 59 11 18 17 42 45 99 89 77 87 59 98 18 27 2 19 26 44 29 90 76 89 48 43 25 48 45 53 18 50 73 34 52 78 4 33 32 76 52 49 13 23 54 36 85 67 50 13 80 39 25 83 73 97 82 61 39 9 85 41 18 91 97 74 27 17 78 38 46 72 8 75 47
38 38 37 65 65 84 6 25 92 54 14 44 31 48 85 23 83 10 41 43 90 29 78 98 30 8 14 11 69 30 46 6 86 49 28 8 2 88 74 56 26 30 61 82 16 83 39 69 4 86 76 6 87 10 95 30 69 30 79 48 96 15 48 5 60 58 43 20 30 10 8 78 20 42 1
71 45 39 7 25 24 85 21 73 68 44 8 79 77 80 12 92 58 89 6 69 97 47 81 96 79 64 62 60 8 10 54 77 5 11 23 23 63 98 15 92 46 56 42 84 56 14 53 91 1 34 88 18 86 80 48 53 41 10 37 45 57 16 54 39 35 53 93 6 27 84 72 86 76 92
99 68 98 9 8 72 16 34 94 23 71 13 48 3 59 50 54 3 17 91 30 67 90 85 49 94 76 20 66 26 3 3 32 50 94 95 40 21 3 43 15 1 58 7 11 6 80 10 6 24 6 89 47 24 1 37 65 43 85 18 55 30 80 38 43 44 93 89 98 51 98 21 54 37 42
98 99 17 14 95 22 72 72 82 37 53 95 41 47 49 25 19 57 27 52 62 8 89 1 8 14 89 99 69 95 99 38 27 81 50 57 84 57 40 87 60 36 36 2 55 43 18 55 29 52 13 70 38 59 52 47 32 22 1 43 82 47 16 66 45 86 91 90 76 11 97 2 49 22 43
56 85 90 49 77 52 93 53 63 59 70 80 74 3 47 76 94 45 18 8 64 69 60 61 82 93 96 99 56 5 58 12 65 66 43 41 10 72 6 83 62 13 34 10 85 20 83 51 8 61 30 7 20 32 28 42 29 40 62 63 34 28 61 85 14 99 5 58 38 48 68 64 72 91 5
39 83 86 68 3 17 66 11 3 34 39 57 37 34 3 5 25 48 49 78 68 31 79 75 30 97 92 14 71 27 22 53 90 71 98 64 51 88 40 39 97 47 77 90 29 20 93 18 77 3 89 5 87 37 65 59 5 96 23 16 92 16 2 48 63 23 55 97 1 43 3 36 40 2 90
72 75 71 29 83 41 40 16 60 49 79 58 93 5 55 77 34 99 17 40 58 22 6 97 63 41 55 26 49 82 86 84 57 70 97 24 16 8 83 39 82 72 70 73 39 83 62 83 84 91 26 74 81 23 7 63 13 97 87 78 47 42 47 66 3 44 54 97 5 60 49 84 41 92 6
86 10 18 28 84 66 41 10 3 80 9 68 48 83 55 56 79 96 1 90 40 80 89 78 88 70 24 40 22 56 80 73 87 71 4 40 8 46 1 17 93 58 37 7 28 31 22 1 80 17 42 18 18 57 59 51 22 22 52 34 34 20 22 88 69 32 82 85 32 93 78 19 88 56 17
10 31 82 74 30 38 56 10 70 2 10 95 72 4 19 42 37 16 51 1 84 13 16 3 8 3 13 44 76 94 28 11 24 91 82 17 70 65 53 3 69 45 70 27 63 50 89 94 50 65 90 58 64 57 33 58 2 1 38 59 12 26 71 94 88 59 47 6 28 18 88 99 77 56 68
22 28 90 98 40 74 89 90 22 4 57 76 57 58 77 88 60 7 99 59 77 30 80 87 17 96 50 2 22 30 51 61 77 35 60 63 48 3 30 96 55 7 81 24 49 90 21 63 69 58 92 87 67 62 89 40 12 94 73 78 58 21 68 62 63 11 88 14 25 93 87 64 15 39 9
9 79 69 85 59 71 24 21 93 70 10 44 55 56 21 16 2 48 21 10 11 43 51 8 25 44 95 94 37 4 82 88 23 26 65 98 14 92 46 80 9 43 77 71 86 69 53 41 18 78 56 27 91 13 26 79 71 11 27 58 44 79 95 74 20 55 22 96 38 16 89 69 48 82 59
17 17 32 33 98 60 63 37 16 43 48 70 30 43 99 34 62 83 55 64 13 82 20 32 94 51 18 56 87 23 66 83 31 56 51 43 64 4 31 97 1 70 31 84 72 6 86 72 98 6 98 49 14 38 35 63 34 87 58 62 87 6 46 68 71 62 76 33 36 96 68 75 99 46 54
47 83 79 61 69 17 49 2 41 38 41 9 24 70 96 32 31 80 74 91 66 78 13 10 11 54 1 84 31 88 18 87 64 7 5 62 7 62 49 73 47 12 15 64 84 83 49 28 73 48 53 95 85 31 9 16 25 56 85 61 63 90 40 84 11 67 25 48 39 50 23 22 27 41 21
63 87 66 85 8 79 93 26 60 39 66 7 19 40 46 76 36 37 81 10 11 18 94 66 75 3 51 16 7 39 66 40 81 4 33 48 21 94 27 56 59 49 25 13 50 80 92 88 9 19 33 13 14 19 73 3 44 4 4 71 84 39 20 77 46 70 80 94 51 79 10 84 65 98 98
36 92 1 58 36 53 30 56 7 60 29 62 30 67 57 61 76 6 70 67 78 86 8 67 44 98 1 86 86 57 48 3 88 35 92 56 68 11 48 25 26 82 80 76 85 43 6 98 21 21 57 78 8 1 23 95 14 49 15 51 20 41 97 9 34 84 29 41 19 94 57 34 2 86 27
13 11 61 57 43 45 32 54 50 44 46 68 64 17 75 64 8 35 5 57 67 18 77 40 94 76 83 77 14 17 42 78 59 48 24 48 98 24 11 41 10 12 51 34 37 87 90 75 97 93 10 80 12 55 71 85 79 94 26 47 68 31 41 25 66 49 59 6 50 49 53 15 75 59 75
51 36 64 30 95 41 79 29 93 12 9 19 32 8 93 39 9 62 63 97 5 67 3 54 61 5 10 21 30 24 84 65 19 64 71 30 2 99 67 33 99 56 84 12 14 56 26 51 95 21 54 75 59 51 6 49 55 9 74 66 57 57 73 9 56 91 92 43 86 46 35 66 69 70 74
36 98 13 6 25 78 69 22 21 56 41 44 90 37 15 25 74 86 24 82 52 26 41 99 42 53 87 60 81 82 52 56 77 16 60 81 56 76 3 31 50 92 70 45 51 88 58 65 79 10 13 44 68 58 20 80 60 34 33 92 97 24 39 9 51 79 98 79 60 78 5 62 57 60 76
64 85 13 15 32 32 98 22 58 65 13 59 99 3 64 44 70 51 84 33 17 87 98 64 46 6 8 97 50 65 76 34 17 9 43 17 82 27 1 18 71 20 26 89 28 70 66 64 56 46 74 69 80 75 8 54 86 26 30 29 62 39 11 79 83 38 93 43 97 8 76 66 97 51 81
78 55 4 3 15 82 63 73 74 23 31 84 28 41 56 38 95 76 34 21 47 93 3 81 78 38 87 54 51 95 11 39 1 15 29 86 75 46 87 41 89 21 17 61 53 83 34 64 13 87 68 46 1 71 27 69 90 59 32 93 26 65 68 16 11 25 14 60 33 11 78 69 44 82 31
87 46 85 32 46 64 25 92 34 14 75 24 11 63 15 80 28 49 85 26 20 16 84 41 1 62 37 73 84 98 15 52 68 56 67 18 97 35 94 14 89 12 84 20 47 85 83 81 24 74 62 35 23 9 39 64 52 40 96 17 15 2 92 66 41 83 34 65 54 65 5 53 49 55 97
50 42 55 69 34 58 46 5 73 35 92 27 15 23 28 69 1 28 59 27 59 19 92 35 63 43 93 79 58 3 55 99 74 36 78 55 56 41 83 73 17 58 66 42 5 17 60 31 83 94 52 83 37 83 3 19 78 81 49 23 23 27 30 58 29 72 37 33 75 87 9 86 21 48 32
57 86 34 68 11 16 46 63 98 15 64 12 58 71 41 73 16 66 20 72 19 97 24 48 89 3 65 84 74 93 14 6 6 93 97 50 26 20 14 68 41 89 17 22 75 9 85 84 20 46 67 61 30 22 8 66 2 35 50 41 57 37 60 89 81 64 88 43 51 26 75 76 80 68 74
17 9 73 29 9 16 42 45 86 36 87 89 55 44 31 72 13 57 10 25 15 35 76 9 33 17 68 94 94 99 21 39 13 96 69 22 37 36 46 47 73 93 60 71 67 26 66 53 72 23 26 15 80 52 82 38 13 5 56 9 70 91 3 25 13 35 7 73 36 32 76 42 37 35 57
95 7 67 76 80 76 21 83 61 60 28 33 90 27 46 83 30 66 81 67 6 14 33 34 55 60 52 49 83 23 45 17 76 76 28 45 36 47 34 82 2 24 96 45 23 3 61 4 83 86 99 58 52 19 12 35 34 37 61 3 25 84 32 84 95 10 43 87 76 79 83 91 2 8 63
99 35 83 65 85 55 50 46 83 40 23 60 83 1 7 83 82 82 56 22 84 37 58 42 57 77 79 60 90 23 5 14 7 41 96 24 91 89 46 68 54 93 68 60 3 7 48 6 95 38 65 62 35 81 2 69 35 15 52 40 47 90 53 64 72 73 28 48 54 42 23 87 41 85 60
11 46 61 30 11 79 20 50 80 67 32 38 4 17 32 87 15 53 70 17 69 44 8 18 41 4 87 98 30 11 9 39 59 37 76 95 52 94 7 79 29 33 36 27 8 41 21 91 46 33 24 80 88 14 70 49 74 2 9 58 49 92 41 66 50 12 12 81 60 72 37 21 5 19 3
2 16 85 57 25 9 82 70 71 52 88 48 67 3 89 23 46 49 99 55 49 78 92 21 76 75 21 19 26 54 68 56 24 54 11 86 77 18 67 2 3 55 15 98 5 46 92 86 54 83 92 23 23 93 28 66 49 57 53 19 28 1 23 44 85 89 30 9 87 89 94 96 89 7 13
89 32 76 66 95 47 86 72 21 89 58 78 4 94 86 11 26 76 24 68 65 20 78 69 92 65 73 15 89 40 34 34 48 17 5 98 96 56 24 68 85 84 56 17 59 47 7 36 6 66 38 81 33 77 65 21 52 97 69 6 72 32 94 18 63 64 36 88 33 80 48 51 33 29 9
59 73 79 44 13 99 28 37 58 58 73 16 35 62 65 6 19 25 83 45 94 52 25 41 93 44 97 52 60 14 10 73 6 68 94 81 63 69 29 79 8 39 30 48 52 52 77 35 70 3 8 57 39 35 79 4 10 46 28 35 32 50 15 75 24 89 51 29 67 32 64 38 49 9 29
58 40 74 10 88 80 25 68 39 26 89 38 61 79 50 59 64 29 2 83 7 67 59 98 69 80 89 23 2 58 55 67 1 51 8 86 45 20 5 96 48 75 81 21 96 94 57 67 51 99 55 20 13 35 33 25 87 53 66 54 25 36 40 23 87 56 18 24 82 54 14 75 36 32 19
43 90 1 66 68 3 57 76 63 38 16 25 7 19 12 12 9 69 64 70 70 42 28 91 11 42 60 55 84 25 80 92 21 54 57 24 71 27 77 28 56 22 98 43 54 83 41 87 18 68 21 78 86 33 9 20 18 32 65 67 90 43 92 41 79 25 72 23 9 16 81 14 20 84 52
52 34 27 41 79 90 50 93 97 30 90 34 36 1 71 7 94 59 5 52 22 53 49 36 41 45 21 16 24 97 69 26 62 70 52 74 80 97 57 41 13 50 34 70 87 13 41 51 38 68 59 33 89 22 55 47 1 78 95 33 30 76 9 55 90 75 38 33 48 76 61 20 85 43 5
62 74 77 6 64 61 52 21 59 17 6 21 70 38 47 72 90 52 65 71 51 43 73 13 46 86 85 3 8 28 73 29 58 52 78 14 71 68 43 53 8 88 89 26 64 94 71 60 21 60 16 1 82 69 55 93 8 13 99 66 1 79 85 46 22 50 23 57 76 73 44 25 94 24 57
76 59 78 64 77 80 27 6 36 48 86 4 94 63 95 8 63 76 96 43 15 76 97 26 32 87 18 9 35 45 65 88 92 87 86 48 30 7 33 39 79 66 59 73 79 34 42 48 63 68 78 97 45 79 18 5 72 71 22 84 25 78 91 1 89 56 65 84 34 97 8 33 33 91 57
79 94 54 56 67 22 23 70 59 59 38 70 36 88 40 34 8 16 36 98 51 27 10 89 56 28 57 52 18 55 57 46 78 34 97 1 23 96 17 2 16 41 10 22 19 50 30 8 74 90 95 89 3 12 38 26 75 1 39 73 37 34 9 13 55 93 62 83 39 41 60 97 45 20 23
82 25 72 61 67 79 11 93 75 74 93 67 83 80 14 1 4 88 35 87 54 2 93 86 67 2 8 66 16 79 64 67 22 40 12 29 19 70 14 49 43 15 60 44 62 71 18 53 64 91 75 98 84 17 17 73 33 12 8 44 27 71 63 32 26 7 75 37 98 44 23 45 47 50 32
40 59 81 99 93 50 72 51 13 44 37 30 47 39 77 34 83 71 5 8 44 33 86 71 28 92 18 68 20 95 23 8 30 16 92 30 46 46 95 57 42 30 32 24 30 49 72 61 15 34 47 74 44 61 75 17 75 72 50 65 66 10 41 56 40 20 73 5 42 1 94 54 97 20 2
80 45 53 63 28 62 35 74 47 45 7 24 6 92 75 83 89 29 1 8 38 38 44 59 4 52 38 76 50 97 98 66 71 10 42 1 70 59 75 10 38 62 63 80 79 65 69 20 40 39 73 51 89 64 89 28 52 83 70 64 89 25 60 8 4 98 67 3 10 86 40 94 4 97 72
24 83 95 72 23 53 25 58 6 55 15 68 31 56 6 65 82 91 87 78 6 87 81 57 85 53 4 79 56 96 20 23 45 32 9 51 5 27 75 55 41 67 89 35 44 21 11 53 12 72 53 73 34 36 81 39 48 8 11 77 93 7 63 95 98 72 99 15 98 97 94 15 30 31 32
45 39 91 91 89 9 99 27 79 18 72 67 99 79 49 79 19 24 17 81 34 68 95 29 44 37 85 23 7 85 50 98 6 38 60 39 66 70 21 55 45 3 90 64 23 63 23 55 94 77 55 89 72 86 90 41 35 60 28 20 73 77 75 96 20 52 94 37 19 15 47 21 3 69 32
81 48 69 44 31 98 77 25 17 58 9 19 83 78 79 64 70 26 39 39 89 85 90 14 96 26 36 78 20 89 85 48 66 13 71 81 38 31 24 9 31 41 84 53 4 19 12 35 79 3 56 25 88 7 75 91 28 26 47 85 49 69 26 17 17 64 62 30 36 78 94 60 28 14 19
55 27 86 52 56 76 18 16 22 94 69 98 86 84 2 42 86 50 21 41 71 99 92 31 87 31 49 78 66 66 15 81 95 30 43 99 8 18 96 39 40 12 40 58 77 23 40 23 30 26 85 71 17 51 8 97 70 17 31 51 84 33 72 31 26 82 36 78 50 75 42 45 80 82 40
34 1 41 82 37 71 88 94 24 10 6 45 25 24 30 87 39 94 51 64 38 17 83 89 84 68 96 52 31 98 9 15 10 94 21 64 88 41 79 6 36 73 44 83 41 12 44 93 68 98 47 66 44 42 38 41 33 82 39 69 19 14 1 92 92 38 94 72 19 12 71 17 58 80 32
17 83 72 35 5 95 7 14 55 82 76 41 98 74 72 26 60 59 75 72 5 78 85 36 35 56 91 37 59 49 19 95 4 55 14 91 65 92 19 32 60 65 14 8 98 69 21 4 49 96 52 40 54 70 59 44 31 26 76 9 76 68 72 78 98 50 9 33 71 40 14 98 57 13 36
35 23 25 59 62 68 51 98 35 97 29 56 73 56 45 77 95 86 7 99 69 60 10 73 71 60 44 38 23 98 84 31 87 91 5 65 84 21 73 98 35 89 76 91 86 25 21 14 60 27 87 9 92 52 58 26 68 73 50 17 34 22 87 86 64 35 50 89 95 64 79 17 45 8 23
54 90 9 79 12 44 24 54 84 72 99 88 42 9 4 92 70 3 48 52 93 27 44 96 58 91 44 48 37 63 85 90 17 2 46 39 93 42 86 43 18 2 97 80 3 8 55 91 58 25 22 5 66 63 58 9 51 28 31 58 73 70 1 40 83 56 3 54 58 71 91 93 10 81 84
83 84 55 58 27 30 54 92 47 59 37 45 14 98 41 34 17 40 21 26 82 9 41 12 78 14 42 79 22 49 81 4 24 56 73 55 50 46 16 82 22 38 73 67 53 2 71 43 66 81 25 25 20 11 23 29 66 40 84 91 17 42 42 15 55 80 39 55 27 72 2 60 43 56 88
95 12 76 79 19 84 11 56 74 13 93 50 38 77 25 68 73 60 80 29 64 11 48 70 87 19 24 42 35 17 70 48 36 41 31 42 18 77 75 57 20 57 18 33 60 17 22 93 43 77 82 68 77 16 88 57 3 8 94 53 41 13 82 26 73 81 52 59 27 43 15 5 55 52 44
35 22 97 44 87 30 32 55 69 63 30 92 82 54 13 94 53 10 17 9 8 65 91 61 98 9 42 22 63 95 56 57 61 91 10 55 49 85 32 2 60 59 98 82 14 43 12 66 81 41 21 35 72 5 12 98 58 6 34 40 62 30 56 33 44 28 78 75 25 13 72 85 96 41 51
1 90 76 29 24 64 17 38 39 47 34 35 12 40 65 5 60 85 40 85 48 82 23 6 49 34 89 35 1 98 11 61 66 36 42 97 24 51 12 40 53 70 4 33 86 66 35 35 10 96 76 32 6 35 26 54 45 40 50 70 18 68 84 40 31 62 42 82 32 52 57 24 66 46 44
60 29 30 15 41 88 32 38 34 66 33 80 99 94 59 72 1 12 74 66 18 53 84 19 43 17 65 53 89 97 71 80 16 47 82 73 86 55 83 86 60 79 91 79 62 40 23 41 19 47 21 44 51 39 83 98 61 41 26 74 37 31 90 16 84 48 74 50 48 22 5 24 82 37 29
65 41 10 70 11 69 16 19 18 73 87 44 63 71 93 26 2 99 62 62 51 27 58 82 12 84 31 17 30 27 7 42 82 72 55 27 33 7 15 39 8 76 66 58 86 64 58 21 94 83 46 10 49 25 1 52 32 48 37 1 92 91 26 28 14 14 92 48 99 5 73 76 38 9 93
78 74 24 13 46 97 17 45 30 5 95 46 87 71 34 60 32 11 10 90 96 35 36 98 43 38 9 28 47 62 85 78 32 71 15 49 5 39 85 71 76 33 60 36 86 71 52 8 89 34 30 22 84 7 44 48 30 18 29 35 43 4 7 21 77 34 40 27 80 72 39 35 83 28 12
6 66 47 40 25 84 43 68 5 51 6 15 86 61 68 28 47 68 63 40 44 65 81 91 1 69 49 45 87 89 94 78 49 8 28 19 48 73 47 95 27 94 59 86 44 22 46 7 66 14 77 85 7 37 73 34 29 4 74 17 63 95 6 75 62 84 21 46 47 36 73 34 88 11 73
8 97 7 50 48 76 30 80 26 68 82 77 38 81 5 88 50 77 92 54 49 77 19 70 95 29 42 52 25 45 24 20 39 79 18 17 17 98 32 22 27 30 68 55 83 99 59 76 26 97 52 95 78 83 24 86 48 30 26 87 96 68 32 98 51 37 12 3 13 72 39 59 66 66 59
18 8 37 64 87 10 53 72 22 34 58 23 38 45 13 18 80 37 82 29 21 32 48 8 73 71 98 44 36 52 2 11 9 53 87 96 52 22 50 63 97 37 36 7 18 18 24 80 31 71 54 9 97 82 34 25 5 1 19 83 66 29 88 42 30 86 61 11 15 74 20 35 42 89 60
89 82 2 80 53 59 20 56 52 82 93 83 19 71 93 84 61 89 25 33 23 9 72 25 99 7 49 16 63 8 96 61 32 46 78 32 7 43 55 36 94 87 86 9 67 7 46 12 62 14 77 80 59 6 54 5 50 9 97 99 98 4 56 90 31 28 66 51 99 2 3 35 77 21 79
7 37 56 14 87 4 20 47 41 18 56 30 89 47 63 23 10 21 25 37 31 46 90 83 59 95 15 39 70 36 77 5 44 80 21 62 90 68 56 38 68 77 92 5 32 53 81 7 27 75 42 90 87 47 83 53 19 5 24 12 50 87 80 94 63 4 8 18 68 1 2 1 12 56 14
76 56 46 84 24 58 90 27 98 7 18 54 33 1 50 65 71 2 60 69 94 57 58 78 80 1 30 99 13 96 2 5 81 73 47 83 9 76 76 33 21 44 31 58 36 37 59 25 47 31 78 74 92 12 71 88 62 24 37 29 69 13 89 29 1 47 49 49 67 68 36 66 35 5 95
61 86 21 89 79 49 19 64 68 99 19 31 31 85 48 87 6 74 80 24 65 91 70 32 19 29 9 52 8 42 46 98 20 57 92 49 44 97 71 17 4 37 86 62 26 36 44 91 13 85 6 61 35 86 59 89 1 92 95 48 16 36 23 6 65 50 68 87 12 63 28 21 44 87 3
73 76 50 98 66 60 18 3 94 28 28 34 73 65 76 82 99 78 51 39 18 59 19 87 42 24 25 14 73 9 93 46 59 10 88 89 38 68 65 7 68 54 20 68 60 49 1 48 90 22 34 10 42 80 37 39 58 44 93 40 6 77 79 1 85 89 98 20 92 54 10 32 43 2 5
99 63 42 9 50 26 42 7 58 91 66 58 71 22 79 48 6 79 16 33 5 29 18 33 98 36 20 10 33 35 55 31 37 55 87 78 42 85 38 84 26 86 72 92 73 81 78 64 57 74 25 67 51 31 18 2 43 98 29 12 98 71 68 24 5 80 15 85 64 95 94 61 13 32 47
36 86 27 18 77 92 31 15 13 57 54 9 18 43 26 63 27 82 56 90 64 14 19 73 22 81 13 90 15 87 12 57 42 59 2 93 84 22 10 77 26 47 72 56 30 21 60 71 17 51 97 74 32 22 51 22 55 71 99 43 47 88 2 39 88 74 62 21 38 53 10 87 52 89 50
13 19 25 15 20 64 99 11 7 1 68 9 69 2 61 33 11 68 61 43 79 80 67 11 94 57 6 4 70 59 34 1 83 86 70 57 69 88 7 86 75 58 24 32 74 52 16 61 89 23 67 54 79 6 81 62 5 28 84 65 75 89 86 4 56 28 26 85 41 50 40 67 38 7 55
68 6 70 23 24 40 33 3 65 63 35 65 45 83 56 2 27 73 35 5 66 99 68 95 57 43 89 61 92 79 79 63 36 40 77 90 20 47 63 17 75 92 36 39 93 38 51 41 95 7 46 98 13 57 70 43 96 80 38 66 42 34 45 50 7 16 88 25 45 7 73 19 66 3 58
27 15 13 13 17 56 84 16 24 49 86 92 86 43 27 72 80 13 20 99 74 39 82 99 72 98 98 81 28 93 42 98 35 15 79 29 77 48 48 8 67 15 86 6 30 27 9 83 4 87 48 23 89 76 29 50 34 38 25 3 8 7 45 38 9 60 70 4 77 1 21 26 97 98 17
74 21 34 87 51 50 66 57 26 22 23 19 32 7 42 21 4 87 49 53 89 99 92 68 45 51 24 11 57 42 72 17 93 44 93 67 43 94 10 66 42 76 5 30 44 25 35 65 71 52 48 39 62 21 99 27 81 37 27 82 27 12 97 37 20 13 70 89 61 97 41 43 72 16 28
57 17 66 46 21 11 79 66 56 64 73 30 60 21 48 52 55 24 29 19 17 69 88 60 80 39 47 23 52 82 36 90 50 3 74 85 88 22 60 94 92 76 77 7 84 26 4 71 35 55 5 64 73 85 76 74 25 82 5 58 52 73 24 81 91 62 66 38 18 39 14 38 16 21 7
69 60 28 40 41 4 77 8 96 78 25 13 49 40 76 95 61 49 13 68 94 84 79 43 69 47 8 16 69 16 81 66 31 38 93 93 78 73 3 29 87 95 66 4 85 25 43 61 87 6 26 51 13 50 62 45 83 84 36 23 54 93 9 3 50 10 65 3 1 77 86 21 73 31 64
68 84 33 38 88 13 44 54 82 72 27 37 46 23 38 70 34 16 67 11 84 8 64 54 30 84 59 66 4 68 75 25 11 76 2 48 49 74 48 32 63 4 7 78 59 83 8 39 64 67 67 77 94 75 7 29 67 52 60 89 27 57 94 21 83 35 10 29 54 11 21 78 36 76 43
8 86 69 13 51 27 23 33 53 47 24 43 98 90 49 30 43 99 16 19 78 41 92 44 53 61 22 4 46 81 44 44 28 75 66 7 97 41 1 4 37 67 34 60 13 61 51 41 81 35 5 58 92 70 61 50 49 91 41 80 26 76 61 61 66 37 37 43 17 42 17 51 1 11 5
33 74 89 75 65 88 89 76 80 50 51 24 19 78 93 92 75 80 60 69 78 88 84 23 37 4 72 71 69 96 49 24 81 24 69 10 91 84 82 60 69 53 63 55 87 78 67 77 20 60 30 62 22 57 16 45 26 29 16 95 97 47 50 79 91 73 83 95 77 36 78 42 47 42 19
90 66 32 23 1 99 28 33 44 56 77 3 97 73 51 24 20 71 18 24 10 15 88 46 43 73 60 26 26 91 4 52 91 12 6 26 37 1 12 18 35 28 51 4 49 22 52 80 3 94 77 52 46 9 77 28 62 75 54 86 4 32 27 12 52 10 41 22 64 32 54 98 76 71 80
43 12 42 20 65 58 91 57 1 99 25 53 44 74 41 71 10 3 19 88 94 9 58 80 55 83 77 89 29 33 5 67 60 91 95 17 37 7 26 17 54 82 37 31 89 69 32 66 91 35 60 62 40 28 20 65 58 11 52 43 46 51 47 12 77 34 27 70 69 87 89 1 74 87 31
26 66 30 53 42 17 15 51 62 52 35 1 14 14 64 41 81 3 59 60 57 53 64 96 93 9 85 89 63 58 26 33 91 49 57 51 29 50 13 47 4 92 87 28 47 28 89 13 41 49 81 57 22 86 8 10 72 78 20 39 58 72 54 44 50 67 4 77 30 62 45 84 7 62 79
41 90 34 13 36 71 56 95 8 31 61 61 40 31 41 29 35 90 1 68 50 44 13 32 43 50 22 48 94 17 7 58 78 15 61 4 16 6 82 62 39 44 33 51 80 47 34 83 18 4 56 3 3 21 2 47 79 73 99 79 7 46 47 79 81 66 16 34 16 4 40 38 13 7 19
54 64 45 24 93 19 43 90 52 93 24 42 86 36 15 62 70 22 97 2 81 37 10 89 30 12 10 6 71 2 17 72 78 25 25 45 85 8 47 1 3 5 19 26 40 89 80 39 34 25 30 5 56 9 8 8 22 10 5 71 87 31 99 68 32 27 38 99 43 73 65 80 24 33 4
6 71 87 43 31 34 92 74 96 91 15 29 88 27 58 94 24 17 11 27 20 68 37 50 85 16 48 89 83 78 8 44 25 51 89 9 97 11 67 93 52 32 1 99 28 22 24 43 49 46 98 89 92 29 16 74 7 83 81 50 82 21 53 98 30 76 89 31 65 95 23 58 5 30 73
38 5 48 24 1 36 7 42 77 60 32 88 87 62 68 25 75 43 40 51 78 94 79 5 80 76 4 24 37 42 67 7 15 16 84 39 17 46 63 53 34 92 34 29 26 83 71 80 86 51 98 9 98 54 37 70 26 80 77 94 27 69 76 38 45 6 84 66 31 88 19 21 24 62 28
43 69 71 55 98 7 9 71 37 91 94 45 55 34 39 56 32 89 49 36 83 66 91 80 39 41 61 42 99 85 17 40 14 27 83 17 89 19 4 17 28 6 38 52 81 60 82 89 30 63 31 75 2 93 9 92 37 67 26 9 83 62 6 44 57 53 71 47 30 84 93 80 70 20 87
21 11 57 77 71 4 77 90 47 15 53 30 96 9 36 4 71 38 47 51 70 17 46 79 48 84 41 72 23 20 25 58 67 40 9 23 69 46 27 63 16 62 76 10 51 30 2 71 82 25 41 54 5 94 87 67 60 85 65 7 43 35 7 17 48 26 21 11 85 80 56 51 28 21 21
98 43 53 92 9 53 42 75 94 18 3 4 37 53 14 24 58 91 77 13 24 73 89 55 38 87 3 51 63 5 28 96 71 56 17 79 93 93 83 65 32 2 47 96 57 35 74 51 48 6 1 5 67 48 47 78 62 83 63 15 68 63 25 13 41 89 73 91 32 48 86 97 94 79 65
23 58 35 59 14 85 30 68 3 27 64 87 21 67 33 85 5 9 37 70 60 18 96 12 80 24 8 79 73 65 85 23 89 41 35 94 5 74 36 56 84 2 26 20 78 9 82 34 12 62 58 43 5 47 53 75 55 36 80 30 51 17 19 54 33 28 37 23 89 85 38 38 29 84 49
54 42 69 70 12 40 40 61 80 17 1 44 26 43 48 67 54 26 42 54 30 76 83 11 58 8 6 21 27 15 37 62 1 82 86 6 70 63 92 21 17 40 36 80 22 75 44 57 98 96 14 14 87 95 28 53 61 34 79 50 4 97 80 45 25 80 33 78 32 55 92 57 61 90 53
2 86 7 34 27 10 77 76 62 90 75 83 62 39 79 41 27 90 78 30 73 85 14 48 94 81 11 9 80 45 39 15 12 95 96 22 24 36 62 23 42 29 27 95 13 43 68 8 93 61 58 82 5 54 89 73 13 40 90 61 23 17 54 77 82 76 85 64 54 63 36 1 71 79 93
8 16 59 16 56 83 13 49 96 9 83 50 96 4 94 31 7 56 5 42 9 12 33 52 30 20 57 82 8 11 21 47 8 31 7 57 23 26 87 36 38 91 28 87 17 24 20 76 88 88 71 23 51 24 35 64 76 27 52 44 33 41 39 79 55 52 58 35 36 86 39 86 60 3 76
31 47 30 98 94 86 38 13 51 53 51 55 53 58 26 75 42 89 28 42 6 75 74 66 55 25 56 8 68 34 13 58 14 14 70 51 44 2 69 19 1 27 62 1 21 89 56 69 15 56 16 45 79 70 43 62 22 41 27 75 92 8 86 68 79 36 23 45 39 99 5 10 61 73 50
93 26 98 30 30 14 12 95 66 66 48 49 53 56 16 96 46 86 28 15 37 87 24 58 56 49 44 87 4 54 26 50 69 48 24 88 79 56 31 34 34 66 31 90 20 57 23 17 91 9 39 52 21 1 27 66 12 2 77 8 68 7 50 7 58 83 15 17 49 36 38 11 45 26 44
72 54 69 69 83 4 10 2 62 15 70 68 65 4 65 94 59 41 18 63 39 80 54 3 60 62 25 39 29 51 39 1 10 50 75 48 87 47 70 9 93 36 40 31 15 30 85 45 2 16 78 22 74 10 72 6 95 4 73 91 12 52 62 41 95 45 59 59 95 41 51 60 13 41 57
52 18 43 51 83 71 22 95 1 11 39 25 60 26 9 43 43 7 68 23 28 85 91 62 68 21 8 88 30 5 41 42 77 28 71 15 75 21 35 61 83 59 77 74 54 50 55 82 53 8 93 81 7 42 67 82 4 12 78 72 15 28 58 90 15 75 9 69 29 81 50 54 3 10 62
23 49 41 56 12 73 17 42 53 77 4 55 46 83 48 47 11 88 92 36 1 54 60 84 7 87 96 54 27 38 55 11 25 16 33 47 34 92 31 2 18 79 98 28 5 10 20 87 38 4 79 75 49 93 10 41 80 66 17 53 80 45 26 11 53 19 16 6 78 21 3 35 83 24 73
54 28 50 95 45 9 16 23 37 19 27 46 21 11 14 35 80 32 78 78 6 27 83 18 93 22 85 75 89 53 51 53 9 27 21 52 89 84 35 18 16 7 39 16 66 9 63 30 24 12 83 38 34 54 13 22 75 13 44 19 35 42 75 24 53 11 73 81 5 86 84 38 51 66 21
9 34 7 86 19 59 45 49 80 80 94 91 8 43 22 95 40 18 57 21 36 28 38 8 91 18 61 79 61 7 62 5 3 39 51 39 97 65 43 48 29 93 47 37 32 35 13 20 49 47 64 24 69 55 77 21 4 6 62 16 74 41 36 97 99 59 75 72 5 38 91 67 13 97 62
15 26 82 29 73 59 25 51 73 58 25 21 40 25 64 90 13 69 47 16 34 78 79 53 29 63 55 43 30 76 32 78 67 67 5 47 92 58 19 59 21 88 96 17 25 1 49 65 24 74 55 56 16 86 41 53 92 42 23 52 42 33 4 45 60 86 7 95 96 23 83 69 47 16 44
46 64 19 9 49 92 66 43 55 3 64 77 93 88 56 88 60 66 13 13 57 91 63 40 38 57 59 59 49 78 92 40 33 51 40 19 70 52 42 3 84 80 88 86 63 49 5 81 82 35 92 38 75 73 87 46 60 25 46 16 62 24 66 99 88 96 32 76 33 58 5 77 68 9 57
20 13 91 52 82 12 60 56 93 85 94 56 35 33 76 52 42 78 8 78 38 31 5 38 21 71 86 61 90 14 81 19 21 89 10 87 58 18 63 77 88 14 46 67 49 90 66 41 70 40 64 60 51 99 81 75 96 62 76 64 19 54 10 14 8 91 22 85 18 98 28 42 8 92 9
84 79 79 35 92 54 1 75 50 48 10 5 7 85 92 5 48 96 63 45 92 93 65 42 16 47 8 31 7 12 23 89 96 93 23 44 18 41 89 89 93 47 83 60 56 2 16 86 54 27 87 72 51 63 12 88 18 78 96 66 82 98 39 71 70 69 83 66 96 36 68 81 77 81 86
61 55 83 99 82 65 12 63 15 60 76 83 42 24 58 87 73 60 86 19 15 1 41 17 21 29 39 15 81 5 99 50 71 75 62 47 48 72 20 81 72 19 94 4 41 49 65 86 25 32 78 90 11 14 95 97 66 76 54 11 17 69 72 83 34 69 7 54 23 57 1 10 86 25 92
84 50 8 30 91 55 99 19 17 7 20 93 12 30 61 42 67 31 84 75 89 56 19 25 17 13 12 8 85 82 56 7 99 64 34 98 63 38 89 66 60 56 44 62 50 96 88 50 46 85 22 74 14 8 68 11 89 55 98 90 82 53 57 64 77 24 26 28 29 73 14 69 2 1 13
71 93 23 44 85 31 13 93 31 61 89 11 75 18 96 61 25 6 33 82 98 3 48 13 83 65 64 5 56 43 75 49 4 18 59 58 69 77 13 89 38 15 63 50 63 84 21 7 43 73 87 94 62 39 57 65 94 51 73 60 70 41 77 34 23 54 86 16 73 9 40 44 46 49 8
93 54 16 15 91 63 10 59 65 52 88 41 77 27 25 50 63 50 41 72 41 74 55 44 49 65 72 65 61 82 36 21 19 48 89 80 85 6 90 50 35 91 75 25 5 34 45 89 68 25 67 31 32 25 19 59 87 58 92 2 28 52 72 88 63 23 91 50 39 54 94 11 64 30 92
85 97 23 41 6 49 50 80 48 39 53 79 32 76 7 42 44 50 99 40 87 53 58 53 28 51 29 8 5 30 23 51 34 3 46 66 59 24 57 7 49 1 61 21 56 53 31 70 75 89 53 21 35 90 5 80 97 36 59 20 45 59 84 56 40 15 96 28 48 18 98 75 86 13 10
26 95 66 18 79 30 21 66 57 51 12 77 35 32 60 57 34 8 49 73 39 32 40 88 54 57 22 90 18 66 91 57 56 2 29 66 9 21 59 95 73 26 59 20 87 81 3 38 44 25 15 64 68 56 25 54 50 29 57 60 83 98 99 49 63 21 23 77 6 75 9 6 63 4 99
65 11 37 99 13 68 24 89 58 15 52 60 25 4 35 63 2 63 68 71 54 27 87 36 86 38 49 42 80 31 63 53 11 7 59 15 43 24 57 95 86 73 92 6 93 51 74 60 52 5 88 81 32 22 95 90 90 28 35 19 38 51 68 93 91 86 10 76 46 82 11 13 63 72 38
48 31 41 35 64 12 24 16 13 78 54 57 56 43 74 31 45 64 92 57 47 54 22 20 18 86 55 43 18 88 44 22 13 47 18 34 14 96 44 90 64 16 66 83 93 7 46 85 49 63 4 44 83 18 89 59 73 76 23 97 17 67 72 89 73 88 52 66 8 6 92 23 14 51 53
97 29 60 25 52 40 47 39 29 81 76 17 61 96 77 14 29 11 18 89 67 93 30 73 31 55 70 7 20 4 23 15 39 26 35 31 49 60 51 31 91 35 72 30 69 50 24 93 40 10 22 12 30 58 94 13 27 78 9 50 30 58 3 83 29 9 27 91 60 82 80 70 40 14 28
16 23 44 77 77 33 5 79 78 18 86 95 72 72 22 17 48 79 18 47 53 81 82 37 87 73 74 75 91 52 49 26 37 34 28 64 25 52 54 46 33 74 13 6 6 11 67 28 3 87 51 62 95 82 82 66 22 13 2 75 80 11 70 34 39 26 76 81 65 65 13 59 83 28 84
63 82 40 11 4 66 14 86 51 28 45 26 55 75 50 23 8 38 32 9 49 64 28 64 17 2 76 85 66 2 14 71 23 1 42 49 45 71 85 9 12 51 35 98 64 74 3 79 26 24 10 66 93 84 19 90 84 77 49 1 10 65 4 83 90 32 49 1 88 85 21 82 21 98 48
95 41 75 67 20 43 17 4 30 40 22 88 57 33 56 8 23 52 24 46 17 49 9 52 58 46 88 94 70 96 64 79 53 59 60 33 75 83 84 59 24 84 19 75 65 51 75 73 32 37 51 64 10 56 36 29 22 60 7 29 36 93 79 3 64 86 49 56 96 58 18 58 2 87 88
7 75 54 49 90 41 69 80 40 34 56 47 21 71 92 80 22 27 87 85 11 23 94 82 77 80 69 51 75 29 96 89 20 23 84 8 75 21 72 23 28 66 2 21 35 43 47 53 8 51 30 37 8 32 20 28 54 26 71 75 77 26 58 82 12 90 33 81 43 71 20 94 55 19 63
64 39 21 90 68 80 19 85 1 2 55 26 61 9 50 99 13 28 49 47 10 76 36 37 99 51 25 55 23 25 5 57 26 66 53 37 81 47 90 62 35 19 35 70 3 73 99 69 24 14 20 82 71 84 4 52 22 76 54 81 55 84 30 71 46 5 84 12 29 55 77 48 90 72 87
41 62 64 66 8 45 36 66 69 35 76 45 99 74 54 60 47 95 82 85 29 42 88 48 57 82 54 63 30 54 68 67 9 18 77 44 19 89 31 46 36 73 56 70 55 47 20 82 63 63 73 79 13 24 60 76 57 75 78 25 3 41 15 27 92 29 8 94 2 1 76 75 60 21 64
87 63 32 33 29 28 94 61 60 58 62 22 22 90 69 40 40 11 4 17 56 86 62 65 22 25 24 41 66 39 52 48 22 97 54 81 57 69 96 79 71 23 24 26 93 93 8 60 4 77 36 67 49 2 40 8 34 61 95 21 81 97 53 86 92 77 5 54 49 25 69 51 60 5 25
13 69 70 26 98 60 69 54 50 4 4 91 83 79 14 67 50 27 34 68 92 60 4 2 18 36 16 73 2 77 14 3 83 25 34 92 77 8 57 69 68 80 15 91 69 64 39 62 94 39 16 56 40 61 66 88 89 97 48 52 41 96 98 40 7 43 93 87 62 99 12 34 3 50 33
99 51 73 86 5 30 6 45 68 80 28 9 34 14 74 97 83 88 13 1 8 52 38 27 61 65 84 38 22 14 84 95 78 15 46 69 8 77 28 35 26 56 22 91 94 19 77 70 96 62 39 62 16 46 86 38 51 89 63 37 46 74 92 32 15 65 52 81 12 8 87 66 87 68 72
84 16 86 6 84 35 13 60 95 10 36 15 50 16 54 17 77 39 22 23 96 80 1 39 93 79 84 52 22 65 32 71 55 79 69 23 78 78 35 34 13 46 81 56 73 24 61 21 95 93 71 18 58 91 84 27 1 21 1 58 35 33 91 20 47 48 92 78 51 46 48 31 63 84 69
36 37 58 79 37 75 90 41 51 67 14 60 61 27 45 20 60 49 25 24 23 73 44 52 49 71 71 77 46 46 77 20 34 22 16 83 22 58 15 92 6 13 93 61 85 29 55 85 7 5 1 50 42 97 58 7 58 13 14 77 82 67 10 98 54 34 91 27 63 22 35 50 9 63 1
80 70 28 50 57 40 12 73 26 23 67 35 16 12 54 76 29 76 44 64 22 74 74 78 83 67 99 30 95 60 37 35 52 86 76 51 84 93 11 97 40 52 83 75 85 41 39 64 41 23 82 81 2 11 69 51 15 44 12 72 85 26 88 34 7 98 10 74 35 43 16 38 14 33 32
54 83 28 39 88 85 89 99 40 19 48 7 4 32 38 78 96 9 24 35 64 15 99 1 72 60 5 32 47 56 92 39 37 6 75 57 45 64 24 45 99 13 25 62 93 29 94 95 63 36 93 11 92 37 54 96 5 51 89 51 63 48 93 49 35 7 34 98 9 42 95 84 17 5 4
67 24 31 70 80 52 7 73 66 65 49 57 85 68 76 79 61 13 10 4 30 70 29 6 78 18 35 73 31 17 79 7 4 61 95 13 72 69 50 83 66 17 24 30 72 15 56 11 65 66 12 58 52 14 51 82 57 66 19 95 16 9 35 69 75 67 71 59 68 30 6 81 17 7 72
45 37 60 42 11 15 92 51 15 46 49 20 43 15 63 80 97 85 85 24 96 96 42 87 64 15 68 44 49 29 38 91 56 46 18 34 54 67 86 23 78 76 62 83 11 83 51 59 59 65 76 89 19 68 18 64 63 37 17 75 39 28 92 41 62 53 20 86 9 52 50 82 10 34 83
79 74 50 86 29 87 46 16 15 79 69 88 79 12 25 91 10 29 35 11 75 14 64 47 77 18 77 52 4 92 16 7 1 75 36 39 28 56 80 30 40 95 4 51 35 43 49 17 37 95 89 13 11 3 58 66 83 2 38 7 24 43 86 26 47 98 4 46 73 91 85 46 6 43 77
93 49 15 97 79 74 64 72 70 40 5 28 90 58 26 21 6 16 76 30 84 40 23 42 93 88 75 98 26 72 53 90 47 64 49 67 61 39 68 23 41 41 16 49 71 4 94 36 23 87 99 6 28 88 46 13 88 82 48 27 44 63 45 60 4 82 79 17 64 16 77 11 68 87 74
36 4 84 44 13 83 42 68 66 86 87 10 1 22 54 78 34 52 52 47 47 73 60 76 40 51 22 50 30 87 98 2 45 57 91 80 95 75 26 86 71 75 71 86 50 17 96 59 44 62 69 71 39 76 88 42 72 36 57 21 77 94 63 87 68 23 77 78 70 47 10 65 29 17 54
10 2 90 81 89 15 27 55 99 24 28 17 6 51 62 72 85 16 81 21 2 73 46 38 42 34 25 64 27 33 44 19 77 31 15 55 66 7 45 57 58 99 2 79 55 36 74 48 16 83 42 41 11 61 22 76 70 53 43 72 58 85 41 74 23 96 49 25 70 85 76 20 9 73 84
66 57 95 76 98 64 45 26 61 14 33 48 12 82 14 99 46 27 39 19 13 68 38 51 44 60 82 26 59 88 25 3 24 74 80 69 34 99 12 94 31 63 64 16 10 15 90 69 28 34 63 87 13 1 47 14 83 71 84 59 73 50 7 47 29 95 26 45 71 66 64 63 16 62 74
94 9 21 87 89 46 5 67 6 11 57 28 98 99 76 60 68 85 90 57 64 6 85 53 63 79 16 92 83 42 24 90 65 13 80 67 57 54 8 58 1 24 48 4 4 89 24 91 12 94 88 55 29 22 71 13 98 23 71 30 34 94 67 31 6 20 23 20 34 26 20 4 63 22 89
15 67 62 36 10 34 1 76 96 39 56 49 57 6 95 66 68 62 7 81 95 15 39 72 76 97 57 49 28 49 21 95 49 39 19 70 1 22 10 99 52 78 82 13 23 41 55 47 45 45 33 75 89 74 49 27 42 95 20 48 30 1 40 55 52 6 84 60 65 26 30 23 52 85 8
74 22 41 48 88 96 33 1 26 27 65 71 56 64 31 94 69 70 82 8 79 44 76 22 39 93 39 42 60 10 5 48 67 48 28 30 82 91 98 86 82 23 85 34 38 90 79 97 55 26 35 3 74 21 83 94 5 89 79 4 66 9 91 76 54 23 86 25 78 30 69 68 14 73 16
43 10 73 50 77 3 95 16 73 26 68 26 33 21 42 47 72 60 85 67 74 83 80 79 79 39 46 55 62 51 31 3 15 76 69 92 82 77 58 16 74 7 93 8 97 22 79 61 74 72 81 65 51 34 51 59 17 83 39 59 87 16 79 42 13 73 64 3 92 45 52 45 10 60 53
6 53 85 76 61 50 76 15 53 42 10 47 34 64 11 40 59 41 12 26 80 49 50 80 48 78 71 83 8 4 98 75 84 26 9 61 55 16 34 63 31 92 80 40 44 43 21 20 38 86 51 28 43 56 2 23 50 17 37 81 1 40 75 25 5 13 88 53 47 97 5 49 25 89 59
37 12 61 67 8 88 7 34 60 31 20 82 52 94 63 79 70 17 76 51 47 62 87 33 4 43 79 97 36 90 52 71 24 99 1 23 31 12 50 90 15 38 94 37 95 31 19 79 73 89 80 30 37 37 39 6 40 26 52 38 16 89 58 69 49 3 78 27 59 92 58 28 86 58 55
61 64 70 51 2 82 37 6 69 87 70 3 24 43 40 39 47 70 41 25 90 2 56 4 20 30 16 61 94 52 63 13 33 88 19 84 8 4 5 92 94 77 99 65 97 75 35 88 78 18 3 52 92 95 5 89 84 85 7 55 91 33 69 55 61 16 55 62 75 80 5 29 10 91 73
50 4 15 67 38 41 34 85 8 4 44 48 61 86 33 73 95 47 7 20 94 65 84 94 85 1 4 30 53 19 1 43 35 39 68 10 49 74 86 7 28 30 99 83 32 79 33 83 22 28 44 27 6 43 15 23 74 10 98 30 92 1 30 68 59 57 7 99 22 48 9 72 98 47 91
93 69 27 88 53 71 61 60 92 7 49 58 62 19 41 68 10 49 70 36 83 23 77 27 6 96 70 57 26 14 71 56 46 31 84 50 27 14 91 66 14 56 16 87 97 46 42 77 28 12 89 70 66 55 30 47 21 20 28 28 36 27 2 3 54 77 70 26 90 15 25 40 61 58 49
69 59 1 5 48 67 47 92 78 3 78 50 89 29 33 28 58 97 35 58 1 46 20 59 78 86 31 27 92 74 19 1 49 86 65 43 54 87 29 43 7 8 50 59 20 48 53 80 16 17 21 37 83 3 65 11 48 79 9 79 99 60 51 54 84 80 13 96 99 87 66 74 22 56 88
49 70 59 26 43 87 20 9 68 17 76 46 6 1 38 66 91 24 21 79 92 92 25 73 92 3 8 63 97 94 45 7 47 29 2 80 45 1 4 63 91 13 42 70 46 31 30 92 70 93 18 64 63 15 13 5 36 36 14 41 57 30 62 35 85 39 65 2 1 13 95 56 32 1 43
29 25 42 73 1 71 66 12 38 36 31 5 37 39 26 42 58 83 36 68 23 75 42 91 18 46 89 93 5 43 66 14 87 27 83 31 47 87 90 63 80 45 73 79 79 47 70 30 71 78 42 5 37 37 56 96 10 59 75 58 36 28 15 10 59 1 13 84 34 40 68 5 99 15 90
63 15 66 28 39 29 92 27 64 50 60 5 29 90 83 53 93 67 61 1 19 16 72 58 86 56 43 64 56 35 83 68 59 33 23 66 13 28 32 82 33 17 97 34 3 5 8 70 22 7 81 24 61 97 38 44 31 53 40 60 29 68 79 80 51 17 38 72 18 97 28 11 61 67 66
57 89 33 95 26 64 94 80 98 23 31 53 99 7 58 77 37 30 32 10 61 63 92 17 59 25 8 27 11 3 4 62 38 50 67 7 25 59 32 34 93 2 30 42 14 67 18 83 39 49 90 70 13 87 23 25 33 22 85 34 66 45 75 1 39 64 2 90 2 48 12 35 17 60 50
34 72 18 78 36 25 8 68 51 12 94 45 42 68 6 92 67 39 42 62 49 59 13 25 97 55 81 13 98 64 66 20 38 17 48 1 49 1 58 77 18 97 72 54 50 42 66 37 75 81 81 58 59 80 17 37 39 68 93 30 60 39 22 94 33 97 17 71 96 33 84 44 76 44 91
57 26 63 35 56 65 46 84 4 69 51 81 20 70 17 97 97 94 39 72 50 19 38 12 43 60 63 44 31 18 21 18 20 90 86 47 42 10 70 20 56 61 49 57 91 97 53 61 81 72 78 39 6 67 97 95 11 63 3 92 62 95 76 56 68 47 14 59 40 12 66 85 33 49 77
39 62 7 20 53 93 65 10 53 30 69 63 77 23 12 8 46 14 56 65 37 33 41 78 49 4 25 97 46 98 21 94 26 87 31 48 9 47 43 4 17 90 18 51 74 37 4 27 47 17 11 60 7 29 35 11 74 49 73 54 45 65 40 6 53 79 29 38 77 9 9 19 93 71 33
61 26 40 10 54 53 42 60 66 69 86 68 10 19 81 68 60 50 95 25 22 39 37 30 53 55 78 31 29 67 84 27 26 85 8 19 9 1 78 31 13 50 65 60 47 27 19 87 37 4 76 26 26 87 47 17 33 57 52 50 80 57 44 35 72 22 31 42 21 83 84 73 59 67 29
67 75 94 39 87 18 25 37 13 13 91 87 34 17 25 27 25 44 45 15 11 97 78 13 9 13 11 18 85 81 25 67 9 61 16 29 88 63 27 76 54 74 66 83 73 62 16 71 30 23 27 32 73 40 57 23 1 47 22 43 48 82 45 13 33 18 38 11 15 51 56 39 46 16 94
42 47 9 9 41 58 5 8 61 22 98 2 17 58 78 97 97 42 1 71 44 66 83 23 91 51 81 48 17 72 59 27 46 12 48 58 49 62 17 76 2 56 59 5 74 16 16 12 14 85 13 77 57 35 79 86 67 19 17 29 22 3 19 58 58 91 1 65 67 46 61 64 60 17 70
71 33 14 5 85 92 88 94 61 72 63 82 77 44 64 43 40 59 38 67 7 55 42 32 98 6 85 33 87 27 78 45 97 46 89 38 96 98 52 53 71 79 15 78 25 93 55 29 23 17 19 61 34 20 35 81 59 28 12 60 94 30 17 28 5 1 75 90 88 20 90 9 7 39 90
75 66 81 34 8 17 99 19 75 23 9 84 53 19 2 76 41 54 3 95 69 62 92 63 73 91 56 36 9 35 55 25 80 23 81 4 32 94 45 34 7 90 21 10 86 51 98 56 55 90 39 77 58 15 68 18 33 99 96 19 78 16 69 98 51 52 86 34 19 30 66 89 78 81 37
80 75 27 43 35 72 46 95 66 80 24 58 38 4 22 20 48 58 93 73 73 15 92 14 10 65 85 26 86 12 53 33 64 92 16 39 87 58 50 56 92 83 9 84 29 84 25 80 10 20 65 52 61 85 51 59 38 52 78 86 52 43 86 50 28 29 76 81 33 9 20 59 17 74 92
53 64 1 57 22 56 88 91 24 7 34 14 63 16 3 39 40 77 88 82 11 91 92 66 15 18 49 26 8 37 36 56 70 93 96 7 14 94 45 72 92 71 70 49 83 67 79 59 3 21 38 46 92 59 75 20 87 82 30 60 95 73 18 62 84 93 78 29 52 6 6 90 50 17 29
41 95 52 67 56 54 40 70 36 11 31 92 18 91 67 16 43 82 85 78 86 62 6 54 2 89 60 27 69 86 85 26 45 13 38 4 54 70 32 84 13 86 21 19 68 96 69 4 16 46 35 34 10 89 37 76 38 86 79 41 22 64 71 16 30 51 44 93 61 96 71 83 23 29 92
78 15 15 32 93 12 88 21 15 37 79 83 75 94 39 65 56 79 11 34 82 38 60 33 34 66 43 83 76 44 78 81 29 21 28 84 59 68 42 78 49 79 86 93 13 42 35 58 96 27 80 51 35 80 69 14 90 6 84 65 17 3 79 3 84 86 21 30 37 93 52 65 4 85 74
72 40 38 92 2 45 25 62 91 37 46 3 40 93 12 7 80 36 10 84 21 67 96 31 90 39 76 76 76 45 44 58 1 10 45 85 45 25 72 50 89 18 82 74 49 7 82 89 85 62 66 35 73 82 85 73 36 75 50 90 1 40 33 99 78 74 85 2 68 47 4 67 5 13 66
23 49 59 90 49 71 96 60 83 9 57 12 50 79 94 95 85 40 54 60 70 8 66 87 44 45 39 16 51 92 63 42 92 74 95 23 56 34 18 20 8 1 71 92 31 93 71 41 63 83 36 70 41 52 45 97 46 46 44 10 79 36 38 1 56 97 81 40 48 48 19 67 67 56 72
59 82 86 4 79 14 43 26 63 70 33 31 97 98 63 10 62 70 96 60 38 61 18 41 64 1 36 19 41 91 23 65 50 52 68 74 82 28 25 93 34 8 61 23 78 81 64 10 20 98 73 36 65 32 8 35 49 42 9 14 1 11 46 77 27 56 24 58 94 60 13 96 27 43 62
9 6 93 61 36 67 92 7 55 85 56 33 14 91 74 18 86 16 18 96 69 38 70 71 87 87 25 32 82 85 89 10 90 6 7 40 16 53 73 93 31 42 96 85 60 34 14 66 16 96 47 24 33 50 45 26 38 89 75 98 86 74 89 46 37 12 65 21 30 83 51 7 31 90 40
75 49 86 6 42 78 43 72 37 64 18 26 95 29 13 98 72 56 64 21 69 18 60 59 62 14 20 84 8 95 85 52 46 20 58 88 5 11 17 21 17 59 17 40 89 17 28 7 45 68 11 95 49 32 39 96 64 46 83 36 77 75 71 37 62 39 29 31 60 33 36 23 55 90 18
35 32 12 11 65 26 48 3 35 45 37 97 96 91 60 10 36 2 35 96 82 48 44 56 21 33 88 33 64 32 76 52 49 26 47 73 82 1 44 24 6 76 88 60 10 26 81 60 62 94 76 49 8 81 13 73 60 34 87 96 13 75 45 29 48 6 24 60 30 74 10 48 15 95 5
15 23 41 47 75 17 53 13 4 10 25 59 52 79 2 1 8 56 22 77 39 15 22 20 17 81 48 69 77 62 89 47 24 47 69 67 10 7 91 17 43 78 24 78 46 12 67 35 25 89 40 72 13 66 24 91 35 29 41 86 87 16 39 71 33 63 9 22 74 28 18 32 23 4 59
51 79 44 60 62 13 55 68 82 87 39 59 18 11 98 58 25 63 78 45 12 78 13 17 21 32 54 44 85 76 96 87 90 71 66 30 63 43 86 12 15 41 5 64 41 47 87 23 79 39 20 55 27 5 37 57 77 54 97 92 14 43 23 88 92 9 63 89 36 73 94 81 80 47 57
12 1 3 32 76 17 55 41 7 89 36 7 18 40 23 87 37 82 68 56 52 30 31 90 94 43 21 7 18 5 96 2 64 19 72 85 96 97 95 41 43 18 41 43 80 2 30 20 42 57 75 61 77 10 19 79 8 6 56 48 52 76 93 67 91 20 89 37 29 73 60 70 56 90 83
14 43 56 89 21 78 44 9 90 30 18 45 32 54 6 52 95 12 26 21 13 57 74 74 84 61 91 61 7 68 89 61 86 38 86 50 64 10 71 32 84 15 62 34 89 44 4 41 16 76 8 53 16 2 3 84 29 44 76 82 58 80 94 53 19 5 19 44 21 70 75 25 3 62 28
66 90 84 87 33 88 20 26 96 37 54 48 59 9 1 15 68 90 49 62 13 48 56 25 33 43 41 38 6 55 97 35 25 26 77 48 28 87 81 55 67 38 63 28 97 99 27 88 39 66 52 67 82 97 38 22 40 31 12 84 45 66 30 60 38 86 8 17 20 3 94 59 22 90 32
22 68 82 19 52 63 95 33 44 75 26 52 11 89 91 45 54 16 21 4 31 97 55 18 55 81 61 33 98 69 15 18 90 10 89 83 36 33 20 5 50 55 90 94 95 96 91 8 18 4 70 27 27 1 78 44 90 26 67 99 75 48 56 24 85 76 72 8 60 58 83 68 84 1 65
39 30 90 52 10 5 53 6 12 50 70 92 22 97 71 40 95 8 66 86 79 31 5 41 86 58 21 94 4 34 67 90 76 47 75 81 9 70 51 22 97 72 60 1 88 55 65 35 46 86 92 29 79 17 68 52 92 53 25 58 36 82 6 87 2 68 77 70 41 81 29 73 19 64 41
33 56 67 83 80 12 42 15 96 8 47 95 39 7 75 86 11 44 27 66 81 33 1 71 83 67 55 16 77 13 23 70 55 19 75 81 67 34 47 3 44 14 7 77 74 62 72 83 94 18 62 29 25 80 33 10 89 97 43 79 80 20 11 48 28 37 54 63 7 92 41 37 86 34 53
25 10 32 4 65 54 33 54 44 97 72 78 47 43 55 85 59 52 11 58 70 86 24 81 26 2 31 40 67 47 75 19 16 61 93 61 25 62 73 65 75 3 70 23 41 29 7 10 47 43 69 91 30 24 33 65 20 65 97 40 83 72 96 76 20 56 2 75 35 60 84 54 38 47 80
93 47 28 92 97 11 44 37 47 33 37 13 57 92 80 7 57 82 70 44 45 76 85 4 10 23 26 21 7 75 60 65 20 66 80 75 84 81 91 69 51 37 44 73 42 9 58 77 76 4 22 4 70 53 3 24 13 22 35 93 68 40 69 70 93 90 51 31 25 42 49 34 85 51 99
48 39 91 97 90 5 11 76 64 81 49 93 71 91 6 77 10 41 61 51 42 49 9 61 68 89 94 56 34 57 10 38 73 57 69 31 74 68 27 46 70 52 53 17 77 26 22 44 55 88 2 93 43 8 87 34 58 81 20 9 98 36 38 35 13 57 6 65 34 9 97 99 86 84 1
27 85 72 69 26 8 63 35 28 2 17 97 7 5 38 86 15 13 7 52 65 97 49 67 35 62 13 9 22 8 89 37 87 12 90 49 41 89 39 59 98 95 30 89 5 91 37 75 30 70 13 45 35 6 36 45 42 14 7 2 21 34 85 84 2 61 88 87 71 30 35 27 57 52 72
72 80 6 52 10 34 29 92 73 19 85 93 4 13 14 85 24 54 89 94 40 45 54 94 66 26 30 33 72 80 68 35 66 62 36 92 36 78 53 88 82 18 90 1 36 74 38 41 12 26 41 98 58 62 66 33 39 89 63 58 35 81 52 79 23 5 46 91 96 8 68 28 34 43 54
55 28 67 80 74 93 27 80 69 48 89 52 67 81 85 70 33 31 9 89 54 1 79 95 90 57 59 95 26 53 83 36 21 49 94 87 20 32 25 52 12 1 49 36 52 88 25 90 30 10 2 1 44 29 13 24 11 11 31 30 19 44 1 38 81 8 58 4 79 62 21 18 83 19 95
60 88 44 50 84 41 87 88 4 6 53 44 26 5 25 23 59 22 24 46 35 63 85 30 79 82 62 92 47 56 14 75 60 53 33 78 74 70 2 27 11 18 28 17 75 44 64 18 47 84 63 8 34 24 4 80 51 94 53 1 86 72 22 98 11 15 89 1 76 98 62 73 1 61 64
91 83 71 78 89 58 73 21 41 17 77 85 82 28 16 7 47 38 24 93 61 97 21 56 12 52 43 28 31 15 47 13 1 58 65 55 94 90 42 39 23 90 70 52 25 46 71 70 93 34 69 72 13 72 30 63 17 61 54 85 19 31 41 69 84 61 62 25 67 32 56 9 8 80 93
91 70 68 38 49 41 65 42 15 41 28 47 21 46 78 7 53 25 32 23 25 83 21 36 7 2 38 33 15 42 61 58 44 95 86 31 49 88 74 67 70 22 60 33 56 27 72 27 22 92 98 50 41 43 47 52 83 51 63 25 49 85 75 21 44 35 22 10 48 58 39 23 31 36 75
10 9 95 3 48 62 55 68 14 36 45 40 21 27 24 24 91 37 74 92 43 96 38 21 15 46 38 86 82 64 70 94 94 23 29 67 70 37 14 65 63 41 48 98 24 12 68 91 83 13 75 10 26 26 3 83 78 99 16 27 27 22 32 68 55 50 11 17 46 59 11 77 8 8 5
90 41 75 26 67 3 15 94 86 70 78 84 36 6 75 90 59 95 91 86 95 95 69 63 29 27 19 58 99 40 90 42 34 66 36 5 60 77 87 94 20 59 55 57 11 97 29 49 23 77 68 49 28 33 80 6 10 2 3 92 67 95 75 3 56 86 58 81 1 74 96 46 49 74 2
55 60 5 99 36 81 91 49 2 23 88 54 23 2 44 85 11 10 43 18 97 16 11 38 78 49 3 78 95 45 8 14 10 94 68 36 40 7 22 51 78 54 44 94 16 37 3 19 8 65 14 95 20 28 22 56 47 2 64 83 67 13 24 7 29 44 58 13 43 71 48 67 61 45 65
97 92 22 8 85 14 48 21 31 33 64 19 88 33 14 12 18 38 83 59 74 74 37 70 20 43 12 74 42 89 29 31 36 9 40 12 73 38 73 52 89 49 71 89 56 33 26 68 87 7 87 81 96 48 58 70 47 47 12 97 41 54 39 32 36 42 66 94 77 94 94 81 40 73 81
61 21 51 12 6 43 37 49 44 59 76 78 96 48 35 45 41 77 45 11 50 66 39 35 67 78 99 21 12 7 60 19 11 69 93 32 45 80 79 41 83 51 89 18 84 29 7 42 26 80 64 78 89 96 79 40 41 73 39 80 66 33 75 1 27 9 3 82 82 83 32 90 52 5 89
72 95 40 51 22 92 82 88 5 48 13 49 55 66 98 41 30 89 38 21 15 14 76 18 23 58 8 69 48 99 97 74 19 94 5 37 54 76 47 45 3 56 14 68 94 53 71 75 36 38 91 38 56 44 98 84 28 53 39 44 55 83 29 94 48 2 29 47 94 72 55 53 70 54 16
7 97 73 82 92 57 44 1 38 30 11 72 14 98 5 68 4 52 13 16 83 75 19 41 55 61 14 38 25 90 26 51 1 98 43 99 41 81 38 47 36 23 90 95 91 26 72 66 96 67 1 12 84 78 67 53 71 1 38 93 96 76 90 90 26 23 21 51 12 15 79 22 51 10 6
2 20 94 92 92 70 50 33 68 76 33 19 34 53 7 18 71 82 72 6 29 3 6 37 90 31 29 39 41 64 70 4 66 10 83 36 36 66 29 42 85 35 5 14 64 74 11 88 18 70 13 8 96 72 81 11 31 79 13 20 98 40 31 82 90 40 38 88 49 4 53 85 59 26 65
9 37 84 90 76 53 53 34 48 43 15 24 80 42 14 84 20 33 90 77 27 50 64 98 87 39 45 59 90 84 75 83 77 81 69 43 84 13 56 13 76 28 75 90 60 37 66 35 31 65 98 21 92 43 19 65 22 61 80 13 29 34 68 9 66 32 37 81 34 44 38 42 77 68 22
32 49 44 15 13 98 7 30 82 88 21 19 22 63 7 97 91 44 17 52 71 20 77 41 28 54 32 81 52 72 29 90 36 2 23 19 24 50 86 15 72 87 11 67 70 36 17 10 34 76 51 78 89 39 49 25 9 63 9 2 57 22 89 66 19 12 96 57 6 49 32 8 91 37 41
96 90 79 54 46 34 86 38 70 59 81 2 52 58 53 30 82 44 27 75 77 88 49 70 51 75 40 69 83 55 87 76 56 50 84 65 65 47 22 79 53 53 10 60 10 47 41 61 95 88 23 5 86 15 1 25 10 33 2 18 1 77 31 36 36 75 81 3 84 91 21 31 18 46 42
40 36 62 79 91 80 69 34 61 85 58 33 72 29 20 51 59 53 56 2 40 25 42 23 98 82 25 46 25 70 55 62 6 4 14 77 74 76 34 65 18 32 8 66 61 65 12 22 24 93 74 98 77 77 93 94 15 19 64 98 90 15 15 89 62 6 69 4 44 84 14 27 46 38 76
79 62 22 64 37 63 28 10 57 67 25 77 2 70 21 64 77 4 48 63 99 71 44 54 43 15 67 5 36 50 29 38 23 24 58 13 31 64 93 81 79 5 84 83 47 83 30 28 62 44 85 69 46 30 34 43 52 36 33 13 10 1 56 55 53 92 60 30 51 17 34 37 9 11 20
44 63 31 2 21 27 93 7 83 97 7 24 48 60 61 34 67 89 47 19 68 58 57 22 52 67 80 51 64 78 87 19 12 84 45 68 47 87 24 64 67 66 96 83 88 70 12 38 26 16 26 35 16 86 99 41 94 99 72 15 51 51 70 12 82 69 89 76 50 29 24 56 24 61 49
98 5 3 60 31 41 61 28 73 16 33 52 66 44 20 83 97 79 84 96 96 51 51 62 36 8 3 18 60 59 47 2 31 22 58 9 68 56 11 94 50 52 75 72 88 69 33 63 11 89 38 32 92 37 38 47 20 97 81 62 60 71 38 79 75 11 67 10 90 48 86 64 62 34 58
34 57 34 74 44 25 83 27 69 8 64 10 91 76 23 4 93 73 98 13 40 78 49 9 96 76 17 9 73 91 6 61 61 85 11 27 70 68 30 40 26 4 77 60 1 99 78 52 24 46 22 90 40 60 76 32 5 95 71 21 43 47 35 40 14 22 46 88 29 51 69 18 46 69 75
24 21 4 78 73 15 55 85 62 52 76 76 46 69 72 68 32 64 48 88 93 5 49 66 11 19 55 95 76 77 77 25 30 91 55 68 29 79 19 91 1 41 88 71 34 48 95 51 89 62 53 61 71 73 58 18 64 56 39 28 84 76 18 16 19 33 98 48 35 74 72 2 77 59 2
59 63 54 74 39 70 40 47 75 39 44 99 91 75 89 90 32 14 86 22 76 73 17 91 41 11 36 90 63 14 87 68 49 93 74 64 35 81 31 80 69 51 83 52 61 53 85 91 74 53 4 19 46 95 69 15 83 57 52 92 10 93 95 67 51 15 75 67 12 36 62 39 46 21 57
91 70 26 10 45 37 62 88 60 44 54 69 77 85 29 18 10 34 14 41 79 21 76 86 81 63 27 86 33 59 72 86 51 81 85 94 6 29 40 93 81 76 38 73 66 28 99 91 37 21 80 67 41 43 13 31 90 66 55 69 47 3 2 88 80 78 72 48 14 48 26 81 49 72 10
25 4 59 71 25 25 94 69 87 49 80 27 51 3 74 25 99 37 70 9 15 95 49 51 84 56 73 33 35 28 21 7 20 41 44 49 71 88 92 80 87 97 92 89 39 20 53 56 58 84 55 55 58 39 4 38 41 46 41 73 48 42 18 6 85 58 72 81 84 93 50 28 25 90 52
64 56 44 75 58 95 3 43 48 60 13 66 75 33 11 89 75 1 91 21 35 42 71 76 42 16 32 41 75 46 65 64 87 3 94 95 72 45 28 21 16 8 49 1 58 3 30 27 41 14 87 21 49 46 94 19 12 98 14 87 83 82 53 96 31 91 55 17 64 75 76 20 9 53 84
7 44 99 98 13 55 79 35 57 39 49 29 8 50 50 8 58 29 63 64 18 64 79 56 36 53 10 20 49 92 31 41 58 84 12 66 13 37 89 1 23 73 3 96 48 11 84 99 71 50 99 98 18 52 98 43 13 25 20 27 10 24 34 37 71 32 59 86 91 38 87 71 1 73 78
31 91 72 24 25 1 59 40 30 21 69 23 2 96 98 32 98 49 24 73 58 61 76 11 95 79 20 91 71 90 15 91 53 11 82 66 1 71 77 58 86 68 5 4 42 93 70 12 47 26 88 20 55 21 13 38 22 46 70 74 47 7 85 84 95 56 58 6 52 97 18 95 97 9 80
20 80 42 62 40 4 56 13 57 41 35 11 56 37 84 75 58 96 1 64 65 74 71 24 50 88 93 56 63 83 42 99 35 4 98 36 32 72 77 90 74 70 16 20 99 35 69 59 46 12 69 71 5 26 36 9 76 78 39 37 5 86 59 64 16 63 18 57 8 94 70 68 64 96 22
55 75 75 27 13 33 19 75 13 89 71 25 54 16 92 5 82 88 66 1 81 28 19 68 20 10 73 93 63 80 11 10 57 44 67 87 18 85 49 68 56 15 96 84 25 65 21 80 39 95 75 12 51 69 77 89 91 49 95 48 56 51 91 52 67 34 94 74 71 41 42 81 66 40 31
50 19 55 43 90 29 36 51 67 36 22 66 56 18 25 11 92 2 56 5 25 68 54 94 69 53 10 6 42 54 73 45 9 65 48 86 28 33 97 14 56 95 39 88 15 13 47 8 93 37 71 85 26 2 53 39 77 29 92 44 12 67 18 24 10 65 98 60 44 35 75 37 99 6 40
66 87 63 43 90 70 97 42 20 12 91 38 87 31 43 72 25 65 18 30 26 32 42 83 23 45 18 84 24 2 66 38 94 62 46 77 59 12 36 73 55 24 44 28 60 20 24 58 22 75 6 2 54 77 89 11 90 33 61 77 35 76 45 32 50 23 44 18 96 39 82 85 3 27 68
67 64 40 87 93 40 13 86 21 71 7 62 67 38 33 35 56 54 9 14 82 81 13 35 44 18 80 65 18 83 61 51 36 94 62 27 36 9 29 44 49 17 82 53 91 12 88 39 53 8 21 85 50 48 1 80 68 34 42 92 13 52 29 48 91 23 60 67 43 90 12 68 49 4 96
41 27 99 66 37 48 62 56 88 32 19 74 76 26 80 30 67 49 58 24 26 31 17 90 16 79 20 77 10 90 42 34 74 49 47 83 65 20 8 1 16 95 81 9 8 31 30 26 74 55 49 64 42 59 75 40 47 94 70 63 73 18 36 26 57 19 98 46 20 11 7 69 73 91 36
69 49 62 60 36 58 97 42 69 50 61 67 52 16 15 74 12 25 45 51 53 43 34 52 71 66 82 39 9 5 33 28 36 76 22 95 41 55 56 29 32 94 27 41 9 38 97 52 59 9 32 3 93 91 58 2 52 23 11 31 34 92 35 67 38 55 49 10 97 16 42 7 67 85 65
48 43 12 12 36 41 21 12 31 32 88 33 36 57 90 99 30 79 36 79 26 22 16 96 60 53 68 52 36 46 48 39 60 65 15 64 69 94 49 66 4 33 44 27 46 17 38 64 74 29 31 65 45 57 5 37 39 62 74 32 62 78 57 36 82 73 71 96 68 91 99 71 18 32 10
61 95 3 44 66 24 10 59 24 76 44 89 86 18 31 86 27 96 69 9 57 28 62 35 7 66 18 68 18 32 60 43 17 14 69 95 18 49 45 93 21 81 39 44 56 68 27 78 8 85 20 59 26 59 5 48 85 85 7 27 86 35 84 15 47 71 28 87 2 56 74 72 14 27 56
1 38 3 46 55 8 5 67 33 62 12 18 65 40 57 2 93 99 48 68 79 35 63 97 53 91 85 20 8 18 63 61 48 9 29 40 20 5 47 79 59 11 22 53 4 52 91 10 80 43 36 30 59 85 6 82 59 79 31 77 18 58 40 57 88 38 2 33 94 10 51 81 8 22 88
59 72 58 48 15 42 54 86 70 98 66 60 33 42 96 97 35 80 12 78 20 49 63 98 38 78 65 32 95 78 26 13 24 99 65 16 77 57 27 32 64 31 73 23 15 62 96 65 8 38 59 58 36 83 18 15 34 97 63 27 36 75 36 32 32 1 46 36 16 21 44 2 92 94 14
12 72 38 75 89 71 81 49 15 13 65 79 75 98 35 15 97 17 44 30 34 39 4 14 31 66 65 42 1 90 60 10 24 90 25 77 47 64 45 45 32 67 7 73 21 55 89 6 46 54 74 43 71 17 84 50 69 79 25 90 33 95 87 18 4 12 83 98 45 56 58 94 11 77 6
32 44 58 17 60 59 14 69 39 95 40 58 75 51 34 20 96 91 73 39 36 7 80 75 7 6 44 36 36 94 55 17 82 40 46 39 91 96 72 80 79 73 33 21 69 71 76 70 16 44 61 36 77 69 5 31 96 17 74 50 39 22 23 63 23 91 91 53 33 76 62 9 72 97 34
42 86 29 3 14 44 82 43 96 87 6 98 84 7 90 63 69 37 66 48 22 60 31 4 12 78 32 72 94 32 78 26 38 97 22 75 1 2 22 82 23 90 87 23 79 84 77 87 25 95 78 66 76 99 7 23 63 87 47 90 57 7 17 86 95 58 89 40 74 74 60 37 24 74 74

Demandas:
0 1 0 0 0 0
0 0 0 1 0 0
0 0 0 1 0 0
0 1 0 0 0 0
0 0 0 1 0 0
0 0 0 1 0 0
0 1 0 0 0 0
0 0 1 0 0 0
0 0 0 0 0 1
0 0 0 0 0 1
0 0 1 0 0 0
0 1 0 0 0 0
0 0 0 1 0 0
0 1 0 0 0 0
0 0 0 0 0 1
0 0 0 0 1 0
0 1 0 0 0 0
0 0 0 0 0 1
0 1 0 0 0 0
0 0 0 0 0 1
0 0 0 0 1 0
0 0 0 1 0 0
0 0 0 0 1 0
0 0 1 0 0 0
0 0 0 0 1 0
0 0 1 0 0 0
0 0 0 1 0 0
1 0 0 0 0 0
0 0 0 0 1 0
0 0 0 0 1 0
0 0 0 1 0 0
0 0 0 0 1 0
0 0 0 1 0 0
0 0 1 0 0 0
0 1 0 0 0 0
0 0 0 1 0 0
1 0 0 0 0 0
0 0 0 0 1 0
0 0 0 0 0 1
0 0 0 1 0 0
0 1 0 0 0 0
0 0 0 1 0 0
1 0 0 0 0 0
1 0 0 0 0 0
0 1 0 0 0 0
0 0 0 1 0 0
0 0 1 0 0 0
0 0 0 0 0 1
0 0 0 0 1 0
0 0 0 0 1 0
0 0 0 0 1 0
0 0 0 0 1 0
0 0 1 0 0 0
0 0 0 1 0 0
0 0 1 0 0 0
1 0 0 0 0 0
0 1 0 0 0 0
1 0 0 0 0 0
0 0 1 0 0 0
0 1 0 0 0 0
0 0 0 0 0 1
0 0 0 0 1 0
0 0 0 1 0 0
0 0 0 0 0 1
1 0 0 0 0 0
0 0 1 0 0 0
0 0 0 1 0 0
0 1 0 0 0 0
0 0 1 0 0 0
0 0 1 0 0 0
0 0 0 1 0 0
0 1 0 0 0 0
0 1 0 0 0 0
0 1 0 0 0 0
0 0 1 0 0 0
0 0 0 0 0 1
0 0 0 1 0 0
0 1 0 0 0 0
0 0 0 0 0 1
0 0 0 0 1 0
0 0 0 1 0 0
0 0 0 0 1 0
0 0 1 0 0 0
0 1 0 0 0 0
0 0 0 0 0 1
0 1 0 0 0 0
0 0 0 0 1 0
0 0 1 0 0 0
0 1 0 0 0 0
1 0 0 0 0 0
0 0 0 0 1 0
0 0 0 1 0 0
1 0 0 0 0 0
0 0 0 0 1 0
0 0 0 1 0 0
0 0 0 0 0 1
0 0 0 0 1 0
0 0 1 0 0 0
1 0 0 0 0 0
0 0 1 0 0 0
0 1 0 0 0 0
0 1 0 0 0 0
0 0 0 1 0 0
0 0 1 0 0 0
0 1 0 0 0 0
1 0 0 0 0 0
0 0 0 0 1 0
0 0 0 0 0 1
0 1 0 0 0 0
0 1 0 0 0 0
1 0 0 0 0 0
0 1 0 0 0 0
1 0 0 0 0 0
1 0 0 0 0 0
0 0 0 0 0 1
0 0 0 1 0 0
0 0 1 0 0 0
0 0 0 0 0 1
0 1 0 0 0 0
0 0 0 0 0 1
0 0 1 0 0 0
0 0 0 1 0 0
0 0 0 0 1 0
0 0 1 0 0 0
0 1 0 0 0 0
0 0 0 1 0 0
0 1 0 0 0 0
0 0 0 1 0 0
0 0 0 0 1 0
0 1 0 0 0 0
0 0 1 0 0 0
0 0 1 0 0 0
0 0 1 0 0 0
0 0 0 0 0 1
0 0 0 1 0 0
1 0 0 0 0 0
1 0 0 0 0 0
0 0 0 0 0 1
0 0 0 1 0 0
1 0 0 0 0 0
0 0 0 0 1 0
1 0 0 0 0 0
0 1 0 0 0 0
0 1 0 0 0 0
0 1 0 0 0 0
0 0 0 1 0 0
0 1 0 0 0 0
1 0 0 0 0 0
0 0 1 0 0 0
0 1 0 0 0 0
0 0 0 0 1 0
0 0 1 0 0 0
0 0 1 0 0 0
0 0 1 0 0 0
0 0 1 0 0 0
0 0 1 0 0 0
0 0 0 0 0 1
0 0 1 0 0 0
0 0 1 0 0 0
0 0 1 0 0 0
0 0 0 1 0 0
0 0 0 1 0 0
1 0 0 0 0 0
0 0 1 0 0 0
0 0 1 0 0 0
0 1 0 0 0 0
0 1 0 0 0 0
0 0 0 0 1 0
0 0 0 0 1 0
1 0 0 0 0 0
0 0 0 0 1 0
0 0 0 1 0 0
0 0 1 0 0 0
0 1 0 0 0 0
1 0 0 0 0 0
1 0 0 0 0 0
0 0 0 0 1 0
0 0 0 1 0 0
0 0 0 0 0 1
0 0 0 0 0 1
1 0 0 0 0 0
0 0 0 1 0 0
0 0 1 0 0 0
1 0 0 0 0 0
0 0 1 0 0 0
1 0 0 0 0 0
0 0 1 0 0 0
0 0 0 0 0 1
0 0 0 0 0 1
0 0 0 0 0 1
1 0 0 0 0 0
0 0 0 0 1 0
0 0 0 0 1 0
0 0 1 0 0 0
0 0 0 0 0 1
0 0 0 0 1 0
0 0 0 0 0 1
0 0 1 0 0 0
0 0 0 0 0 1
1 0 0 0 0 0
0 0 0 0 1 0
0 0 0 0 0 1
0 0 0 0 0 1
0 0 0 0 0 1
0 0 0 1 0 0
0 1 0 0 0 0
0 1 0 0 0 0
0 0 1 0 0 0
0 0 0 0 1 0
0 0 0 1 0 0
1 0 0 0 0 0
0 0 0 1 0 0
0 0 0 1 0 0
1 0 0 0 0 0
1 0 0 0 0 0
0 0 0 0 0 1
0 0 1 0 0 0
1 0 0 0 0 0
0 0 1 0 0 0
0 0 1 0 0 0
0 1 0 0 0 0
0 0 1 0 0 0
1 0 0 0 0 0
1 0 0 0 0 0
1 0 0 0 0 0
0 1 0 0 0 0
0 0 0 0 1 0
0 0 0 0 1 0
0 1 0 0 0 0
0 0 0 0 0 1
0 1 0 0 0 0
0 0 0 1 0 0
0 0 1 0 0 0
0 0 0 0 1 0
0 0 1 0 0 0
0 0 0 0 1 0
0 0 0 0 1 0
0 0 0 0 1 0
0 0 1 0 0 0
0 0 0 1 0 0
0 0 0 1 0 0
0 0 1 0 0 0
0 0 0 0 0 1
0 0 0 0 0 1
0 1 0 0 0 0
0 1 0 0 0 0
0 0 1 0 0 0
0 1 0 0 0 0
0 0 0 1 0 0
1 0 0 0 0 0

Capacidades:
0 4 3 0 2 0
4 0 3 1 1 2
4 4 2 1 3 4
1 1 4 3 2 0
0 3 0 0 2 2
0 2 1 4 3 4
4 0 2 2 4 4
4 4 0 2 4 0
1 0 3 2 2 4
4 0 4 3 3 4
1 1 2 4 1 3
4 1 0 0 1 4
3 4 2 4 4 3
2 2 2 2 0 3
3 0 4 0 3 2
1 0 4 0 1 1
3 1 0 1 2 0
1 2 2 1 3 2
3 1 3 1 1 1
4 2 2 4 3 4
1 4 3 1 0 3
0 0 0 3 4 2
1 4 0 2 4 2
2 3 1 0 2 1
1 2 4 1 2 4
2 3 3 2 4 2
1 2 2 4 0 2
0 1 0 3 4 4
4 4 4 1 3 3
1 1 2 2 3 2
0 2 0 2 1 3
4 4 1 0 2 2
4 1 3 0 4 1
0 3 2 0 3 3
0 1 4 2 2 3
0 4 1 4 2 1
1 1 0 3 0 3
1 4 3 1 2 2
4 0 0 4 4 1
1 4 2 0 2 1
0 4 2 0 1 3
2 2 0 3 4 3
4 3 3 2 3 4
2 0 4 4 2 1
4 3 2 3 1 3
4 2 0 2 1 2
0 0 0 1 3 1
0 0 3 1 4 4
3 1 2 3 4 2
0 0 2 1 2 2
4 1 4 1 1 2
2 4 2 0 3 2
0 3 2 3 0 1
0 0 2 0 0 4
3 3 3 1 4 4
4 1 0 2 0 2
2 0 2 0 1 1
1 0 4 2 0 0
4 3 0 1 4 0
0 0 3 0 2 1
0 0 0 0 2 2
0 4 3 4 4 3
1 1 4 3 1 0
1 2 0 3 4 2
1 2 4 3 0 0
1 0 0 3 1 0
0 0 4 3 4 0
4 3 4 1 0 0
3 3 0 2 2 3
3 4 4 4 2 4
3 4 4 1 0 2
2 1 2 2 3 1
0 3 3 2 2 3
1 0 2 1 1 3
2 1 2 3 2 3
