m: 250
n: 50
k: 8

Distancias:
99 4 73 52 66 4 41 62 80 42 90 40 19 99 41 92 20 79 9 62 30 83 56 25 31 10 19 68 43 95 42 98 12 43 30 34 30 92 20 20 89 33 5 65 85 74 77 94 62 34
86 31 62 40 56 93 48 30 65 89 27 12 25 1 23 26 63 85 92 80 70 70 35 84 8 32 91 81 28 74 6 66 31 32 38 85 70 3 93 88 3 57 77 77 39 92 66 59 11 83
82 99 95 42 95 55 74 73 94 63 14 6 43 22 35 26 26 37 14 42 16 59 12 24 93 58 56 44 4 7 68 31 73 51 23 81 26 33 44 50 63 37 58 59 35 46 27 60 29 39
26 33 95 36 34 75 4 17 11 95 15 53 92 75 96 81 93 66 99 98 76 30 79 56 2 32 85 47 12 8 4 4 5 90 15 89 81 2 35 55 31 58 75 63 82 62 39 22 39 70
9 37 33 53 56 38 41 31 91 15 28 89 13 77 16 77 17 87 91 61 31 86 85 15 96 12 31 66 17 61 45 7 10 92 39 40 93 8 91 81 9 22 64 28 96 77 47 43 48 68
98 3 93 62 98 56 51 86 91 36 91 79 84 11 27 33 83 85 36 35 39 38 72 20 40 56 47 42 45 89 27 73 9 9 98 71 58 24 66 14 82 31 90 87 95 49 70 24 54 47
99 55 31 60 29 6 75 35 20 41 69 46 68 72 3 37 62 20 41 19 12 87 7 25 45 16 32 17 97 55 60 73 36 73 41 49 55 54 42 11 59 56 78 98 73 30 63 45 35 25
31 71 5 93 90 22 84 2 23 83 96 13 53 64 95 46 26 56 30 32 83 57 2 79 96 36 97 22 11 25 13 43 26 35 35 39 36 92 31 70 34 85 21 63 27 43 45 15 90 31
89 86 9 38 78 5 31 77 96 62 98 69 42 44 58 83 58 48 25 21 88 90 98 71 89 42 92 55 1 8 11 56 78 64 88 52 87 4 27 7 34 79 91 2 48 21 75 43 74 2
96 96 50 61 82 54 8 10 23 60 38 34 99 35 61 75 16 28 43 14 10 74 34 45 58 74 91 99 32 76 57 46 69 83 87 92 54 37 82 21 17 79 15 15 32 25 15 58 54 87
83 73 58 2 71 18 91 13 80 76 29 90 38 59 39 15 59 12 29 52 46 2 72 38 87 7 7 98 93 97 77 96 90 7 20 55 13 42 40 68 23 28 67 62 88 47 7 44 61 83
40 44 57 26 34 8 10 65 59 86 24 13 39 43 73 52 38 34 64 97 37 98 77 94 82 90 88 23 91 63 67 55 7 85 3 40 55 97 5 75 14 4 99 44 22 86 37 95 35 28
32 61 27 37 76 26 60 16 48 47 90 95 29 7 82 60 93 75 22 89 8 12 36 80 45 40 41 39 49 95 60 71 7 5 49 69 58 3 4 26 8 44 29 81 91 6 99 7 20 76
87 14 52 83 37 77 57 55 85 97 68 32 1 39 77 36 83 97 78 51 17 21 8 1 92 90 95 41 38 34 29 56 36 32 87 76 53 42 33 30 57 40 81 79 35 53 80 4 54 30
66 11 9 72 73 89 66 69 19 90 69 44 20 4 55 29 34 22 16 1 68 37 63 81 92 63 40 11 77 64 97 75 82 52 11 74 35 75 96 69 23 63 41 96 73 89 15 32 62 8
33 37 88 61 56 4 20 32 71 47 81 41 11 60 27 7 81 95 85 66 67 15 58 51 6 73 66 66 69 38 46 94 66 70 14 2 92 8 42 24 35 54 66 6 26 26 93 13 90 25
70 65 4 50 51 59 37 48 23 60 26 79 30 56 17 1 89 95 45 38 35 88 83 61 52 84 31 66 58 28 99 28 34 54 90 82 79 10 63 71 88 1 26 12 68 27 42 21 12 33
49 92 80 8 40 6 48 27 71 64 14 21 15 17 75 54 14 63 41 80 47 57 18 33 95 55 73 39 26 80 64 71 79 69 32 83 81 56 79 60 7 63 66 75 55 75 47 8 92 21
56 53 81 41 44 78 55 95 12 45 54 27 10 48 14 76 17 65 72 28 40 24 33 88 17 76 41 75 34 62 61 63 20 2 87 39 91 32 23 53 98 47 30 53 63 36 16 82 32 85
62 76 74 55 31 9 42 30 8 49 50 33 15 21 64 31 4 9 3 11 51 27 25 41 66 50 65 76 7 86 49 67 5 88 38 59 20 50 63 63 56 59 83 80 76 5 31 83 15 49
7 87 11 69 87 7 16 34 90 42 16 20 92 35 13 29 82 8 46 58 60 79 13 8 26 60 95 79 23 20 57 29 1 9 16 26 75 46 48 40 83 16 92 9 33 68 90 4 46 83
16 13 82 13 84 80 95 7 37 58 64 88 46 87 48 95 47 12 27 13 82 50 43 21 4 71 83 69 38 34 99 36 17 4 57 26 29 19 51 38 92 48 89 23 13 57 22 17 56 25
56 92 73 2 68 53 78 22 40 79 60 2 16 76 45 97 92 49 15 28 79 38 52 81 17 86 9 51 36 48 23 39 21 80 91 29 1 21 48 45 91 88 55 88 37 30 14 12 97 55
9 81 31 55 52 56 76 87 85 86 20 58 87 5 63 70 16 16 5 84 92 10 88 23 7 85 15 2 53 41 21 84 39 38 98 83 59 13 30 88 73 63 80 77 66 50 82 70 38 6
9 73 69 67 87 20 80 76 86 82 49 47 80 95 43 45 30 97 54 26 96 54 98 12 88 95 17 88 36 53 58 56 55 32 9 43 3 59 3 15 76 27 92 16 2 54 26 92 65 34
6 31 75 16 57 76 52 90 44 94 66 45 31 26 89 43 79 72 22 93 62 39 93 34 47 68 86 35 43 52 88 20 5 9 47 85 56 36 26 92 13 91 83 78 98 33 73 54 68 89
47 88 91 59 96 60 51 74 98 55 87 22 72 94 53 94 95 40 90 34 80 64 12 42 85 26 76 22 1 70 42 64 62 28 11 45 16 49 95 15 43 95 68 24 21 68 14 45 31 58
85 77 97 35 33 16 34 96 98 65 12 96 26 23 95 19 84 88 55 36 30 69 82 56 25 18 92 11 78 59 40 67 15 73 67 57 39 28 9 82 59 83 98 87 67 87 73 28 30 31
13 63 57 51 89 87 26 90 73 49 10 42 55 36 17 93 14 84 4 24 60 35 27 22 28 31 68 9 62 52 46 76 54 47 45 83 49 1 93 37 15 68 41 67 91 56 49 81 55 33
26 16 64 63 38 73 36 62 3 78 34 77 72 80 47 99 89 94 89 18 68 77 21 38 30 65 31 90 3 20 53 12 66 65 14 60 62 82 52 73 36 98 69 47 54 87 63 74 41 16
7 99 29 11 23 18 4 36 26 43 19 21 88 30 65 91 70 64 2 15 26 46 91 18 29 48 25 98 34 53 41 91 47 53 54 96 13 11 98 37 90 31 74 78 64 57 98 18 37 42
42 85 82 74 87 99 69 70 57 93 17 6 83 7 82 99 87 62 51 88 73 26 19 60 68 44 71 59 54 83 11 48 56 79 38 47 65 11 83 12 41 59 18 72 9 34 12 65 16 81
77 13 3 39 52 12 74 74 41 61 16 37 88 53 20 82 36 4 25 65 93 93 21 96 40 7 97 19 21 38 73 85 54 16 94 67 6 80 15 29 75 17 94 57 45 88 13 4 73 27
46 20 79 80 91 65 42 17 28 44 93 89 25 54 95 94 95 5 24 96 76 33 80 5 50 84 64 81 50 71 91 22 85 53 81 89 60 64 90 90 91 51 8 72 88 80 95 72 67 19
43 96 41 59 3 70 47 74 61 64 93 75 55 64 4 28 47 14 75 36 39 99 96 85 41 70 56 70 8 71 97 25 32 87 30 84 36 26 28 65 41 55 97 56 18 15 98 65 79 70
37 83 60 36 64 45 84 78 73 90 90 84 18 33 79 1 45 42 81 54 33 93 40 89 99 83 37 51 96 63 87 89 56 46 71 8 18 58 82 53 23 71 77 11 28 32 20 91 48 63
76 38 70 21 31 24 40 86 13 67 5 19 27 60 69 93 84 52 88 46 50 22 41 83 56 28 47 2 21 38 74 66 65 25 17 33 9 48 86 75 39 24 39 40 77 59 81 6 23 82
12 35 49 93 81 20 5 41 56 13 64 59 63 66 81 33 76 23 40 55 43 36 69 12 91 61 34 38 23 48 49 16 39 21 17 65 74 93 74 89 61 34 4 16 8 50 57 20 4 63
44 75 24 31 50 78 15 37 82 41 4 53 63 7 76 40 25 60 88 47 43 71 38 31 9 10 20 76 51 67 38 88 11 75 31 94 58 77 17 25 66 49 21 13 3 73 46 32 93 31
68 76 67 45 34 52 83 93 56 3 47 16 52 67 82 47 9 64 13 26 68 53 11 99 49 1 48 4 39 80 94 6 63 45 22 14 76 77 26 13 38 47 43 54 88 72 72 69 49 90
21 23 10 2 18 43 6 95 82 94 78 70 7 74 97 86 60 88 23 98 73 36 91 11 71 31 90 47 32 2 12 45 21 54 26 69 51 12 68 82 5 48 74 84 67 90 70 85 31 84
17 96 64 9 97 92 18 71 24 3 96 98 16 55 97 49 2 66 39 24 52 1 21 11 90 42 87 39 35 5 59 16 41 92 85 70 69 34 91 22 94 99 9 93 78 11 17 80 89 44
50 27 48 86 61 38 40 2 48 43 85 95 99 82 50 63 98 68 24 94 76 34 54 63 24 53 93 92 74 53 37 7 70 10 99 36 22 92 77 11 20 23 90 60 15 14 92 89 43 15
13 36 7 79 41 87 29 64 80 64 32 80 15 25 74 27 7 20 97 55 50 98 83 20 13 20 46 92 59 96 98 95 35 90 94 66 36 83 66 83 32 66 52 65 60 83 59 56 68 43
20 12 72 41 3 54 93 33 8 24 90 10 79 22 40 69 81 50 79 98 8 77 45 81 43 10 66 33 85 40 16 26 29 25 88 93 36 94 76 45 5 84 65 81 35 55 32 34 10 3
83 64 93 42 66 75 5 79 11 61 50 38 29 49 69 83 97 84 55 6 98 93 98 93 80 17 86 33 62 9 81 16 31 28 81 2 12 29 70 57 3 8 56 86 49 3 95 84 1 10
40 32 30 96 24 8 7 16 47 62 54 86 37 31 41 87 56 47 26 13 84 27 8 32 46 54 29 73 44 55 1 87 6 79 31 92 29 34 94 98 18 46 69 68 31 78 16 94 10 98
97 23 22 74 20 97 57 94 88 80 64 8 53 95 77 7 74 5 44 93 89 37 46 96 45 36 3 5 28 62 60 41 95 29 70 6 23 25 89 83 33 88 38 75 77 56 53 48 58 51
98 28 82 95 52 9 24 72 12 20 49 21 68 7 90 39 86 16 23 47 65 51 52 73 63 41 47 81 14 85 93 90 92 28 77 13 78 28 24 86 48 73 76 12 81 44 22 24 1 69
8 77 43 88 77 77 18 7 33 64 5 9 89 93 80 93 31 46 30 92 21 23 78 18 35 48 51 60 40 64 3 31 71 54 23 40 90 9 1 68 24 88 63 54 13 15 90 3 19 79
42 73 8 34 65 54 26 57 17 16 85 91 51 91 92 65 76 11 77 79 15 89 10 33 85 67 69 91 57 84 69 91 61 79 93 22 74 55 2 24 68 99 98 74 49 72 48 2 52 56
73 74 10 67 2 5 73 62 3 18 18 7 66 25 57 94 7 82 89 3 71 79 30 19 48 41 22 98 75 33 62 64 15 13 81 83 94 79 36 18 99 21 21 82 34 68 49 31 69 71
6 79 71 25 25 90 74 50 29 13 35 48 91 52 92 83 97 80 61 3 3 69 91 85 79 29 11 43 25 60 40 64 92 92 39 10 63 87 97 60 93 10 86 11 79 27 61 98 73 90
96 39 25 1 46 56 89 83 31 37 87 32 30 92 99 18 93 49 68 67 62 30 98 77 3 20 61 38 32 40 66 21 84 52 50 86 69 10 12 76 81 15 7 35 58 66 50 19 79 31
6 11 82 96 21 37 72 26 52 35 50 8 67 94 70 77 94 44 27 55 57 52 17 45 98 30 10 77 21 78 48 64 43 83 72 44 23 72 68 59 75 66 40 47 15 53 21 16 39 95
44 2 57 66 86 94 73 43 78 6 71 58 57 28 40 39 18 46 33 36 67 32 56 88 97 69 57 19 23 53 88 33 91 80 8 38 97 51 13 2 12 73 10 56 70 20 20 28 35 11
3 47 15 6 18 82 67 67 81 57 77 65 54 31 99 33 67 41 13 46 19 80 70 22 65 13 86 93 89 72 34 64 35 60 89 21 50 14 57 97 96 63 21 40 96 51 25 11 28 29
76 79 9 83 39 74 32 40 30 42 32 30 51 92 39 69 99 99 42 47 54 47 13 99 11 76 69 96 70 59 78 75 13 77 77 96 45 81 99 23 30 26 26 65 48 20 81 56 98 51
8 28 32 48 52 40 10 10 33 91 33 41 15 52 82 3 22 4 78 6 67 62 8 24 32 32 15 87 62 66 92 75 27 13 9 13 10 83 72 42 17 47 65 9 32 9 16 64 51 17
36 60 68 15 46 48 66 29 86 55 88 65 61 84 70 62 31 22 52 64 83 64 14 73 45 24 19 75 64 41 13 96 55 57 21 74 40 54 33 80 16 90 30 25 31 29 72 83 65 52
6 77 32 80 61 66 44 66 14 87 52 65 86 79 28 15 83 62 26 13 19 73 84 93 84 3 61 58 7 17 56 4 12 48 62 17 35 60 90 82 18 75 80 71 27 77 30 40 27 7
95 67 31 1 56 35 70 96 1 57 61 19 33 67 44 18 2 39 80 88 30 8 58 56 19 23 18 32 59 5 66 95 41 47 81 40 72 71 30 11 67 91 27 35 96 61 80 44 5 2
15 99 50 41 54 60 47 15 56 79 42 16 21 79 95 54 55 5 70 52 67 40 91 51 95 68 20 66 65 93 7 37 61 37 88 24 86 39 37 52 58 41 41 30 14 91 16 51 34 3
44 99 24 64 77 17 33 54 73 45 67 8 55 73 61 68 41 79 61 65 97 68 41 71 54 66 24 70 54 38 8 69 10 28 56 82 26 16 8 5 77 67 37 32 97 10 78 80 25 77
75 65 38 10 99 57 84 42 5 11 10 32 77 74 60 87 78 49 10 51 67 55 90 6 7 11 95 87 12 76 85 36 58 26 97 35 5 20 94 35 49 84 46 5 25 80 45 83 51 48
32 92 99 93 89 47 51 16 52 12 89 61 88 76 41 82 23 82 51 59 79 48 20 91 62 47 18 94 95 58 20 18 65 3 96 1 89 52 93 86 50 99 3 55 88 98 31 11 34 45
16 44 38 67 86 17 71 73 10 70 59 15 40 87 70 73 92 45 10 76 56 73 20 11 26 13 44 83 88 45 31 51 62 73 53 20 60 68 38 76 7 98 39 82 66 85 4 94 99 1
28 68 6 29 84 31 49 30 15 25 7 74 47 78 6 57 82 82 24 19 71 94 14 60 34 86 22 77 5 51 62 83 94 65 69 57 4 29 81 27 3 82 34 75 38 15 32 4 47 51
91 95 97 3 99 63 7 9 35 99 59 64 84 84 22 19 7 7 13 7 41 87 58 38 41 60 39 21 13 80 62 13 37 13 99 81 5 96 94 34 15 74 5 20 88 30 50 12 41 72
24 79 82 37 71 88 42 30 14 61 43 94 63 70 46 88 83 61 54 43 46 11 58 91 32 62 57 25 10 33 19 94 76 28 1 28 9 7 42 93 77 9 90 59 86 26 78 60 5 97
85 32 95 87 87 50 90 48 84 30 88 71 67 55 45 69 95 34 67 84 67 9 76 37 48 39 36 87 53 87 74 70 23 31 97 51 2 83 39 18 53 33 26 68 45 94 68 79 21 13
37 61 10 36 24 12 6 14 88 75 25 44 56 91 45 46 5 32 57 33 40 92 65 20 90 97 19 30 49 31 21 59 21 71 99 89 77 64 47 61 42 30 39 49 73 70 20 80 83 58
24 59 72 52 2 96 19 81 85 8 6 75 14 41 1 35 50 67 85 84 32 78 94 1 65 17 7 57 76 50 76 9 42 97 30 58 45 52 52 54 29 26 66 21 24 57 56 97 73 34
4 38 83 55 67 41 40 59 24 39 62 16 63 92 64 89 13 60 95 65 74 26 60 56 48 37 47 24 56 23 30 5 12 44 13 16 41 66 17 22 36 73 22 66 19 2 46 14 9 94
53 64 98 91 64 7 23 24 30 72 60 89 43 22 71 12 51 20 35 96 72 20 75 81 70 66 82 74 80 70 66 1 68 72 78 95 39 11 25 50 35 46 30 92 74 72 45 83 91 65
14 91 1 73 32 46 57 52 4 13 31 80 1 31 33 95 55 94 52 17 82 10 24 41 14 57 41 91 29 72 83 38 43 46 88 68 8 74 57 98 13 81 69 26 54 2 75 74 83 36
50 26 38 84 37 47 46 37 19 87 39 13 71 32 89 39 5 86 2 50 25 72 99 95 19 43 66 66 90 35 7 47 48 72 20 8 49 68 1 54 18 68 29 96 67 76 35 43 18 67
72 65 28 37 63 7 93 76 95 41 38 63 72 56 92 1 87 99 86 41 13 50 75 90 18 12 32 77 92 84 31 91 42 6 32 57 53 54 27 19 21 68 15 63 14 4 97 50 83 49
43 49 45 26 57 48 7 78 37 20 93 20 83 24 55 32 63 13 75 7 60 25 16 11 56 82 7 95 73 31 50 78 14 26 2 99 27 80 30 93 26 7 68 81 37 95 72 50 8 45
58 5 30 22 22 25 65 44 76 2 17 96 72 12 7 40 13 61 76 42 66 21 27 2 91 50 73 81 84 61 33 47 87 91 45 56 57 74 7 99 40 1 1 88 13 94 76 54 95 1
76 40 63 99 88 85 9 45 88 93 32 98 86 25 75 25 21 72 20 90 50 34 53 83 67 53 66 16 12 28 24 37 65 85 27 41 89 76 31 83 7 27 37 4 41 60 69 33 7 49
20 66 99 33 84 38 41 82 53 45 3 20 51 56 96 80 50 96 67 44 52 25 43 92 63 96 23 80 77 16 7 8 90 16 83 96 80 40 5 19 83 12 2 76 8 39 50 6 69 2
39 34 6 2 63 71 1 43 36 39 77 95 17 98 89 87 33 42 92 52 35 45 56 45 73 12 87 81 28 15 60 60 12 14 73 92 42 33 55 79 59 83 7 75 96 79 96 7 62 73
41 3 85 92 78 5 25 51 46 26 40 88 61 95 42 76 85 82 29 15 75 68 5 19 2 28 57 46 37 3 43 19 46 59 22 39 87 15 48 40 95 6 31 18 84 26 56 87 55 94
61 15 32 56 55 66 23 65 65 80 29 70 61 22 96 34 89 85 30 6 55 85 84 10 89 32 61 26 27 23 28 53 31 73 84 22 22 26 39 61 65 32 58 65 39 21 97 33 6 40
3 41 71 51 41 20 92 11 25 24 68 25 71 92 29 3 4 87 93 13 62 2 94 18 2 63 5 39 6 73 76 53 77 48 71 1 7 54 9 99 43 11 65 51 21 28 69 19 78 1
11 66 95 34 3 70 36 27 51 97 24 74 64 89 58 61 99 87 52 18 21 37 35 18 95 59 67 77 41 55 88 83 86 92 75 39 8 66 17 45 44 84 27 35 51 85 65 3 95 56
68 10 99 14 51 69 62 58 12 83 93 8 76 88 71 88 18 92 75 95 60 66 91 57 49 41 69 23 54 10 2 12 25 72 87 73 12 74 98 28 71 8 99 85 87 93 40 70 52 33
72 26 57 38 6 93 97 81 80 66 37 31 97 54 31 75 3 46 3 3 3 92 24 67 60 2 47 74 10 47 14 21 14 84 69 79 7 32 38 54 26 80 15 70 12 1 4 99 33 40
77 36 95 2 42 17 97 29 85 28 41 56 53 11 35 67 86 87 90 20 78 11 59 8 49 75 85 97 55 21 46 5 91 54 5 76 58 96 34 91 18 5 2 28 91 54 14 21 6 62
59 41 25 13 24 25 76 27 35 5 13 16 22 71 15 25 8 68 10 25 88 15 42 48 38 65 24 99 61 80 4 68 69 28 70 24 66 38 41 4 34 86 32 98 9 36 98 84 42 87
31 51 28 94 35 83 52 81 32 59 77 30 37 41 18 33 56 82 14 23 64 98 51 49 61 18 19 59 67 35 65 15 40 7 77 29 51 87 83 39 31 77 63 1 62 64 33 95 35 77
47 78 90 84 11 21 48 34 71 24 44 53 6 88 50 45 33 93 81 62 30 80 8 46 60 25 91 91 92 16 25 89 62 79 21 20 4 15 81 69 89 94 75 93 44 24 96 80 81 20
94 37 23 69 98 10 32 76 41 3 42 19 25 61 13 79 58 23 66 74 66 70 38 27 53 29 96 58 45 50 23 65 46 47 35 5 37 80 20 11 14 22 38 27 44 19 26 60 70 52
2 32 10 80 32 79 6 18 27 36 10 48 76 43 16 5 94 14 26 21 35 23 39 61 78 29 50 15 69 12 98 37 95 49 71 62 45 61 37 26 37 13 33 99 62 17 75 20 22 97
96 47 57 56 69 71 12 50 60 49 68 49 87 58 33 54 51 24 69 76 79 71 69 87 88 26 47 33 51 79 17 46 34 98 77 54 53 4 3 2 44 75 23 50 59 3 84 63 67 28
69 27 55 58 60 68 97 84 72 13 33 65 37 77 87 11 48 50 99 15 27 51 54 89 36 59 18 70 20 70 3 83 13 33 47 63 39 2 54 69 54 13 83 78 19 16 73 82 95 74
32 45 25 13 86 31 76 17 76 78 60 81 71 41 68 2 78 15 45 34 3 42 13 25 43 34 31 45 51 85 65 96 75 30 98 75 10 35 17 3 22 48 56 93 12 34 58 26 27 46
83 7 1 19 23 40 66 11 5 70 34 85 70 66 60 80 77 57 58 18 82 61 38 67 58 11 18 40 50 13 37 11 71 17 50 52 45 70 4 83 34 42 92 1 67 18 90 48 77 17
50 83 23 37 92 80 50 90 74 15 71 69 26 38 74 69 7 47 73 31 13 57 70 9 92 86 40 54 53 89 17 36 21 94 39 59 71 9 86 75 43 99 98 11 93 65 60 60 31 42
92 21 4 69 89 89 99 85 74 32 34 86 25 5 50 19 20 28 33 45 51 21 79 79 78 45 58 37 65 28 52 3 40 95 62 27 15 84 35 58 79 70 51 9 56 90 60 70 69 22
44 16 57 13 96 96 97 34 17 65 90 4 36 11 86 73 78 21 51 32 83 9 52 53 19 97 74 11 79 60 40 47 36 93 81 48 5 99 55 86 43 55 83 78 25 7 73 59 71 74
58 67 88 26 3 87 68 46 23 59 12 78 52 94 16 74 33 5 89 14 6 76 80 38 84 71 81 24 20 70 68 25 63 71 16 79 25 91 64 2 11 52 42 40 3 70 89 76 75 30
92 66 2 45 18 24 12 34 7 22 39 8 64 94 95 64 13 66 56 69 13 13 42 11 99 95 20 73 14 86 87 95 90 94 92 62 86 15 69 92 50 69 63 90 60 69 36 58 40 32
52 41 20 1 85 9 36 52 97 57 97 33 69 15 10 12 7 12 83 85 65 45 31 18 10 87 58 41 8 12 55 72 14 78 85 93 98 12 19 37 51 78 14 39 51 30 70 92 72 24
72 32 10 49 91 63 31 38 21 62 93 94 68 51 94 19 11 54 16 39 18 57 64 3 21 22 26 4 58 27 70 90 72 62 8 48 50 76 56 54 2 3 40 7 19 89 97 80 58 35
72 57 11 31 24 23 42 21 26 86 37 85 44 14 77 34 52 51 70 90 60 75 97 61 37 13 70 8 85 86 52 34 45 48 89 7 51 26 13 49 83 76 44 68 83 33 41 12 10 62
98 5 9 75 79 84 71 92 35 72 46 92 28 81 39 85 66 24 58 25 13 3 53 53 16 18 9 35 77 14 46 26 11 85 76 55 68 43 74 24 90 26 45 12 10 13 41 20 25 9
27 57 92 27 11 23 24 5 94 92 88 76 97 63 14 20 52 26 6 78 94 36 80 94 1 82 25 71 65 11 12 75 46 76 67 65 82 96 28 19 2 77 98 62 22 9 35 62 30 98
65 86 42 25 18 68 42 30 49 2 51 53 79 26 57 79 84 13 40 69 23 64 82 58 67 90 58 52 12 13 1 73 28 28 74 24 69 83 55 88 70 25 6 31 9 72 9 39 50 35
54 92 4 23 64 15 62 24 93 80 54 8 48 11 62 74 61 11 84 31 2 24 10 20 43 37 75 83 44 27 44 87 95 74 17 26 44 2 28 47 48 21 70 74 49 72 79 24 31 52
74 83 36 2 49 71 68 8 30 62 78 90 81 23 60 70 95 24 66 64 17 46 82 5 48 55 41 68 29 23 47 26 42 3 74 17 80 41 47 32 71 78 94 99 29 30 38 19 20 48
32 57 43 30 2 20 97 92 21 43 93 40 94 65 99 29 41 32 46 20 29 87 71 29 32 96 82 55 11 81 98 77 47 32 17 96 73 31 64 9 34 2 40 74 65 64 44 57 7 65
12 48 3 26 4 92 3 12 29 90 63 19 51 21 63 52 92 24 36 25 4 81 45 29 88 73 23 91 16 37 36 90 67 54 73 17 72 18 65 93 52 26 70 91 53 50 58 70 2 11
43 19 60 16 28 33 37 38 47 52 42 20 75 42 65 80 20 39 72 37 15 93 79 60 47 83 21 18 92 83 93 97 82 95 39 38 94 45 72 27 31 80 6 3 51 19 78 19 96 39
31 32 12 54 8 97 79 68 3 1 97 17 49 12 54 21 32 89 92 65 32 77 31 62 68 91 5 20 27 48 44 27 93 46 37 30 90 11 5 36 48 69 57 3 56 38 88 50 65 1
66 77 31 61 70 14 71 96 53 33 7 1 64 17 37 16 95 58 84 26 91 35 25 73 39 95 49 86 16 73 62 56 40 80 71 57 69 50 85 60 38 16 34 41 25 56 15 65 46 37
77 66 90 54 6 9 7 40 90 60 28 46 38 54 44 50 44 42 60 27 64 25 21 60 31 47 81 72 36 34 74 1 42 87 3 47 25 47 62 22 35 66 91 43 4 73 18 33 66 81
1 56 43 51 80 90 15 30 45 24 62 91 37 54 57 4 9 71 45 67 45 68 71 51 51 95 47 52 28 41 51 59 85 1 58 9 17 48 11 19 39 21 4 38 14 21 41 25 75 59
85 2 71 8 1 2 17 48 78 58 1 1 8 73 36 89 5 28 44 10 80 38 41 78 89 22 31 54 77 95 34 28 3 4 59 54 87 71 18 23 12 17 5 74 24 54 7 70 56 17
65 93 95 54 37 44 2 88 62 45 81 18 94 83 75 11 92 65 94 50 80 9 80 7 21 68 84 50 42 94 61 71 70 44 52 63 24 84 97 77 96 24 78 97 59 54 11 90 92 82
80 90 78 72 67 83 27 30 32 74 39 35 87 42 1 51 25 32 3 77 31 4 96 84 45 60 8 11 39 57 80 50 9 74 34 68 1 15 96 62 20 23 7 89 89 55 66 23 41 23
72 52 70 86 27 43 2 13 55 77 72 17 81 83 56 89 24 94 38 57 30 4 17 14 10 46 18 28 68 82 28 58 63 5 10 79 22 77 25 22 69 54 22 82 10 45 62 54 48 58
87 14 62 11 2 82 14 64 65 28 32 20 55 62 55 34 73 61 16 95 63 58 97 3 10 43 63 7 33 8 47 69 85 91 64 28 92 52 30 16 91 24 34 92 12 43 74 33 42 28
27 62 64 46 26 13 69 84 32 48 8 92 71 62 19 29 84 99 59 49 1 48 44 8 89 18 4 12 30 14 20 52 4 90 28 72 50 33 38 57 71 48 35 61 77 54 19 24 99 85
11 66 90 38 83 99 67 76 30 53 18 12 53 81 93 26 44 23 78 88 10 67 79 89 27 94 36 79 67 7 18 70 45 20 56 76 5 6 85 98 38 53 17 31 98 24 13 70 91 64
18 33 37 51 45 42 96 73 37 23 57 12 20 60 47 94 21 25 70 74 70 26 28 80 20 42 50 64 39 86 8 80 59 88 31 23 11 29 6 3 36 12 82 37 34 34 40 87 53 49
30 57 84 18 31 80 84 35 49 78 57 71 7 7 70 95 72 34 30 57 4 37 71 67 14 70 24 89 93 99 72 56 40 71 59 63 90 21 90 82 66 91 16 91 48 46 99 68 56 99
96 41 68 32 12 8 2 26 98 77 16 87 60 8 97 35 98 70 74 65 51 59 41 57 3 38 39 17 87 54 73 69 4 95 18 64 99 68 21 42 63 46 22 9 68 5 44 77 1 15
41 44 87 71 32 28 65 59 94 33 89 56 87 92 50 18 2 32 57 24 14 63 25 96 1 3 15 75 21 78 45 19 99 98 66 87 67 6 58 91 58 4 83 14 86 33 97 7 31 48
35 17 19 85 99 20 52 15 35 55 32 98 46 58 63 74 33 3 84 48 76 81 21 35 14 1 72 21 34 67 10 67 11 8 93 79 87 31 23 19 25 16 26 8 37 66 44 86 40 36
81 15 61 11 56 38 14 42 52 53 79 67 92 44 65 77 55 79 86 65 7 16 28 18 16 10 25 76 83 30 11 80 12 53 76 33 71 13 28 12 94 53 25 40 36 95 67 97 75 61
34 99 61 92 28 31 80 20 3 72 20 15 50 73 61 54 63 43 62 44 38 89 42 83 38 83 47 58 7 88 12 67 33 71 13 7 99 1 75 17 88 71 73 12 58 6 98 86 67 68
10 15 95 3 80 74 95 36 47 74 42 46 25 79 56 55 97 94 26 12 36 52 59 68 73 97 16 30 86 75 8 37 70 42 31 57 32 57 21 5 13 15 12 10 37 68 17 46 66 86
96 19 71 35 62 42 24 76 50 5 28 36 29 12 24 2 82 99 73 73 2 30 9 48 28 87 57 27 40 65 78 2 9 72 48 17 77 14 49 87 47 98 25 2 17 25 23 27 79 64
26 16 25 19 35 37 45 64 17 68 2 2 44 39 80 71 91 86 85 45 88 80 76 48 83 54 77 63 81 14 25 73 8 40 28 17 99 83 72 14 11 81 50 74 61 14 2 19 33 40
54 25 26 84 21 38 75 79 99 3 50 92 74 86 28 72 21 35 13 78 39 26 3 20 59 89 25 3 61 76 2 25 14 46 9 72 85 63 35 2 21 26 15 13 19 26 50 35 25 98
68 33 17 87 67 89 25 66 7 80 41 8 71 74 88 61 42 21 70 84 9 8 95 63 78 36 39 65 15 91 45 80 75 57 14 9 14 66 42 46 38 87 50 81 39 40 95 65 76 91
72 21 76 99 98 12 50 18 94 90 52 55 42 95 26 95 35 29 98 33 21 43 45 40 36 30 15 75 25 66 7 50 30 9 55 86 31 59 46 64 60 41 50 42 69 47 48 9 14 13
51 93 81 77 71 45 89 99 69 53 10 86 89 99 32 37 23 37 80 8 91 77 63 6 59 13 5 73 59 56 96 11 54 42 33 70 31 72 49 59 29 85 96 4 75 23 25 24 31 30
70 75 4 55 27 73 96 68 85 7 12 71 1 91 92 4 29 1 37 34 29 40 74 94 20 6 17 39 35 62 23 22 81 90 5 16 26 55 77 32 19 79 38 97 23 45 14 94 67 77
2 38 40 82 32 21 68 75 51 78 3 33 33 48 3 33 6 27 46 68 88 10 92 59 64 56 90 30 66 3 37 60 27 30 70 97 6 82 1 84 77 14 28 74 94 67 60 56 28 97
19 63 82 67 53 12 7 70 2 40 81 65 30 21 70 86 79 75 69 12 71 5 54 7 4 28 35 4 64 68 14 72 57 69 50 48 77 60 77 94 44 69 50 29 85 21 45 83 98 24
40 16 8 47 61 23 49 42 89 59 41 55 65 26 60 10 79 75 83 29 82 94 25 40 49 79 10 24 99 98 75 68 13 28 41 49 5 51 74 55 52 26 1 74 54 53 86 40 68 35
91 31 59 74 96 81 30 24 4 19 21 28 23 94 40 38 86 17 50 22 93 32 83 17 94 1 81 27 66 46 37 35 95 4 28 33 83 56 87 58 14 5 82 60 51 5 4 95 67 97
14 88 35 97 96 87 19 56 55 90 37 16 5 10 1 99 30 55 36 80 86 69 92 88 74 7 33 92 17 39 44 75 98 71 14 68 56 15 47 1 86 31 59 65 78 65 91 54 10 54
11 40 17 42 50 44 87 2 45 32 85 98 83 71 20 18 57 82 41 42 83 65 22 65 58 9 25 80 50 3 59 33 22 34 79 84 28 36 97 45 82 55 10 43 26 22 75 70 82 17
94 15 77 85 35 4 1 1 41 5 62 47 18 44 68 35 93 66 95 25 12 41 78 84 93 11 85 56 6 93 65 7 81 20 11 57 17 31 76 45 2 63 16 29 94 59 25 19 34 51
35 10 49 29 60 70 91 13 99 54 97 82 4 66 46 2 82 66 60 69 49 17 89 48 4 33 61 74 78 60 92 94 27 64 10 26 87 14 25 41 97 57 81 90 38 90 67 45 26 64
23 28 21 20 98 12 44 6 27 34 5 21 83 53 24 75 1 98 89 45 96 45 19 53 7 10 58 49 87 79 88 97 96 74 7 59 47 15 12 81 32 7 81 25 27 5 67 51 55 84
7 50 85 32 47 97 84 11 93 52 55 77 98 38 46 93 9 17 37 46 84 21 8 98 63 55 57 53 64 30 21 60 66 39 11 15 25 58 93 34 22 74 43 59 66 35 38 79 61 39
90 38 2 28 67 44 15 30 98 47 95 79 41 35 98 21 85 52 5 16 35 76 17 34 29 20 61 88 93 95 95 74 68 84 49 5 88 39 54 94 30 43 8 41 24 40 24 67 31 83
81 27 98 69 35 41 65 75 28 9 62 14 21 40 1 38 64 5 40 77 99 26 65 56 97 57 99 72 92 39 48 54 29 84 70 48 62 55 16 44 98 12 23 13 22 92 32 67 26 29
98 35 90 76 91 1 99 8 60 2 85 47 56 19 7 50 67 3 83 27 75 46 97 90 94 79 6 26 35 59 23 83 49 54 12 55 98 30 38 20 34 64 38 64 41 81 60 68 73 20
65 81 15 16 2 94 80 47 78 37 89 42 81 87 75 26 65 36 49 6 49 68 22 34 95 25 72 65 35 78 80 88 80 41 4 93 14 19 62 81 86 81 35 15 95 10 53 3 71 95
32 31 49 66 24 93 83 78 7 98 69 89 68 65 78 52 3 38 26 35 12 78 57 33 70 86 98 81 71 15 43 16 57 47 50 49 55 59 60 74 28 59 96 7 8 88 52 56 79 63
45 24 23 88 38 83 14 38 68 70 81 95 61 4 99 30 11 46 2 97 7 11 13 62 6 53 87 22 22 13 69 13 62 21 2 13 85 53 15 26 14 86 54 42 39 78 82 71 27 32
20 31 58 26 61 82 75 74 34 32 81 54 86 89 12 19 58 60 64 66 9 48 91 44 71 98 49 91 26 62 75 6 26 81 36 7 82 60 56 45 90 40 67 84 74 87 68 11 83 84
47 76 54 56 58 88 85 45 1 69 93 14 48 29 37 3 45 91 99 18 91 31 42 21 96 15 86 4 26 30 7 11 48 2 27 99 21 18 70 5 88 82 77 13 93 69 79 76 5 60
81 38 67 40 70 6 25 84 88 35 76 40 68 25 23 65 11 5 58 83 61 42 20 23 75 35 75 68 12 21 29 58 51 91 62 29 10 37 64 89 35 35 6 92 32 57 17 90 51 44
81 61 48 60 14 57 82 11 82 48 21 40 48 19 22 46 41 47 30 14 23 11 46 1 58 48 60 97 22 76 79 32 82 39 52 34 94 28 56 35 62 18 11 2 84 95 67 48 14 99
50 43 51 54 82 1 31 53 44 52 25 21 28 62 86 30 66 69 74 72 87 66 92 5 75 14 46 30 10 41 47 30 4 20 88 18 3 34 46 11 16 7 35 10 35 15 72 19 31 9
46 65 80 84 1 4 8 96 76 32 44 20 16 32 22 73 94 60 22 60 31 64 27 23 31 93 80 52 77 22 42 91 98 33 70 23 80 63 17 66 43 79 94 88 24 84 88 70 16 21
13 87 67 59 36 42 70 88 52 27 47 20 69 67 4 73 37 95 66 81 6 6 58 68 49 13 66 52 97 48 50 2 9 15 17 34 56 79 98 40 89 73 67 83 28 82 84 91 86 56
82 39 68 47 35 57 98 58 44 95 93 86 32 57 3 82 69 83 70 57 37 72 77 21 39 69 74 24 49 6 99 90 41 2 10 8 44 79 15 3 10 90 33 21 24 28 81 17 38 16
21 16 87 83 35 53 5 72 7 29 47 49 43 69 92 45 30 73 94 19 65 28 10 94 27 98 39 96 80 23 42 72 21 81 3 57 4 81 50 81 42 61 25 25 44 46 57 99 87 77
84 51 68 24 69 98 25 46 42 86 28 35 50 52 9 39 96 90 85 20 54 10 23 50 69 54 48 39 45 25 58 24 33 48 66 97 45 84 61 55 52 27 2 48 83 44 86 22 48 65
96 55 72 43 22 16 23 6 65 55 83 47 71 75 68 73 63 30 64 8 27 87 96 83 67 28 30 2 57 19 64 7 37 62 28 46 16 25 95 25 22 68 38 26 90 67 89 32 21 25
27 88 86 9 25 77 35 65 71 44 11 67 4 29 19 29 99 65 31 25 47 21 53 85 74 55 15 14 66 20 99 39 73 35 4 88 96 56 95 92 71 16 4 15 21 21 69 64 68 98
12 78 42 22 83 22 79 58 73 21 73 31 61 75 9 77 38 82 48 83 96 57 24 58 32 1 4 52 41 9 98 5 37 21 5 63 52 97 85 94 87 40 16 1 26 8 39 55 50 55
20 56 91 44 63 60 14 21 32 36 97 47 90 55 60 75 69 27 74 8 20 76 92 86 1 41 53 69 32 21 88 98 35 68 40 25 82 4 87 83 23 10 43 63 9 36 42 83 8 70
78 70 53 22 46 51 88 62 82 62 1 40 78 97 25 86 87 28 38 29 36 6 94 72 63 59 4 41 67 82 19 64 49 41 5 7 56 16 20 71 50 19 7 29 60 49 42 27 87 62
40 98 43 49 18 63 72 24 71 24 22 84 29 17 57 75 69 46 56 35 18 89 57 28 2 24 30 75 71 28 78 24 99 2 50 6 40 27 5 78 16 92 8 14 6 28 73 10 73 43
26 21 65 51 30 60 78 41 26 14 59 58 13 16 77 87 47 82 73 45 39 41 37 82 27 71 25 1 91 12 39 43 34 75 95 41 71 30 84 83 46 40 78 24 56 20 75 20 59 51
81 15 27 24 63 90 21 46 28 64 6 9 43 85 25 73 30 22 33 1 32 79 87 4 94 18 5 81 96 58 10 60 17 55 52 59 18 12 5 65 31 49 38 62 69 35 93 82 43 69
15 15 69 70 82 23 79 71 69 49 39 49 97 64 7 98 12 85 1 7 26 11 79 97 24 66 61 64 79 12 64 60 99 68 67 55 36 25 97 77 93 83 9 25 26 10 27 10 81 38
42 23 5 10 47 46 81 31 75 22 86 90 4 68 61 28 79 25 2 51 56 56 13 66 94 30 49 11 70 2 75 95 21 72 49 73 31 17 19 43 8 37 59 36 99 46 83 78 62 48
88 5 79 12 46 99 18 60 76 85 44 29 3 16 77 70 39 99 52 73 67 70 27 20 72 27 13 8 21 15 79 61 12 52 66 73 84 42 51 9 77 14 13 97 19 41 59 44 26 9
86 19 7 62 54 63 46 21 34 20 64 95 80 37 61 25 72 85 25 29 2 85 21 52 55 22 86 77 77 27 70 51 53 37 45 14 40 64 4 29 33 78 10 96 87 31 63 75 14 2
95 5 30 50 67 73 93 77 46 15 21 53 77 49 83 11 92 46 59 55 44 55 77 8 37 86 68 30 99 21 6 22 50 1 59 24 5 34 91 53 30 71 5 31 86 21 65 85 60 81
52 65 57 53 96 83 56 90 27 76 57 59 51 64 3 85 71 27 43 48 52 11 90 17 26 86 25 12 99 47 22 92 70 76 38 19 83 94 41 89 82 53 39 66 97 66 4 83 71 48
84 84 98 27 13 58 63 15 69 52 14 23 59 34 49 82 82 30 88 55 82 18 3 56 76 88 47 70 35 53 40 44 75 46 59 61 70 4 71 84 99 79 35 61 57 26 38 45 5 50
65 14 56 94 32 90 98 50 21 51 15 39 65 66 17 41 99 51 38 69 46 99 76 77 37 43 53 97 69 65 38 77 97 12 86 65 14 80 89 9 10 92 94 37 47 95 29 74 29 37
18 29 40 93 68 87 77 3 86 45 62 25 15 41 41 72 45 29 84 18 84 83 1 11 35 35 6 84 73 52 35 97 54 53 5 46 74 95 65 37 67 32 57 62 49 10 39 81 98 80
93 20 12 86 78 53 4 68 33 33 68 71 45 79 7 82 91 73 9 83 29 90 52 68 58 60 7 77 74 98 35 33 75 45 66 66 98 54 20 11 86 70 83 24 88 85 64 84 89 5
80 71 30 98 62 22 59 77 93 69 38 20 14 54 4 91 42 17 61 32 34 17 21 77 89 39 49 2 73 26 52 63 50 69 11 21 79 93 20 88 93 10 59 27 33 5 21 97 85 88
65 95 12 8 25 6 87 81 71 49 59 5 30 12 17 11 77 66 44 15 57 65 33 38 2 43 89 71 76 52 28 34 62 19 73 84 99 63 55 53 74 48 4 98 84 87 78 75 16 77
72 93 71 40 87 13 73 3 66 83 62 6 69 85 61 60 62 15 85 81 99 51 46 91 36 36 55 81 55 95 1 95 16 37 26 46 96 84 84 61 22 11 26 10 96 68 79 83 20 79
27 78 57 10 4 88 19 39 37 50 46 83 74 32 6 39 26 49 8 88 96 18 58 76 12 95 4 77 2 35 10 63 72 75 69 21 46 87 62 89 29 27 4 12 91 1 96 47 76 85
50 45 74 21 77 84 64 69 96 53 11 20 83 71 75 26 6 15 48 60 41 57 71 82 27 67 12 15 96 82 28 40 68 40 55 67 19 90 99 84 75 21 12 95 76 89 4 13 39 26
3 85 64 36 62 44 16 51 91 29 37 97 97 1 56 18 6 8 62 54 72 53 60 69 99 7 97 46 27 18 45 99 45 39 38 57 13 76 92 23 44 68 27 39 26 56 38 6 77 10
89 20 21 30 15 32 20 50 50 20 10 83 8 8 24 15 50 25 72 58 57 30 39 93 22 54 40 73 31 7 19 73 43 10 54 91 57 2 4 64 70 79 58 50 84 15 83 55 50 93
5 25 84 26 18 44 87 94 74 60 36 93 63 83 64 67 63 20 32 52 79 98 39 22 86 99 26 65 73 46 2 89 6 3 38 7 66 29 68 67 4 27 64 87 50 60 37 18 85 30
59 56 58 3 68 34 87 1 73 4 34 35 43 28 37 14 62 66 64 76 31 79 96 94 46 6 8 8 21 99 58 39 61 63 45 82 63 14 95 19 81 69 97 13 22 50 29 43 44 19
68 44 14 9 50 93 34 81 3 2 78 71 93 47 4 52 59 57 94 80 29 96 38 73 55 74 55 22 57 99 85 21 44 27 12 17 88 18 84 66 61 9 75 19 3 75 83 26 52 45
92 48 81 78 55 21 78 76 89 64 84 70 15 46 15 18 12 53 13 49 51 43 78 30 97 83 15 34 77 62 32 79 69 18 34 4 9 92 22 16 28 64 37 84 98 7 7 72 85 72
38 18 89 83 62 58 94 68 17 88 80 22 53 11 65 57 35 34 61 36 43 14 66 41 78 4 59 31 92 20 96 34 42 35 59 16 27 88 98 38 1 66 49 92 88 77 21 85 79 3
67 41 17 77 70 46 91 98 94 82 88 67 66 79 87 35 40 36 30 21 64 64 56 36 45 25 56 20 18 24 97 66 94 33 79 26 98 30 58 58 13 8 47 98 10 75 23 46 56 59
31 54 49 39 17 53 25 29 95 85 23 70 3 39 60 63 43 38 37 14 84 37 2 30 94 96 19 67 39 6 1 48 78 29 43 50 45 9 75 6 77 61 64 55 90 96 23 39 71 75
76 6 52 65 86 14 72 43 13 8 9 80 31 96 75 23 25 94 66 28 46 29 36 95 83 56 7 74 23 72 74 62 55 91 99 28 2 7 46 61 72 77 53 92 92 47 86 76 71 49
38 22 63 88 26 53 81 99 41 45 43 14 96 73 14 59 89 6 25 66 6 67 4 89 64 31 10 47 32 47 47 74 32 15 48 87 94 71 61 87 73 95 8 22 84 60 55 2 30 52
18 1 56 34 90 48 93 36 71 90 90 31 22 97 41 42 30 27 90 41 70 86 24 11 62 18 1 57 70 15 4 40 37 12 47 46 94 39 5 97 45 55 12 33 87 54 36 93 20 25
19 63 87 68 62 10 33 97 16 79 18 91 3 14 32 75 6 95 95 70 6 37 73 45 52 62 3 92 46 30 36 78 44 99 71 96 57 44 16 20 22 22 79 25 50 70 50 3 7 49
29 53 16 61 31 53 79 2 53 36 32 53 44 37 41 23 27 93 27 54 87 3 74 31 76 85 39 34 20 10 92 91 76 33 44 39 32 30 38 34 40 94 80 94 40 31 63 30 22 57
86 34 94 55 29 97 26 97 88 61 78 97 26 85 8 56 82 75 19 81 58 78 95 16 78 81 88 52 11 78 30 30 4 4 6 45 81 40 76 28 51 72 24 90 82 30 48 95 32 21
16 78 88 40 39 24 15 63 75 27 12 1 33 26 16 47 7 89 13 80 2 69 84 94 23 42 92 63 75 15 5 70 99 58 26 5 67 95 39 13 79 25 44 15 29 53 35 47 65 42
59 33 13 2 86 37 32 24 71 69 12 48 99 67 3 84 55 38 46 46 82 84 32 90 61 18 85 82 43 1 55 55 31 4 86 10 84 19 96 77 12 98 12 82 79 83 62 80 58 99
92 47 34 69 98 23 38 69 69 92 12 70 50 90 18 94 37 24 59 55 23 79 80 26 34 87 59 94 76 57 41 72 78 56 83 6 44 37 27 43 10 59 18 88 21 51 92 4 77 97
37 64 34 32 16 73 84 97 51 51 86 99 88 54 85 67 23 75 22 90 40 13 70 86 25 92 98 63 70 19 34 95 6 88 67 37 3 21 43 95 1 91 28 13 22 79 71 31 92 3
72 37 92 26 71 23 2 32 14 62 90 69 56 54 35 86 91 38 58 63 33 62 44 97 59 72 2 89 81 69 33 82 97 45 5 51 72 84 32 96 24 22 59 92 43 93 82 43 44 42
60 68 41 6 54 38 45 75 2 44 36 95 3 95 27 27 14 12 80 1 78 87 34 80 99 49 13 64 9 60 16 60 76 18 83 81 64 79 61 92 96 3 46 40 60 68 79 38 90 26
90 17 94 19 17 60 19 25 83 48 47 68 91 26 37 64 93 63 23 72 47 15 6 50 72 69 44 40 37 91 5 78 79 17 76 26 40 82 59 92 77 43 35 64 56 86 2 89 10 2
44 42 99 8 45 50 27 51 65 34 44 3 34 40 83 88 32 72 54 61 94 72 16 14 54 62 98 1 42 65 99 44 84 99 6 6 75 66 46 73 67 18 61 66 99 22 71 88 41 58
63 43 74 1 66 50 11 95 74 86 97 62 61 77 82 60 14 21 10 12 43 5 64 93 48 20 98 25 5 32 23 89 15 13 60 32 4 81 9 85 74 52 56 43 36 12 19 1 28 63
33 1 66 94 83 38 9 80 10 90 43 93 87 67 43 43 22 80 48 62 73 37 61 27 6 70 39 7 39 51 49 9 5 6 27 96 80 51 16 17 86 5 9 84 19 24 52 44 28 21
45 43 69 59 74 98 78 34 59 38 49 66 5 90 68 92 36 2 28 77 17 28 44 24 95 61 40 48 44 50 61 30 39 43 55 26 81 19 13 28 62 9 71 36 93 99 29 56 65 27
30 94 67 24 46 18 59 20 6 17 72 26 76 42 8 1 57 16 69 70 93 20 43 91 69 28 40 11 77 17 83 56 55 62 25 73 55 52 73 97 7 42 59 48 37 36 62 54 58 26
64 50 29 61 36 38 4 15 72 27 80 27 44 18 84 32 34 39 38 58 3 88 35 30 2 35 90 48 79 10 1 48 30 44 41 50 96 9 98 45 75 34 92 19 6 34 38 48 57 4
59 47 53 66 39 80 61 4 46 95 24 95 68 81 96 89 42 68 72 66 78 19 54 33 76 30 7 28 22 38 70 2 58 5 70 62 99 45 52 72 20 75 35 39 1 31 29 17 95 46
13 66 91 31 84 26 51 42 38 36 37 88 34 51 50 26 70 29 79 50 25 83 55 18 4 28 18 10 58 7 53 35 66 81 83 25 36 82 35 49 48 26 3 42 88 96 73 32 51 53
69 75 7 25 53 47 81 96 42 35 50 27 40 83 98 82 46 95 75 4 67 54 85 79 33 4 23 23 85 47 45 84 31 33 64 79 48 15 67 34 45 5 76 39 75 69 17 52 70 37
52 3 16 17 66 40 79 59 46 47 85 85 51 55 68 95 79 71 87 78 48 36 40 18 99 7 76 28 81 59 95 61 51 45 46 31 50 57 99 16 29 70 57 17 57 10 33 34 14 3
42 34 18 41 91 34 47 89 45 16 62 28 54 14 90 38 44 33 44 72 5 2 93 19 13 39 21 72 89 75 14 58 79 8 90 86 30 15 45 40 50 8 42 92 58 59 41 23 16 12
6 67 46 66 68 3 21 59 76 19 55 56 12 94 25 3 70 4 56 47 72 43 41 6 53 86 14 98 75 87 43 21 58 77 53 66 60 3 33 74 26 31 46 36 41 91 57 12 66 3
54 66 27 59 72 87 61 7 83 91 96 39 4 6 95 1 38 14 21 79 68 72 84 23 8 1 53 52 57 94 96 86 53 14 10 94 33 55 40 8 92 50 81 65 32 26 36 14 55 90
41 73 43 18 83 46 46 69 77 36 32 30 62 91 18 22 29 16 83 98 35 80 44 22 77 92 40 20 14 88 78 60 12 59 20 34 17 16 34 84 42 94 21 44 85 47 50 32 65 82
11 55 14 73 29 7 19 85 13 4 60 49 95 15 67 42 28 19 74 29 85 64 94 72 78 68 76 16 54 50 30 37 14 53 21 92 87 82 96 58 39 71 2 57 1 23 2 77 81 72
32 27 78 37 41 95 74 69 67 64 2 76 26 38 48 30 2 26 68 99 55 30 31 7 53 85 24 41 81 39 83 59 82 40 9 6 10 94 32 45 41 46 33 55 64 72 96 2 70 71
30 13 60 20 15 46 11 56 52 10 71 70 95 63 89 15 72 87 45 60 52 50 31 1 39 15 62 96 78 58 68 6 22 46 36 44 27 31 89 40 61 72 31 24 67 21 82 66 76 66
92 76 3 94 65 66 71 25 82 61 27 82 15 52 93 16 42 93 25 21 12 49 72 34 97 96 72 82 95 48 36 70 91 30 51 75 45 66 70 42 17 8 4 72 56 83 77 4 51 91
15 85 38 95 34 55 62 60 58 92 99 72 95 5 38 67 36 67 76 71 61 83 79 82 14 98 56 98 82 32 17 15 2 57 8 95 15 75 16 17 22 72 69 7 4 8 20 8 83 64
58 1 90 78 58 4 5 62 35 92 88 1 42 28 4 34 19 6 74 17 4 46 97 22 58 96 53 89 17 45 13 39 95 50 72 48 76 61 17 79 29 70 17 9 61 5 49 1 39 76
20 30 45 46 14 90 5 50 9 46 33 21 59 27 32 37 50 97 51 79 78 68 64 70 59 29 17 54 21 59 65 39 47 89 49 13 48 73 98 70 60 31 95 93 81 29 3 52 34 36
99 60 61 61 93 23 23 77 23 93 58 97 82 20 80 93 1 43 18 26 24 72 60 43 35 89 50 65 45 42 36 77 31 4 1 87 90 45 64 14 70 3 41 58 72 67 65 48 26 29
87 98 7 98 1 85 3 38 4 40 99 30 99 7 53 13 60 63 54 3 20 67 67 56 7 72 32 99 72 58 95 23 64 71 7 34 42 19 26 92 77 16 19 6 93 82 15 35 54 88
14 65 39 88 59 25 53 37 54 83 86 13 69 72 27 92 20 14 40 45 38 46 55 74 36 80 59 14 2 1 57 3 91 4 10 64 28 46 35 33 2 75 93 71 77 95 66 13 50 46
35 64 99 71 20 32 82 53 94 7 19 78 32 18 10 30 48 52 21 18 40 85 4 78 78 46 92 33 89 22 58 64 61 66 58 71 47 33 62 37 94 6 68 3 79 18 4 5 86 49
64 52 28 33 24 6 61 29 43 29 72 20 76 26 26 31 22 65 75 12 82 97 20 5 81 67 25 31 89 51 43 60 51 59 76 17 46 65 89 85 30 27 45 99 29 8 86 48 7 83
49 88 93 18 98 38 68 65 94 77 95 18 3 16 36 57 2 1 73 39 22 83 4 70 91 32 12 8 49 33 29 53 92 6 69 69 99 59 90 46 86 82 3 42 64 67 75 76 68 92
84 70 19 36 16 17 26 45 3 68 29 46 22 86 51 83 13 97 75 77 77 63 59 37 53 36 49 74 34 23 67 26 46 46 62 25 53 93 74 43 46 47 1 92 67 5 39 90 66 1
83 98 63 38 35 37 99 57 62 41 44 21 46 23 92 38 22 43 92 93 62 84 54 39 43 6 25 36 8 33 28 15 21 14 97 18 6 32 65 93 20 15 48 99 20 6 89 13 82 47
3 45 34 19 60 32 71 18 14 65 82 41 24 51 15 69 95 17 97 80 83 25 37 4 65 95 34 28 81 78 60 72 51 84 12 46 86 19 90 47 84 12 16 35 76 99 25 75 99 39
82 1 58 23 56 48 72 63 19 75 40 95 8 99 80 38 98 92 58 55 64 24 60 13 75 49 67 50 11 87 33 9 10 60 76 37 82 37 67 30 24 54 51 6 93 17 78 56 31 90
70 42 79 8 87 39 21 19 36 25 57 38 85 61 41 27 44 94 9 85 14 61 43 93 41 6 72 5 70 78 73 22 89 3 81 80 23 3 21 20 92 65 38 43 57 40 70 44 1 6
77 81 65 60 32 41 31 66 9 23 46 98 92 71 32 76 90 33 87 48 93 4 92 78 86 51 26 12 22 8 17 99 42 69 51 28 69 75 97 61 31 7 65 19 38 3 19 37 46 42
14 20 24 22 59 19 4 87 33 10 45 36 40 87 58 29 62 27 81 47 6 21 75 41 79 42 86 23 41 13 14 51 70 36 7 65 91 99 48 63 77 7 39 43 27 65 88 95 5 54
57 96 96 13 71 52 36 97 21 7 83 82 16 93 63 2 35 53 11 10 7 37 77 18 23 39 17 62 95 81 12 75 58 31 70 28 9 34 65 18 72 54 71 69 16 10 9 91 49 87
86 44 45 94 70 71 90 11 44 75 25 31 62 82 6 42 83 58 85 56 66 50 40 78 76 4 24 15 51 31 19 30 57 64 34 66 40 32 53 30 75 6 47 38 24 32 85 30 85 91
26 69 27 20 79 67 65 87 73 76 85 6 84 41 33 76 89 90 65 11 48 19 78 5 37 3 5 58 25 94 91 86 24 38 14 75 52 73 70 54 46 43 20 59 25 22 9 78 16 67
90 17 45 91 62 25 31 34 29 15 56 7 43 52 15 98 29 73 52 84 62 35 17 89 83 95 91 83 69 49 93 46 80 92 19 46 79 83 47 43 7 63 68 26 32 29 83 28 58 30

Demandas:
0 0 0 0 0 0 0 1
0 0 0 0 1 0 0 0
0 0 0 0 1 0 0 0
1 0 0 0 0 0 0 0
0 0 0 0 0 1 0 0
0 1 0 0 0 0 0 0
0 0 0 1 0 0 0 0
1 0 0 0 0 0 0 0
1 0 0 0 0 0 0 0
0 0 0 0 0 0 1 0
0 0 0 0 0 0 0 1
0 0 0 0 0 0 0 1
0 0 1 0 0 0 0 0
0 0 0 1 0 0 0 0
0 0 0 0 0 0 0 1
0 1 0 0 0 0 0 0
0 0 0 0 0 0 1 0
1 0 0 0 0 0 0 0
0 0 0 0 1 0 0 0
0 1 0 0 0 0 0 0
0 0 0 1 0 0 0 0
0 0 0 0 1 0 0 0
0 0 0 0 0 0 1 0
0 0 0 0 1 0 0 0
0 0 1 0 0 0 0 0
0 0 0 0 0 0 0 1
0 0 0 0 0 0 0 1
0 0 1 0 0 0 0 0
0 0 0 0 0 0 1 0
0 0 0 0 0 0 1 0
1 0 0 0 0 0 0 0
0 0 0 0 0 0 1 0
0 0 0 0 1 0 0 0
0 0 0 0 0 1 0 0
0 0 0 0 0 0 0 1
0 0 0 1 0 0 0 0
0 0 1 0 0 0 0 0
0 0 0 1 0 0 0 0
0 0 0 0 0 0 0 1
0 0 0 0 0 0 1 0
0 0 0 0 1 0 0 0
0 0 0 0 1 0 0 0
1 0 0 0 0 0 0 0
0 0 0 0 0 0 0 1
0 1 0 0 0 0 0 0
0 1 0 0 0 0 0 0
0 0 0 0 0 0 1 0
1 0 0 0 0 0 0 0
0 0 0 0 1 0 0 0
0 0 0 0 1 0 0 0
0 0 0 0 1 0 0 0
0 0 0 0 0 0 1 0
1 0 0 0 0 0 0 0
0 0 0 1 0 0 0 0
0 0 0 1 0 0 0 0
0 0 0 1 0 0 0 0
0 0 1 0 0 0 0 0
0 0 0 1 0 0 0 0
0 1 0 0 0 0 0 0
0 0 0 1 0 0 0 0
0 0 1 0 0 0 0 0
0 1 0 0 0 0 0 0
0 0 0 1 0 0 0 0
0 0 1 0 0 0 0 0
0 0 1 0 0 0 0 0
0 1 0 0 0 0 0 0
0 0 0 1 0 0 0 0
0 0 0 0 0 1 0 0
0 0 0 0 1 0 0 0
0 0 0 1 0 0 0 0
0 0 0 0 0 0 0 1
0 0 1 0 0 0 0 0
0 1 0 0 0 0 0 0
0 1 0 0 0 0 0 0
0 0 0 0 0 1 0 0
1 0 0 0 0 0 0 0
1 0 0 0 0 0 0 0
0 0 0 0 1 0 0 0
0 0 0 0 0 0 1 0
0 0 0 1 0 0 0 0
0 0 0 0 0 0 1 0
0 0 1 0 0 0 0 0
0 1 0 0 0 0 0 0
0 0 0 0 1 0 0 0
0 0 0 1 0 0 0 0
0 1 0 0 0 0 0 0
0 0 1 0 0 0 0 0
0 0 1 0 0 0 0 0
0 0 0 0 1 0 0 0
0 0 0 0 0 0 1 0
0 0 1 0 0 0 0 0
0 0 0 0 1 0 0 0
0 0 0 0 0 0 0 1
0 0 1 0 0 0 0 0
1 0 0 0 0 0 0 0
0 0 0 0 1 0 0 0
0 0 0 1 0 0 0 0
1 0 0 0 0 0 0 0
0 0 1 0 0 0 0 0
0 0 1 0 0 0 0 0
0 0 0 1 0 0 0 0
0 0 0 0 0 0 1 0
0 1 0 0 0 0 0 0
0 0 0 0 0 1 0 0
0 0 0 0 1 0 0 0
0 0 0 0 0 0 0 1
0 0 1 0 0 0 0 0
0 0 1 0 0 0 0 0
0 0 0 1 0 0 0 0
0 0 0 0 0 0 0 1
1 0 0 0 0 0 0 0
0 0 1 0 0 0 0 0
1 0 0 0 0 0 0 0
0 0 0 0 0 1 0 0
1 0 0 0 0 0 0 0
0 0 0 1 0 0 0 0
0 1 0 0 0 0 0 0
1 0 0 0 0 0 0 0
1 0 0 0 0 0 0 0
0 1 0 0 0 0 0 0
0 0 0 0 0 1 0 0
0 0 1 0 0 0 0 0
0 0 0 1 0 0 0 0
0 0 0 0 0 0 0 1
0 0 0 0 0 1 0 0
0 0 0 0 0 1 0 0
0 0 0 0 0 0 1 0
0 0 0 0 0 0 1 0
1 0 0 0 0 0 0 0
0 0 0 0 0 0 0 1
0 0 0 0 1 0 0 0
0 0 0 0 0 1 0 0
0 0 0 0 1 0 0 0
0 0 0 0 1 0 0 0
0 0 0 1 0 0 0 0
1 0 0 0 0 0 0 0
0 0 0 0 0 0 1 0
0 1 0 0 0 0 0 0
0 0 0 0 0 1 0 0
0 0 0 0 0 0 1 0
0 0 0 0 1 0 0 0
0 0 0 0 0 0 1 0
0 0 0 0 0 1 0 0
0 0 1 0 0 0 0 0
0 1 0 0 0 0 0 0
0 1 0 0 0 0 0 0
0 0 0 0 0 0 1 0
0 0 0 1 0 0 0 0
1 0 0 0 0 0 0 0
0 0 1 0 0 0 0 0
0 0 1 0 0 0 0 0
0 1 0 0 0 0 0 0
1 0 0 0 0 0 0 0
0 0 0 0 0 1 0 0
1 0 0 0 0 0 0 0
0 0 0 0 1 0 0 0
0 0 1 0 0 0 0 0
0 0 0 0 0 0 0 1
0 0 0 1 0 0 0 0
0 0 0 0 0 0 1 0
0 0 0 0 1 0 0 0
0 0 0 0 1 0 0 0
0 0 1 0 0 0 0 0
0 0 0 0 0 1 0 0
0 0 1 0 0 0 0 0
0 0 0 0 0 0 1 0
1 0 0 0 0 0 0 0
0 0 0 0 0 0 1 0
1 0 0 0 0 0 0 0
0 0 0 0 0 1 0 0
0 0 0 0 0 0 1 0
0 0 0 1 0 0 0 0
0 0 0 0 0 1 0 0
0 0 0 0 0 0 1 0
0 0 0 1 0 0 0 0
1 0 0 0 0 0 0 0
0 0 1 0 0 0 0 0
0 0 0 0 0 0 0 1
1 0 0 0 0 0 0 0
0 0 1 0 0 0 0 0
0 0 0 0 1 0 0 0
0 0 0 0 0 1 0 0
0 0 0 0 0 0 1 0
1 0 0 0 0 0 0 0
0 0 1 0 0 0 0 0
0 1 0 0 0 0 0 0
0 0 0 0 0 0 1 0
0 0 1 0 0 0 0 0
0 0 0 0 1 0 0 0
1 0 0 0 0 0 0 0
0 0 0 1 0 0 0 0
0 1 0 0 0 0 0 0
0 0 0 0 0 0 1 0
0 0 0 0 1 0 0 0
0 0 0 0 1 0 0 0
0 0 0 0 0 0 0 1
0 0 0 1 0 0 0 0
0 0 0 0 1 0 0 0
0 0 0 0 0 0 1 0
0 0 0 1 0 0 0 0
0 1 0 0 0 0 0 0
0 0 0 0 0 0 1 0
0 0 0 0 0 1 0 0
0 0 0 1 0 0 0 0
0 0 0 0 0 0 1 0
0 0 0 0 1 0 0 0
0 0 0 0 0 0 0 1
0 0 0 0 0 0 1 0
0 0 1 0 0 0 0 0
1 0 0 0 0 0 0 0
0 0 0 0 0 1 0 0
0 0 0 1 0 0 0 0
0 0 0 0 1 0 0 0
0 1 0 0 0 0 0 0
0 0 0 1 0 0 0 0
0 0 0 1 0 0 0 0
0 0 0 0 0 0 1 0
0 0 0 0 0 0 0 1
0 0 1 0 0 0 0 0
0 0 1 0 0 0 0 0
0 0 0 0 0 0 0 1
0 0 1 0 0 0 0 0
0 0 0 0 1 0 0 0
1 0 0 0 0 0 0 0
0 0 0 0 1 0 0 0
0 0 0 0 0 0 0 1
0 0 0 0 0 0 1 0
0 0 0 1 0 0 0 0
0 0 0 0 0 0 0 1
0 0 0 1 0 0 0 0
0 0 0 1 0 0 0 0
0 0 1 0 0 0 0 0
0 0 0 1 0 0 0 0
0 0 0 0 1 0 0 0
0 0 0 0 0 0 0 1
0 1 0 0 0 0 0 0
0 0 0 1 0 0 0 0
0 1 0 0 0 0 0 0
0 0 0 0 0 1 0 0
0 0 1 0 0 0 0 0
0 0 0 1 0 0 0 0
0 0 0 0 1 0 0 0
0 0 1 0 0 0 0 0
0 1 0 0 0 0 0 0
0 0 0 0 0 0 0 1
0 0 0 0 1 0 0 0
0 1 0 0 0 0 0 0
0 0 0 0 0 0 0 1
0 1 0 0 0 0 0 0
0 0 0 0 0 0 0 1

Capacidades:
2 4 0 2 0 2 2 0
2 4 2 4 1 1 2 1
3 4 2 2 0 4 3 1
3 0 4 3 3 0 1 0
3 0 3 2 4 0 1 0
1 1 2 1 2 3 0 3
1 4 1 3 0 4 4 4
3 3 2 0 3 3 2 3
1 3 3 2 4 3 4 1
2 4 3 2 1 0 4 3
2 3 0 4 0 0 4 4
2 3 3 0 4 1 4 3
0 1 2 4 1 3 2 1
2 2 0 3 4 4 1 1
1 0 1 4 0 3 2 0
0 2 3 1 1 0 0 0
0 2 0 0 0 2 4 4
3 2 0 4 0 4 1 2
2 1 2 1 1 4 3 2
4 4 2 3 3 0 2 3
0 2 3 4 1 2 1 2
4 4 2 1 3 2 3 1
0 3 3 0 0 4 3 1
1 4 4 2 1 1 3 0
0 3 0 3 0 2 3 4
0 3 4 2 2 1 3 2
1 4 0 2 1 4 2 2
1 3 4 1 2 3 4 2
3 1 0 1 1 1 0 2
1 3 4 1 0 2 4 3
4 1 3 1 1 4 0 4
1 4 3 4 3 3 0 4
1 4 1 2 1 2 0 0
2 0 3 0 4 2 1 1
1 2 2 3 0 4 1 2
3 2 3 1 4 2 1 2
0 0 4 4 4 2 3 2
3 1 3 1 2 2 4 4
3 2 2 4 4 0 4 1
2 3 0 2 0 4 4 2
3 4 4 0 1 0 3 2
3 2 4 4 0 0 0 3
3 2 0 4 3 4 2 3
0 3 4 4 2 1 0 3
3 3 3 0 2 1 4 0
4 2 4 0 0 4 0 1
4 2 0 4 2 0 2 1
0 0 0 0 3 4 4 0
3 4 1 1 3 2 2 3
2 3 2 2 2 3 0 4
