m: 100
n: 30
k: 7

Distancias:
92 42 68 98 79 12 63 15 75 66 38 81 27 26 17 34 8 6 24 98 5 76 31 31 29 75 85 88 14 40
74 97 93 76 76 13 56 79 78 18 30 96 58 94 63 48 16 97 31 18 8 65 42 60 44 74 54 40 16 26
63 49 21 86 80 74 74 16 82 27 29 46 89 30 96 92 69 83 20 3 82 92 76 15 56 69 62 41 58 8
4 50 24 68 32 86 64 47 11 81 42 22 65 33 14 11 60 98 53 1 47 90 75 78 14 84 79 24 93 22
20 75 89 41 86 90 68 50 30 42 55 84 87 29 17 5 31 2 8 91 32 40 6 92 33 76 44 21 4 17
57 62 86 20 73 89 73 71 60 20 44 38 61 60 26 52 57 49 60 97 88 18 16 40 50 69 78 16 20 96
94 4 93 92 10 68 82 32 85 79 59 23 5 90 12 50 64 60 92 14 5 36 53 9 34 40 2 65 78 83
70 43 14 50 50 42 69 58 41 39 58 28 93 21 58 70 3 32 59 87 53 23 77 84 31 66 27 12 90 75
82 10 88 10 98 24 7 17 97 20 20 70 33 59 54 94 50 10 13 19 31 31 57 90 2 29 68 43 74 85
47 91 67 51 75 56 55 31 11 34 48 75 11 32 44 56 38 27 52 54 72 99 77 70 51 67 18 34 88 30
71 37 77 45 14 48 92 71 9 19 3 99 85 58 76 90 59 27 29 34 37 74 30 14 1 79 97 34 34 78
23 82 63 8 79 7 89 76 24 3 98 58 36 33 22 8 33 47 41 82 8 74 71 87 26 18 62 67 65 67
40 79 3 11 3 75 59 40 36 79 96 13 25 5 10 42 54 68 50 94 24 87 79 85 49 93 58 88 91 29
55 93 37 59 33 14 85 64 92 25 14 74 81 44 91 82 27 19 42 47 5 13 87 59 22 2 75 53 48 96
88 82 49 26 98 25 75 2 73 24 1 84 43 34 6 65 60 53 91 52 71 53 86 96 6 15 73 88 25 47
22 55 50 97 83 52 71 34 17 70 91 37 95 14 99 12 91 25 41 72 13 22 26 49 55 93 4 68 98 53
55 44 33 41 82 4 13 34 26 57 52 65 50 70 15 44 83 77 88 42 85 52 32 3 23 70 31 40 64 50
72 69 82 46 12 69 23 39 41 14 59 41 34 28 92 87 39 66 78 38 52 7 68 5 4 59 25 29 86 46
50 30 30 29 38 99 35 72 9 47 56 31 61 85 40 32 38 26 31 26 7 70 84 9 26 86 9 81 73 79
77 40 94 70 34 55 64 63 57 3 1 71 75 9 40 51 63 31 43 21 63 97 15 70 95 90 82 50 40 95
36 94 79 45 27 65 79 89 57 68 12 3 48 15 9 81 26 22 9 18 26 82 51 54 82 77 98 93 29 38
80 37 10 4 24 88 99 8 23 32 13 58 45 39 54 68 96 90 90 71 7 71 28 17 79 34 17 91 52 93
34 50 23 71 55 28 58 91 75 27 74 7 57 39 64 91 69 15 48 72 51 62 15 84 95 91 16 61 59 3
18 18 49 31 10 83 80 33 66 12 82 76 72 53 34 35 56 2 29 38 26 52 67 62 63 98 55 22 20 88
62 94 58 36 81 38 89 48 20 5 5 24 22 20 37 8 78 50 93 46 77 44 51 85 72 4 39 27 73 76
69 34 97 21 2 68 95 81 67 80 28 49 82 2 60 52 49 27 50 81 94 61 84 72 36 15 93 89 47 59
6 16 40 20 76 4 45 33 24 31 45 9 42 72 50 53 17 74 38 12 43 57 85 60 78 6 12 43 24 49
76 32 8 15 62 46 5 9 88 66 28 86 56 96 11 1 84 43 60 37 48 4 67 29 31 63 99 97 98 29
6 29 9 66 16 10 21 28 7 56 98 2 32 93 95 74 73 85 12 91 45 5 53 67 26 30 81 2 98 36
92 26 6 55 65 39 54 60 90 35 56 63 94 39 64 42 71 38 25 36 84 47 69 28 96 72 26 86 9 19
68 18 67 53 63 65 18 22 63 87 50 62 42 62 60 13 78 12 23 84 42 39 70 11 67 60 99 50 42 80
75 3 99 30 94 45 1 27 50 72 1 7 32 81 2 5 23 43 33 76 51 37 29 96 4 2 51 90 50 78
47 4 83 49 99 90 46 21 77 39 27 32 61 13 6 90 94 18 49 78 82 32 7 16 65 95 31 17 19 68
51 98 91 37 27 32 79 50 74 63 40 90 92 72 4 91 65 24 91 49 11 12 97 3 50 7 44 55 10 1
53 26 12 79 31 45 18 63 62 66 89 32 25 1 40 72 35 29 47 59 4 16 86 87 69 68 27 41 56 21
38 26 88 91 56 77 22 42 11 32 38 37 89 13 94 17 9 26 86 29 18 56 55 74 38 35 15 19 60 82
34 69 51 67 87 26 79 98 1 75 30 1 51 34 56 62 35 58 74 89 42 24 66 50 3 66 44 15 92 45
84 55 40 25 71 61 62 61 65 85 87 99 60 68 67 8 47 67 28 5 29 16 97 87 52 80 18 38 77 72
7 55 77 41 14 92 77 99 11 80 14 77 53 8 43 11 39 48 3 69 2 81 96 45 69 39 36 53 66 36
32 51 47 79 87 16 81 2 20 55 25 55 52 34 60 31 36 90 2 20 14 85 56 37 63 77 37 81 30 35
98 95 20 8 9 10 9 21 64 54 67 71 54 60 49 64 28 10 72 82 60 57 67 30 76 97 65 23 9 82
57 20 4 22 93 41 4 28 53 63 76 13 84 80 53 66 48 98 21 40 70 47 17 78 76 18 39 10 78 32
3 83 54 47 69 71 51 94 80 51 45 70 28 37 76 73 2 54 73 16 5 25 76 16 88 68 46 6 65 3
36 26 32 97 63 30 53 93 71 47 1 76 22 23 17 66 77 5 62 52 6 67 13 33 30 56 15 43 32 60
86 15 20 59 91 79 96 72 2 24 16 57 84 55 35 15 41 67 9 5 91 95 13 58 51 19 87 6 33 69
93 50 21 62 7 44 71 57 16 61 2 99 65 12 50 13 76 60 2 39 82 41 32 99 62 74 96 96 19 33
75 9 96 96 53 72 2 70 24 28 2 67 7 22 31 61 96 28 85 21 24 22 94 62 18 11 15 50 25 40
56 50 51 75 8 77 87 4 97 15 83 2 16 84 80 89 84 93 28 11 74 25 10 62 55 22 66 14 58 27
38 18 13 1 49 50 92 42 46 91 76 59 79 12 94 83 90 30 52 19 99 86 80 63 17 4 8 27 17 19
2 62 95 20 35 33 45 88 56 73 20 51 37 13 5 54 92 38 88 30 58 55 69 84 76 72 31 29 23 89
60 67 32 32 56 43 70 86 55 77 6 59 9 11 80 14 71 82 23 97 81 92 86 42 71 27 70 10 84 58
80 29 79 2 89 13 66 75 9 58 54 72 39 33 80 29 45 11 8 97 63 22 59 47 74 95 56 29 86 15
60 56 53 6 8 42 7 69 60 89 91 4 48 39 36 48 73 6 46 7 69 56 56 37 58 16 15 9 44 56
43 30 36 32 39 7 36 73 88 98 41 96 92 57 77 52 92 17 76 37 5 47 17 83 41 11 90 25 20 89
34 40 40 63 20 90 33 58 62 52 60 28 19 22 67 47 56 28 91 94 5 82 45 51 36 32 30 78 97 46
37 69 31 27 93 80 85 78 27 10 42 18 8 68 88 41 20 79 11 51 71 34 34 65 26 84 81 49 84 51
88 20 22 86 62 71 94 82 53 64 13 83 41 56 95 37 58 11 85 46 91 98 52 30 60 22 98 57 83 87
34 21 57 44 68 47 4 23 58 99 4 12 36 70 47 92 27 96 34 58 90 61 85 10 26 61 1 21 59 25
87 11 50 46 44 90 73 79 59 59 24 70 30 93 9 37 81 54 9 97 63 58 42 66 28 94 18 8 31 75
11 70 96 5 27 70 68 96 21 30 11 94 40 65 99 88 36 58 77 57 6 98 35 32 72 50 95 53 34 85
48 87 39 88 31 94 39 33 32 70 53 72 84 59 9 23 46 87 60 15 20 1 80 17 85 60 84 52 60 74
86 54 79 7 9 4 8 67 35 36 92 5 52 37 27 67 49 72 72 4 29 52 16 45 49 43 87 20 62 76
29 20 2 27 38 45 26 92 2 8 70 6 27 68 80 77 35 17 95 50 61 55 66 58 54 19 88 98 78 80
70 87 72 40 28 1 74 76 92 71 31 96 62 58 59 46 40 69 16 53 68 58 57 31 56 71 54 66 61 70
90 18 77 63 48 11 68 11 91 65 97 2 19 70 52 90 13 79 33 73 82 94 73 92 8 60 84 22 85 11
4 32 47 1 73 38 61 48 81 45 44 32 33 87 91 30 32 73 24 64 36 43 60 17 1 76 47 16 72 54
41 80 67 25 5 76 13 76 1 44 98 10 24 11 74 69 45 17 80 63 54 2 9 78 31 80 85 13 91 55
19 98 26 82 19 32 58 29 74 80 8 4 86 70 84 19 49 97 26 15 96 95 72 80 55 63 37 27 20 3
88 20 84 12 28 59 85 91 96 39 65 35 13 82 80 89 74 84 53 14 22 22 33 65 58 18 46 42 26 29
65 12 73 75 18 32 27 20 84 57 34 55 85 31 15 6 85 51 21 30 35 94 67 71 1 99 97 41 59 65
58 91 63 48 55 31 31 29 29 29 86 98 98 39 19 95 17 42 71 56 98 35 11 24 33 37 11 21 12 8
25 33 91 76 77 58 70 27 85 37 10 51 16 5 20 90 78 59 63 10 10 86 54 6 62 35 45 64 31 69
3 86 1 59 12 14 66 61 73 27 8 12 39 89 35 85 47 35 25 73 27 25 84 68 45 48 31 27 3 34
80 93 65 21 96 29 91 92 65 43 87 45 11 77 31 2 27 95 51 92 37 20 86 13 95 77 77 82 63 22
35 40 82 3 62 9 20 76 84 88 58 71 25 25 64 94 60 1 38 18 38 25 14 93 96 74 34 12 4 83
74 99 50 43 59 25 92 26 91 10 69 67 29 19 19 86 1 17 93 83 54 75 80 27 50 52 12 60 47 63
4 66 81 47 42 78 61 33 61 18 51 62 45 16 32 56 31 68 1 29 86 90 73 10 11 48 83 42 95 66
12 24 73 57 55 8 26 91 80 88 12 44 94 55 34 94 36 36 28 48 53 42 37 54 99 54 34 6 50 7
41 96 71 72 88 66 52 76 74 75 22 73 28 42 84 27 43 80 80 86 77 52 59 93 88 6 93 17 90 29
38 56 72 70 2 73 2 12 18 77 48 23 49 62 12 10 49 68 43 88 58 46 75 93 69 38 53 1 73 48
83 86 77 42 85 17 95 73 46 40 22 56 44 65 81 19 72 86 43 5 25 98 66 96 54 52 8 97 93 24
98 70 35 26 16 15 85 25 97 30 77 87 64 21 33 48 22 93 31 4 59 43 11 26 20 51 76 76 68 31
42 13 98 96 36 24 28 62 73 26 48 59 32 43 16 38 7 25 1 56 35 99 91 1 41 17 75 60 65 35
80 17 17 79 6 74 11 20 46 46 67 61 42 85 5 98 90 85 52 71 25 57 94 34 3 2 70 81 81 15
56 85 96 22 42 9 9 75 80 76 21 66 4 45 57 41 88 49 28 69 7 49 56 91 37 79 3 68 59 42
2 98 26 87 35 47 75 10 79 97 43 29 37 54 16 91 54 34 59 31 57 4 78 42 25 41 59 42 41 39
56 12 78 41 62 88 69 51 71 29 38 70 29 67 81 52 59 39 51 72 93 45 57 99 38 49 48 83 27 74
36 70 20 77 51 57 7 45 85 54 86 10 44 23 6 90 77 3 6 26 77 65 97 4 39 18 87 58 77 12
5 32 52 93 40 73 5 83 91 55 75 96 95 96 71 2 31 83 37 38 25 96 80 40 63 88 27 46 44 79
53 15 31 92 68 86 13 96 77 60 99 8 80 14 3 25 56 15 42 98 86 67 68 91 52 56 1 87 7 84
18 62 62 64 78 12 52 92 49 94 75 38 51 47 41 43 13 50 10 65 31 13 35 77 57 64 48 89 19 8
21 83 21 25 5 58 47 50 93 77 22 11 54 3 28 13 36 38 40 57 84 60 93 84 52 54 41 30 90 2
31 1 45 92 88 27 75 43 14 48 51 77 96 93 46 83 52 73 36 60 16 12 52 52 65 94 91 95 62 76
77 43 21 52 21 9 15 68 51 29 92 95 82 95 50 51 79 46 20 85 23 32 30 95 63 1 67 32 8 75
26 86 12 30 38 48 52 42 7 75 15 47 30 96 44 85 99 4 23 85 38 76 37 13 97 59 37 79 61 8
22 10 56 46 68 82 77 94 32 23 74 20 85 23 94 30 84 35 49 48 35 43 14 76 22 27 22 5 18 96
26 25 94 29 30 14 37 63 75 11 41 68 32 29 40 13 4 8 75 71 43 69 38 40 60 24 99 68 64 76
48 88 57 4 5 80 25 28 53 65 2 42 13 66 53 90 82 68 75 81 42 74 88 22 78 84 64 98 7 45
96 30 50 58 89 72 77 14 54 98 26 52 16 47 24 1 82 61 96 63 38 56 50 3 37 99 29 34 18 55
8 41 8 53 79 32 63 14 91 48 58 28 4 4 44 10 85 19 26 6 77 64 20 58 44 35 30 48 29 4

Demandas:
0 1 0 0 0 0 0
1 0 0 0 0 0 0
0 0 0 1 0 0 0
0 0 0 0 0 1 0
0 0 0 0 0 1 0
0 0 0 0 0 0 1
0 0 1 0 0 0 0
1 0 0 0 0 0 0
0 0 0 0 0 0 1
0 0 0 0 1 0 0
0 0 0 1 0 0 0
1 0 0 0 0 0 0
0 0 0 0 1 0 0
0 1 0 0 0 0 0
0 0 0 0 1 0 0
0 0 0 0 0 1 0
0 0 0 0 0 1 0
0 0 1 0 0 0 0
0 0 1 0 0 0 0
0 0 0 0 0 1 0
0 1 0 0 0 0 0
0 0 0 0 0 1 0
0 0 0 0 0 1 0
0 0 0 1 0 0 0
0 0 0 0 0 1 0
0 0 1 0 0 0 0
0 1 0 0 0 0 0
0 0 1 0 0 0 0
0 0 0 0 0 0 1
0 0 0 1 0 0 0
0 0 0 1 0 0 0
0 1 0 0 0 0 0
0 1 0 0 0 0 0
0 0 1 0 0 0 0
1 0 0 0 0 0 0
0 1 0 0 0 0 0
0 0 0 0 1 0 0
0 0 0 0 0 1 0
0 1 0 0 0 0 0
0 0 0 1 0 0 0
0 0 0 0 1 0 0
0 0 0 1 0 0 0
0 0 0 0 0 0 1
0 0 0 0 1 0 0
0 0 0 0 0 1 0
0 0 0 1 0 0 0
0 0 0 0 1 0 0
0 0 0 1 0 0 0
0 0 0 0 1 0 0
0 0 0 1 0 0 0
0 0 1 0 0 0 0
0 1 0 0 0 0 0
0 1 0 0 0 0 0
0 1 0 0 0 0 0
0 0 0 0 1 0 0
0 0 0 0 0 1 0
0 1 0 0 0 0 0
0 0 0 0 0 0 1
0 0 0 0 0 1 0
0 0 0 0 0 0 1
0 0 1 0 0 0 0
0 1 0 0 0 0 0
0 0 0 0 1 0 0
0 0 0 0 0 1 0
0 0 1 0 0 0 0
1 0 0 0 0 0 0
0 1 0 0 0 0 0
0 1 0 0 0 0 0
0 0 0 1 0 0 0
0 0 0 0 0 1 0
0 0 0 0 1 0 0
0 0 0 0 1 0 0
0 0 0 0 0 0 1
0 0 0 1 0 0 0
0 0 1 0 0 0 0
0 0 0 0 0 1 0
1 0 0 0 0 0 0
0 0 0 0 0 0 1
0 0 1 0 0 0 0
0 0 0 0 0 0 1
0 1 0 0 0 0 0
0 0 0 0 0 1 0
0 0 0 1 0 0 0
1 0 0 0 0 0 0
0 0 0 0 0 0 1
0 0 0 0 0 0 1
0 1 0 0 0 0 0
0 1 0 0 0 0 0
0 0 0 0 1 0 0
1 0 0 0 0 0 0
0 1 0 0 0 0 0
0 1 0 0 0 0 0
1 0 0 0 0 0 0
0 0 1 0 0 0 0
0 0 0 0 0 1 0
0 0 0 0 0 0 1
0 0 0 0 0 0 1
1 0 0 0 0 0 0
0 1 0 0 0 0 0
0 0 0 0 0 1 0

Capacidades:
3 2 1 4 4 4 4
4 2 0 0 2 2 2
1 0 1 2 1 3 2
0 4 1 0 0 1 1
2 2 3 4 1 1 2
3 1 1 1 0 0 0
3 4 3 2 0 1 2
3 1 0 1 0 0 1
2 2 2 0 1 2 3
2 2 4 1 1 4 4
0 2 4 1 3 2 3
3 2 1 0 4 0 0
0 3 1 3 4 4 1
0 1 1 3 4 4 3
0 1 4 3 0 0 1
1 3 0 1 0 2 1
4 1 0 2 4 0 1
3 2 4 4 3 4 0
4 2 4 0 1 2 4
4 0 4 2 1 2 3
0 1 4 1 1 2 4
0 0 2 4 0 0 4
3 4 3 3 2 0 3
4 3 2 1 1 0 4
2 3 1 3 1 4 3
0 4 1 1 1 4 0
3 0 1 1 0 0 1
0 0 1 3 3 3 2
3 1 1 1 2 3 4
0 0 3 0 0 4 4
