m: 100
n: 30
k: 8

Distancias:
80 82 79 75 86 54 11 97 49 42 3 67 61 29 8 59 54 99 51 55 37 72 65 98 13 83 75 55 8 48
34 79 30 59 31 61 60 96 13 20 62 98 72 61 7 21 54 15 38 18 58 88 47 87 68 91 21 20 90 38
40 52 78 58 7 41 32 23 20 16 85 62 98 75 21 71 77 27 80 64 18 9 18 52 79 9 26 30 26 57
99 84 69 33 20 68 43 27 45 43 8 97 47 52 30 33 80 82 92 52 58 15 52 33 97 30 99 76 36 33
25 41 23 66 23 69 43 34 7 68 93 12 81 28 68 8 14 20 37 53 91 67 30 3 14 74 23 32 42 78
45 29 91 11 96 25 42 23 81 22 65 89 94 99 99 57 71 39 49 2 59 72 55 93 56 79 94 83 69 78
57 23 32 19 67 17 24 22 96 74 29 40 51 98 83 66 9 32 82 66 10 94 41 54 75 28 48 51 71 54
3 48 25 72 38 7 10 21 69 83 91 15 90 65 34 25 26 95 51 29 14 92 3 16 79 52 9 8 49 31
16 86 43 60 23 7 75 33 93 63 62 65 27 45 5 25 69 51 31 53 65 36 27 38 19 74 48 50 8 6
59 77 83 44 81 63 84 46 27 58 20 50 87 37 82 94 8 61 19 16 65 58 59 30 70 77 6 67 78 86
9 67 44 13 94 46 84 96 64 65 73 99 83 98 62 35 91 22 23 1 55 33 11 3 53 64 5 26 63 45
40 76 19 41 50 47 24 30 24 73 31 93 20 69 48 22 77 77 77 99 18 70 44 55 19 15 55 63 49 94
91 26 97 85 97 22 34 19 60 35 84 63 50 6 72 94 98 48 13 52 60 60 79 36 49 69 61 8 85 37
16 44 40 24 28 14 17 86 82 75 1 14 65 87 32 84 78 65 32 40 93 5 59 30 7 43 88 5 80 51
86 31 18 99 87 68 44 2 92 89 66 36 37 86 98 6 88 77 85 29 17 61 68 8 96 22 14 9 20 44
17 74 12 84 42 39 21 92 63 68 62 28 48 26 24 5 28 86 86 32 96 22 8 47 31 57 58 3 61 69
56 63 94 67 51 79 48 41 22 43 16 1 18 59 52 57 89 8 78 76 30 25 75 33 47 17 70 65 66 32
61 69 25 42 71 62 13 32 94 52 4 43 8 90 3 40 71 63 78 39 41 19 67 40 96 69 35 49 32 51
9 72 27 85 24 68 20 22 81 28 83 4 32 39 22 79 61 90 79 1 8 91 53 53 87 21 75 18 72 60
17 79 67 53 92 92 49 35 77 57 46 75 58 52 3 59 96 39 85 59 14 6 75 75 5 86 51 2 79 43
26 33 67 68 27 22 40 78 71 32 43 87 51 17 96 78 79 57 12 87 51 15 34 86 59 65 57 92 70 74
97 95 63 61 3 66 84 75 37 52 43 12 77 88 96 34 63 59 23 81 51 65 54 57 1 4 24 20 61 93
65 51 79 95 30 49 52 58 24 5 76 47 97 45 90 24 22 73 70 54 55 23 46 15 70 75 54 6 55 45
3 59 29 88 87 26 16 27 66 77 51 22 39 93 98 77 58 51 77 78 34 49 23 60 79 35 33 39 54 31
56 91 9 75 59 76 35 23 19 3 88 32 40 76 74 83 81 66 25 34 33 80 23 38 44 66 64 61 5 25
14 63 70 81 11 87 55 48 86 99 53 93 47 11 97 98 99 41 75 69 82 52 16 26 99 2 22 63 13 12
71 96 48 16 49 67 67 91 35 32 89 4 15 87 34 77 65 74 50 41 69 26 13 32 29 8 73 26 10 4
6 44 69 92 3 32 41 45 8 68 37 74 86 76 74 32 29 7 32 92 97 33 43 66 44 91 29 33 26 90
71 10 43 90 71 40 36 69 4 18 79 27 45 14 18 90 34 42 8 76 77 94 23 82 91 85 93 1 70 93
23 52 92 9 79 19 95 40 21 7 6 50 57 42 72 99 12 84 4 58 69 33 86 12 84 5 75 44 21 3
52 68 58 82 15 30 93 93 4 80 64 91 24 89 66 64 19 39 12 63 19 13 80 97 79 27 23 27 56 25
91 99 60 66 47 6 51 30 1 68 35 71 23 81 2 32 74 30 86 91 62 3 66 30 90 1 44 85 60 53
6 2 82 99 64 26 61 33 8 50 73 29 56 57 71 45 11 13 89 21 40 9 17 84 72 49 67 55 39 36
24 35 90 98 82 77 60 39 77 5 98 41 86 97 75 94 21 67 77 2 96 78 54 2 55 80 75 37 18 53
83 64 80 53 79 55 18 25 34 71 67 30 56 21 22 83 4 10 17 44 81 52 68 94 9 83 24 63 30 38
78 72 92 60 32 5 88 18 3 19 74 63 72 1 30 42 29 92 59 21 23 37 63 89 91 97 92 66 28 21
87 39 10 73 99 68 58 80 39 59 3 41 94 18 61 47 64 86 12 13 92 86 7 96 32 48 3 6 12 63
58 34 91 18 39 57 99 91 22 31 77 62 34 46 9 52 91 14 84 53 62 88 86 98 21 82 76 36 3 90
96 88 10 69 2 97 87 87 36 7 81 51 12 73 54 91 44 87 8 75 97 47 92 88 78 30 93 82 74 4
99 14 37 97 61 62 82 71 53 51 54 71 25 18 92 26 99 99 3 26 94 36 36 38 78 35 90 46 98 63
51 85 83 85 57 19 68 57 62 67 80 8 23 38 84 72 94 67 79 82 19 46 43 93 87 37 27 12 2 72
52 62 1 79 75 13 16 73 61 98 67 32 70 2 88 62 14 13 34 34 67 10 92 77 39 53 17 14 17 53
5 56 13 71 40 82 87 86 28 97 91 8 65 39 79 95 81 93 27 24 8 13 32 11 26 48 40 56 66 81
83 63 24 97 12 35 83 11 5 84 38 55 65 35 9 9 45 48 86 92 39 48 24 65 68 64 39 15 43 74
18 49 87 36 62 14 92 48 96 3 77 62 17 88 75 88 76 57 95 2 43 44 52 44 82 67 18 60 76 24
64 62 38 7 36 9 47 33 17 21 24 33 68 62 57 57 17 54 22 42 49 94 14 72 8 51 42 36 45 30
23 29 37 60 20 59 6 58 7 89 8 89 71 37 75 59 69 39 35 7 9 23 2 44 40 32 2 51 75 66
67 1 70 23 73 67 32 19 29 34 53 27 66 80 53 72 12 87 49 30 10 29 82 73 51 6 47 31 43 55
80 64 42 26 32 47 77 88 23 41 39 1 89 2 62 69 31 36 44 90 86 54 58 82 57 23 53 66 37 83
36 62 24 15 47 54 37 51 28 45 95 48 55 81 20 77 49 45 78 23 1 91 74 56 86 72 98 65 82 88
5 23 59 29 21 4 92 75 25 43 16 77 75 39 8 18 87 6 86 52 48 94 51 54 26 60 27 11 12 81
98 14 12 33 3 68 9 34 62 17 98 87 76 85 63 64 70 41 70 58 55 47 95 83 27 92 37 96 42 62
54 32 47 79 5 58 62 70 90 62 17 79 62 78 10 59 42 31 80 50 31 95 38 57 80 72 46 28 9 95
81 99 64 55 12 99 75 25 42 2 17 95 62 36 65 2 84 5 30 21 39 12 77 73 40 10 21 41 31 92
4 16 82 65 77 75 83 35 4 8 97 73 12 14 5 40 55 68 76 71 72 53 79 74 63 12 54 48 17 59
81 5 85 74 29 19 11 34 12 49 69 3 76 27 61 83 58 48 18 36 90 4 14 22 47 85 89 75 75 62
89 74 41 56 34 10 72 69 56 56 24 97 46 18 45 91 46 9 95 12 34 43 67 39 61 9 92 36 51 17
6 66 12 17 68 76 37 19 39 51 95 56 80 27 67 83 97 10 18 87 32 61 3 92 5 58 23 28 18 35
36 94 47 59 93 47 1 74 51 1 52 98 63 97 17 48 41 39 34 9 38 80 4 39 77 87 3 12 11 55
30 8 75 56 66 19 19 42 81 25 56 51 91 7 42 85 4 64 44 63 24 75 23 82 8 8 44 83 81 46
13 62 83 18 7 49 64 11 68 99 47 91 10 99 86 38 93 16 40 74 38 63 26 70 60 54 6 31 39 68
92 35 3 49 39 61 1 25 37 95 99 76 88 72 33 91 31 94 7 21 15 74 23 58 45 2 57 94 83 3
31 12 83 99 30 16 39 5 60 80 97 53 12 72 24 99 60 26 80 48 99 73 35 67 62 83 88 24 3 27
24 9 87 22 71 22 26 36 74 64 31 74 25 16 46 30 60 18 22 81 32 75 23 58 40 26 5 49 15 97
41 8 81 35 71 28 8 98 93 45 10 83 66 84 28 85 62 65 18 40 32 18 73 63 14 91 3 7 29 35
90 58 96 23 46 16 64 78 80 55 33 25 98 87 68 54 89 59 88 8 26 14 4 47 31 74 70 18 94 75
48 39 20 49 37 51 78 11 97 4 8 14 36 24 13 6 3 12 92 89 72 26 65 65 81 5 12 44 37 31
41 67 22 91 58 83 32 41 77 55 19 60 78 67 88 53 3 2 5 66 17 6 46 72 25 49 48 78 28 78
63 50 22 72 31 48 23 21 6 93 29 7 17 24 5 8 94 62 2 35 55 34 1 58 63 34 24 80 77 6
51 81 10 44 78 61 94 99 80 97 13 85 27 83 23 81 2 36 34 27 46 21 90 54 29 6 79 92 68 55
83 41 20 5 61 65 79 50 99 82 28 81 49 45 32 26 47 10 10 77 24 13 86 46 85 17 9 73 66 52
13 5 11 68 59 60 75 39 8 68 33 13 87 37 63 63 90 58 16 38 93 58 78 65 62 42 57 80 11 6
42 10 83 18 96 8 20 83 30 34 6 31 95 62 93 11 62 95 77 44 87 92 91 50 77 33 75 43 53 41
95 1 42 56 41 71 98 12 39 62 44 33 8 9 56 58 80 1 82 57 2 93 82 47 15 68 38 92 1 82
75 75 48 28 79 30 91 92 36 25 11 94 21 40 83 20 93 68 54 41 6 16 61 70 18 80 46 58 17 94
73 18 23 73 53 25 28 81 10 78 70 76 95 56 89 33 61 84 62 82 12 45 99 42 9 92 46 25 35 53
43 87 77 81 12 76 92 15 74 38 14 38 1 12 35 42 59 91 9 6 91 11 3 38 11 83 97 83 38 14
72 1 96 34 97 30 39 60 90 24 46 35 46 8 11 31 38 91 17 29 60 95 94 6 58 89 13 27 42 82
12 39 93 75 8 93 52 82 45 13 66 51 9 39 94 91 62 22 59 32 41 72 50 76 54 6 40 77 59 61
40 36 19 44 88 40 13 5 36 28 26 74 49 93 99 44 25 10 84 53 18 50 51 87 12 50 56 39 76 64
78 21 47 28 80 92 13 43 72 63 60 33 85 92 41 46 67 50 13 80 30 60 46 87 52 6 85 82 14 35
55 77 94 82 9 50 90 18 40 34 80 30 65 30 52 85 54 4 28 61 47 68 92 13 84 35 40 69 70 35
48 66 99 10 9 54 35 46 15 98 34 19 64 31 61 96 69 67 31 39 9 63 96 54 49 30 56 64 72 82
72 4 4 57 94 53 86 96 47 79 50 41 31 53 34 20 67 50 36 22 15 88 91 39 88 91 99 19 64 68
46 48 54 4 6 31 62 33 72 93 13 67 24 39 42 31 88 23 77 52 69 10 61 21 41 20 25 42 99 52
46 30 4 13 47 14 39 11 4 28 90 54 91 50 99 89 68 68 66 79 59 80 74 39 81 88 82 24 93 43
63 39 23 98 29 82 25 47 11 47 75 73 6 62 9 27 80 2 89 3 59 29 90 44 44 89 18 79 2 30
91 94 37 21 10 18 70 98 27 69 16 47 92 21 59 78 4 49 74 52 46 58 29 6 15 88 47 58 52 35
17 65 30 58 24 22 87 76 78 37 6 63 4 29 69 26 19 32 71 44 15 1 2 39 99 82 6 64 23 56
36 77 77 57 49 73 91 79 7 19 28 6 7 58 1 43 62 51 62 59 1 21 49 16 47 30 4 14 66 28
71 74 39 28 40 52 88 35 68 92 37 28 27 8 42 99 63 73 98 48 59 60 12 79 65 41 3 9 40 4
84 66 72 62 62 66 27 97 82 35 34 78 9 30 34 43 98 97 98 21 34 31 59 81 25 13 85 46 2 11
38 79 54 55 98 26 32 56 33 44 60 70 34 83 32 10 59 43 30 73 70 54 3 86 58 21 16 95 84 90
55 99 96 8 94 82 19 68 15 16 80 90 16 49 10 13 7 46 95 23 7 27 17 61 98 75 63 1 31 65
83 88 28 41 85 81 27 60 25 88 63 69 7 76 85 10 77 41 30 75 66 36 84 30 12 34 56 51 83 7
76 63 84 40 78 57 11 61 11 10 7 66 6 40 63 26 47 78 26 45 30 40 95 13 27 67 86 58 41 84
43 20 24 25 82 28 74 43 49 41 84 61 56 35 39 13 34 19 99 14 85 15 87 98 98 41 51 13 87 55
74 29 11 77 55 84 65 40 83 11 47 12 77 95 32 55 82 8 79 85 90 22 7 74 55 50 20 66 41 45
24 87 44 3 60 64 67 29 1 74 55 38 93 80 7 77 17 41 2 73 2 48 87 49 23 89 34 80 18 28
84 84 9 13 17 26 17 60 8 68 42 47 9 72 24 86 56 87 92 64 96 11 72 10 16 21 31 2 98 23

Demandas:
0 1 0 0 0 0 0 0
0 0 0 0 0 1 0 0
0 1 0 0 0 0 0 0
0 0 0 0 0 0 0 1
0 0 0 0 0 0 0 1
0 0 0 1 0 0 0 0
0 0 0 0 0 0 1 0
0 0 0 0 0 0 0 1
1 0 0 0 0 0 0 0
0 0 0 1 0 0 0 0
0 0 1 0 0 0 0 0
0 0 1 0 0 0 0 0
1 0 0 0 0 0 0 0
0 0 0 0 1 0 0 0
0 0 0 0 1 0 0 0
0 0 1 0 0 0 0 0
0 0 1 0 0 0 0 0
0 0 1 0 0 0 0 0
1 0 0 0 0 0 0 0
0 0 0 0 0 0 0 1
1 0 0 0 0 0 0 0
0 0 1 0 0 0 0 0
0 0 0 0 0 1 0 0
0 0 0 0 0 1 0 0
0 0 0 1 0 0 0 0
1 0 0 0 0 0 0 0
1 0 0 0 0 0 0 0
0 1 0 0 0 0 0 0
0 0 1 0 0 0 0 0
0 0 0 0 0 0 1 0
0 0 0 0 0 1 0 0
0 1 0 0 0 0 0 0
0 1 0 0 0 0 0 0
0 0 1 0 0 0 0 0
0 0 1 0 0 0 0 0
0 0 0 0 0 1 0 0
1 0 0 0 0 0 0 0
0 0 0 0 0 0 0 1
1 0 0 0 0 0 0 0
0 0 0 0 0 0 1 0
0 1 0 0 0 0 0 0
0 0 0 0 0 0 1 0
0 0 0 0 0 0 0 1
0 0 0 1 0 0 0 0
0 0 0 0 0 0 0 1
0 0 0 0 0 0 1 0
0 0 0 0 0 0 0 1
0 0 0 0 1 0 0 0
1 0 0 0 0 0 0 0
0 0 0 1 0 0 0 0
0 0 0 0 1 0 0 0
0 0 0 0 0 0 1 0
0 0 0 0 0 0 0 1
1 0 0 0 0 0 0 0
0 0 0 0 0 0 1 0
0 0 0 1 0 0 0 0
0 0 0 0 0 1 0 0
1 0 0 0 0 0 0 0
1 0 0 0 0 0 0 0
0 0 0 1 0 0 0 0
0 0 0 1 0 0 0 0
0 1 0 0 0 0 0 0
0 0 0 1 0 0 0 0
0 0 0 0 0 0 0 1
0 0 0 1 0 0 0 0
0 0 0 0 0 0 0 1
0 0 0 0 0 0 1 0
0 0 0 0 0 0 0 1
0 0 0 0 0 0 1 0
0 1 0 0 0 0 0 0
1 0 0 0 0 0 0 0
0 0 0 0 0 1 0 0
0 0 0 1 0 0 0 0
0 0 1 0 0 0 0 0
0 0 0 1 0 0 0 0
0 0 0 0 0 0 1 0
0 0 0 0 0 0 0 1
1 0 0 0 0 0 0 0
0 0 0 0 0 0 0 1
0 0 0 0 0 1 0 0
0 0 0 0 0 0 1 0
0 0 0 0 0 0 0 1
0 0 0 0 0 0 0 1
1 0 0 0 0 0 0 0
0 0 0 0 1 0 0 0
0 1 0 0 0 0 0 0
1 0 0 0 0 0 0 0
0 0 0 0 1 0 0 0
0 0 0 0 0 0 1 0
0 0 0 1 0 0 0 0
0 0 0 0 0 0 1 0
0 0 0 1 0 0 0 0
0 1 0 0 0 0 0 0
0 1 0 0 0 0 0 0
0 0 0 0 1 0 0 0
0 0 0 0 0 0 1 0
0 0 0 0 0 0 0 1
0 0 0 1 0 0 0 0
0 0 0 0 1 0 0 0
0 0 0 0 0 0 0 1

Capacidades:
1 4 2 4 1 4 4 0
2 3 0 2 2 3 3 0
2 0 2 4 1 2 2 4
4 2 1 4 3 4 4 1
1 0 1 3 1 4 1 4
4 0 3 0 2 1 4 2
0 0 0 2 3 3 0 2
3 3 3 2 2 4 4 1
0 2 0 1 0 4 4 4
4 3 3 1 2 0 2 3
2 1 3 1 4 0 2 3
1 0 0 2 4 3 4 4
2 4 0 0 4 3 4 1
0 0 4 0 2 3 1 1
4 2 3 1 1 4 3 2
3 3 2 1 2 4 3 4
4 1 2 2 3 4 4 1
2 3 4 3 1 4 1 2
1 3 1 2 1 2 0 1
4 4 0 1 0 0 4 2
1 1 4 0 0 1 4 4
4 3 0 2 4 1 0 0
1 3 3 4 2 3 3 0
2 2 2 4 4 4 2 3
2 3 1 0 1 3 3 1
4 0 0 3 0 1 3 4
2 2 0 3 1 3 1 0
3 3 2 3 2 3 3 2
1 0 3 2 3 3 2 4
4 1 4 2 3 4 4 4
