m: 100
n: 30
k: 6

Distancias:
25 33 60 98 15 76 14 53 88 27 50 55 32 42 40 48 97 21 44 68 45 89 33 9 6 15 29 52 47 23
2 2 2 96 50 25 99 83 32 62 73 72 93 28 57 80 76 78 72 54 56 17 39 58 17 97 88 23 37 44
75 14 61 17 20 59 90 66 43 99 44 11 72 80 59 9 75 11 2 58 85 5 21 94 72 39 26 48 45 3
32 97 81 91 39 79 12 5 48 75 79 56 59 5 10 63 16 12 24 88 92 2 85 22 12 32 47 12 98 35
56 13 15 93 38 5 93 17 45 43 15 30 17 15 3 93 8 54 84 90 22 3 59 23 46 31 74 1 65 71
10 67 51 50 44 53 88 85 38 32 86 77 61 58 71 9 77 99 26 25 21 19 64 7 50 33 80 64 79 83
30 73 24 6 68 79 41 21 41 51 78 98 12 21 48 3 3 37 24 31 19 89 6 85 11 74 3 27 33 67
86 38 83 65 23 81 85 78 46 16 95 51 6 7 84 17 37 21 92 93 86 90 50 5 11 68 52 35 33 41
43 95 23 22 57 11 54 94 88 38 29 50 68 88 55 35 52 75 97 88 30 95 34 56 2 23 43 98 33 97
21 54 67 33 6 13 60 72 63 91 43 13 66 81 6 13 13 12 70 69 10 93 89 96 36 68 56 19 3 49
82 5 13 7 20 91 33 36 57 94 35 89 7 4 18 33 25 25 48 80 69 66 80 35 83 75 78 2 45 22
84 61 21 19 68 81 73 79 7 6 17 1 69 61 52 17 90 85 53 77 75 76 89 79 55 4 81 83 47 83
69 13 69 25 32 8 7 41 49 32 1 56 38 44 72 65 88 61 18 72 96 68 97 61 68 85 86 61 44 69
72 58 84 4 88 9 93 51 38 97 17 13 60 38 75 37 8 7 70 23 23 97 68 40 52 66 76 92 11 10
49 55 28 34 96 24 74 98 74 52 63 99 77 69 57 16 8 27 26 97 95 26 80 98 85 90 82 62 60 65
73 15 2 38 79 57 91 67 40 65 24 40 97 22 94 71 73 80 51 9 27 59 43 93 8 25 84 36 79 55
16 40 7 22 71 34 76 36 94 72 3 62 55 50 99 19 3 84 12 58 83 92 30 32 50 49 2 62 24 28
59 5 30 55 52 53 98 21 77 94 55 45 24 37 95 58 57 13 14 86 1 78 45 10 60 58 55 68 74 9
47 29 83 73 25 28 56 47 96 39 24 49 28 94 35 7 95 85 73 86 70 81 43 15 91 59 58 73 29 73
87 18 7 40 81 23 28 11 82 4 72 33 20 99 82 78 65 98 56 43 90 99 66 39 20 96 30 24 8 15
43 72 35 62 82 17 37 73 12 89 2 88 75 97 40 80 58 68 74 81 8 48 65 62 58 93 15 57 95 46
92 38 6 93 29 10 28 37 46 78 51 66 45 60 67 85 22 50 29 83 42 28 48 70 42 89 61 5 25 84
28 7 44 46 25 9 57 20 22 76 33 70 26 18 52 63 48 55 96 31 30 70 95 93 25 94 12 52 13 54
15 60 73 77 2 5 95 1 73 42 75 7 56 31 94 98 53 27 44 12 12 69 28 31 51 85 52 85 57 64
61 64 11 66 79 79 99 60 50 60 53 74 37 64 36 67 94 88 40 52 20 4 84 41 3 25 77 52 40 12
79 4 26 90 73 3 16 21 12 79 4 52 46 17 57 61 9 97 11 21 27 55 20 14 3 58 4 38 24 27
53 57 39 39 88 58 18 74 81 56 37 41 8 36 36 65 46 21 37 17 26 33 11 41 81 46 77 45 18 9
33 24 27 81 10 23 28 26 66 92 5 47 98 86 13 74 49 59 76 12 22 54 98 9 99 67 34 49 31 78
64 12 82 54 43 67 79 22 70 87 82 74 79 31 95 68 90 45 40 62 39 63 15 23 36 30 18 37 5 66
72 5 8 78 57 23 14 85 7 49 2 55 78 93 38 21 36 33 53 43 39 48 72 32 24 80 36 39 68 50
99 51 28 88 90 15 6 71 17 76 86 90 41 93 55 82 43 98 46 82 90 99 69 68 59 89 73 41 55 64
63 92 37 83 55 38 23 6 79 6 11 7 31 98 67 55 59 16 12 71 46 46 98 73 96 58 50 90 73 92
67 40 89 34 42 66 39 57 13 33 67 61 51 41 91 18 25 63 65 49 5 1 80 53 83 92 74 88 81 9
57 68 81 55 38 55 59 16 97 26 23 39 73 77 78 92 55 70 92 76 74 27 58 85 36 50 60 67 44 19
8 22 99 82 55 82 7 61 63 58 66 47 37 99 21 65 87 48 69 87 54 56 98 16 65 4 71 34 38 87
64 1 40 57 43 4 70 26 48 10 50 91 31 2 19 12 35 6 42 51 20 79 55 92 21 71 86 76 5 68
38 14 52 45 63 83 65 22 88 11 84 44 50 41 28 68 87 55 22 28 25 95 88 73 3 94 25 40 42 13
54 23 47 30 46 49 33 22 12 13 54 73 97 31 22 5 79 56 61 41 66 24 35 80 20 33 61 25 58 93
92 35 7 78 44 84 46 81 54 28 35 47 5 26 97 99 97 30 58 16 91 92 10 97 98 91 58 66 31 46
64 44 82 19 81 41 52 70 8 12 94 79 99 62 46 96 89 32 36 32 52 55 55 83 45 54 44 75 41 26
5 91 36 40 27 91 76 80 42 85 10 1 23 15 90 44 64 10 22 97 26 39 3 85 87 82 91 77 70 34
9 79 61 27 84 45 36 14 98 62 30 94 41 66 12 4 45 15 88 48 89 30 79 28 3 97 63 57 4 13
54 15 67 3 1 26 49 49 33 21 47 77 35 61 31 61 92 22 85 38 94 35 52 66 79 82 74 9 92 81
8 99 28 13 95 24 83 17 16 70 56 23 98 94 44 56 7 57 1 92 87 71 4 11 90 2 56 87 23 16
43 19 20 96 19 40 51 25 51 14 18 70 47 7 52 79 63 19 93 94 79 26 90 81 22 91 10 85 33 81
52 32 23 82 95 39 7 68 54 59 4 26 54 12 44 33 14 43 89 20 71 81 61 89 58 49 50 57 83 83
68 30 98 17 36 66 59 89 9 90 29 47 54 54 5 8 94 91 44 10 85 6 85 27 45 8 53 85 93 9
16 4 84 80 65 8 75 49 33 65 81 86 72 22 3 6 33 97 68 80 93 91 77 13 91 4 10 31 79 3
24 14 53 79 80 43 7 9 59 95 78 37 66 13 50 59 8 31 26 16 20 70 7 32 46 26 31 45 68 3
47 19 2 22 94 11 71 60 63 52 86 25 37 83 51 85 42 29 7 96 69 80 37 10 15 2 30 56 9 37
93 77 34 43 69 4 71 20 17 42 77 55 52 40 44 73 9 60 8 13 35 82 15 55 10 40 8 57 17 87
53 33 11 59 88 1 52 17 7 95 2 84 50 84 10 87 13 33 10 90 38 99 46 31 14 8 91 14 6 59
88 9 60 27 71 92 96 3 20 1 54 43 29 76 56 26 3 80 75 97 16 52 20 25 39 81 51 6 40 15
62 39 23 91 90 75 59 3 10 80 73 50 73 50 24 45 46 31 82 64 2 41 80 38 48 67 2 77 52 85
34 80 38 11 63 65 46 31 93 27 41 49 39 63 41 42 44 43 33 76 16 52 91 88 54 52 37 4 26 21
94 40 76 48 19 59 35 54 14 49 51 31 72 35 71 25 72 97 45 3 84 82 39 63 79 33 99 85 68 5
6 79 39 3 41 92 53 49 33 9 27 34 63 68 7 13 68 77 95 44 51 16 86 8 3 12 22 68 30 5
65 56 62 77 44 26 95 85 2 40 28 15 83 16 4 38 82 77 55 71 35 76 27 97 36 86 40 86 2 51
18 18 81 97 62 50 96 17 22 80 57 15 21 3 69 22 32 2 58 76 4 66 30 40 55 35 73 76 8 33
67 21 25 65 80 75 38 78 44 12 3 27 65 87 42 20 40 48 16 61 74 44 46 56 46 4 27 53 79 65
5 75 51 4 63 24 41 4 31 98 46 47 46 19 96 10 12 9 14 37 42 18 33 7 56 45 32 33 64 74
76 79 80 41 71 1 74 96 60 68 34 95 76 48 81 18 50 37 43 76 8 79 51 64 69 98 54 15 24 97
18 76 65 70 83 22 65 24 82 49 5 94 59 54 32 80 73 84 5 46 58 63 83 53 98 34 49 74 35 3
53 75 34 2 28 33 65 4 86 63 31 41 77 74 99 25 28 69 70 2 20 70 55 39 98 75 51 91 95 66
8 36 11 11 10 89 50 17 8 4 91 46 12 66 28 91 76 44 83 70 61 73 50 30 98 10 48 40 35 10
22 82 85 45 45 23 13 70 30 3 94 39 33 91 52 45 14 3 6 93 53 34 9 73 14 96 72 16 95 34
51 73 83 1 29 10 69 26 55 10 86 31 9 92 42 76 19 22 43 39 39 81 4 97 30 95 15 80 76 83
68 51 84 21 60 13 66 96 68 43 14 78 32 32 76 12 9 30 24 33 57 55 32 65 97 56 80 33 48 59
39 47 28 32 91 54 41 84 45 82 27 94 57 24 2 84 57 19 52 1 35 92 24 58 92 98 41 49 79 70
22 73 90 65 29 95 8 51 3 3 9 13 29 43 52 67 92 64 32 79 96 52 3 40 83 86 41 49 6 17
45 25 91 13 28 67 9 61 48 80 10 70 12 30 17 97 12 58 38 49 30 93 59 99 23 14 19 14 69 11
3 65 76 9 42 55 94 92 94 41 63 28 5 75 14 95 45 43 28 63 64 18 48 2 58 66 33 86 87 96
2 12 44 30 20 74 22 31 64 48 35 8 5 62 28 24 46 36 17 89 62 47 9 18 42 79 65 52 93 91
91 52 97 52 47 96 13 32 55 29 95 78 89 95 94 44 94 77 22 8 72 99 63 81 68 81 86 4 4 25
6 35 53 58 27 37 54 78 41 12 60 7 3 45 93 69 58 45 3 47 81 24 33 58 75 26 3 66 10 52
26 26 48 79 70 17 94 9 63 71 55 24 16 50 31 64 53 52 16 89 16 59 88 82 98 80 22 78 14 75
40 49 72 44 4 16 65 68 74 45 14 46 93 94 70 38 53 56 70 28 86 47 69 87 29 69 9 46 63 63
86 59 41 59 32 6 97 95 70 10 94 53 34 67 6 41 73 33 48 99 58 92 58 1 12 89 78 66 48 93
45 18 86 11 21 59 73 74 22 56 89 35 63 14 82 78 4 50 49 82 1 91 72 3 97 95 64 17 1 6
92 22 86 56 85 70 52 62 74 18 90 95 28 54 95 71 67 18 5 23 97 45 39 8 79 54 74 59 21 86
86 64 57 37 21 66 20 40 48 9 13 92 55 15 1 76 80 5 54 66 67 90 88 30 4 89 93 28 93 16
57 79 26 41 72 22 48 42 68 7 46 12 78 29 66 13 16 29 53 42 78 70 28 31 77 84 33 88 21 25
90 51 88 57 63 27 79 34 31 12 26 26 46 24 53 75 32 48 6 43 20 40 19 22 12 54 71 30 74 22
40 78 66 42 38 58 35 85 1 60 48 91 54 27 4 64 3 92 83 21 52 47 31 25 75 18 70 23 28 16
59 12 50 89 20 57 80 80 54 32 8 66 94 47 70 32 99 27 87 59 70 7 47 15 4 73 87 8 21 55
58 94 36 5 61 39 65 35 95 61 41 19 20 72 64 67 67 75 54 48 60 87 40 29 34 79 68 68 78 32
97 27 48 47 66 51 75 85 59 55 18 60 59 36 14 63 51 50 58 31 62 56 94 39 57 4 9 48 91 28
12 97 46 5 20 33 38 36 28 53 76 12 21 44 15 70 86 58 24 59 3 43 88 16 37 24 46 79 8 78
71 52 74 77 60 32 61 10 4 47 77 12 55 80 26 33 56 48 25 19 27 11 84 44 91 40 75 98 52 57
62 59 13 90 25 7 91 51 51 80 90 24 56 58 78 36 40 4 47 16 36 91 50 4 93 49 47 97 21 52
37 66 8 31 25 18 56 83 98 22 14 64 85 63 39 93 40 81 21 9 58 95 59 4 14 59 72 24 17 73
33 15 67 44 3 43 76 25 40 59 65 13 13 76 11 65 46 32 22 60 72 56 47 10 17 30 47 48 20 40
35 75 44 26 95 23 58 54 29 25 14 34 85 15 69 15 43 39 29 96 77 21 57 14 1 51 76 3 52 63
10 54 42 71 85 55 11 87 25 89 31 88 37 54 39 4 57 73 21 47 89 69 74 82 22 93 7 80 50 18
47 89 68 99 43 75 5 85 90 90 73 75 60 14 51 75 33 67 50 39 80 56 45 32 80 18 52 94 68 25
22 52 90 7 35 13 45 32 25 60 11 21 53 76 47 63 5 67 67 28 13 54 42 42 82 91 2 20 41 78
70 65 28 86 7 40 37 57 41 69 89 98 11 68 71 94 17 97 14 55 56 85 53 36 49 21 20 23 93 56
49 92 66 97 27 37 16 12 24 57 43 91 94 81 66 69 94 83 1 59 33 14 59 46 97 31 89 80 48 87
19 76 40 57 16 95 5 6 94 99 1 47 73 73 67 57 46 57 10 30 63 5 78 1 37 21 88 6 14 18
79 65 21 19 50 28 39 22 57 9 46 24 21 41 33 24 51 69 76 5 27 86 99 31 39 26 84 1 94 25

Demandas:
0 1 0 0 0 0
0 0 0 0 1 0
0 0 0 1 0 0
0 1 0 0 0 0
0 0 1 0 0 0
0 0 0 0 0 1
0 0 0 0 0 1
0 0 0 0 0 1
0 1 0 0 0 0
0 0 0 0 1 0
0 1 0 0 0 0
0 0 0 0 1 0
0 0 0 0 0 1
0 0 0 0 1 0
0 0 0 0 1 0
1 0 0 0 0 0
0 0 1 0 0 0
1 0 0 0 0 0
0 0 1 0 0 0
0 0 1 0 0 0
0 0 0 0 1 0
1 0 0 0 0 0
0 0 0 0 0 1
0 0 0 0 1 0
0 0 1 0 0 0
0 1 0 0 0 0
0 0 1 0 0 0
0 0 0 0 1 0
0 0 0 1 0 0
0 0 0 0 1 0
0 0 1 0 0 0
0 0 1 0 0 0
0 0 1 0 0 0
0 0 1 0 0 0
0 0 0 0 1 0
0 0 0 1 0 0
0 0 1 0 0 0
1 0 0 0 0 0
0 0 1 0 0 0
0 0 0 0 1 0
0 0 0 0 0 1
1 0 0 0 0 0
0 0 0 1 0 0
0 0 0 1 0 0
0 1 0 0 0 0
0 0 0 0 0 1
0 0 0 1 0 0
1 0 0 0 0 0
0 0 0 1 0 0
0 1 0 0 0 0
1 0 0 0 0 0
1 0 0 0 0 0
0 0 0 0 0 1
0 0 0 1 0 0
0 1 0 0 0 0
1 0 0 0 0 0
0 0 0 0 0 1
0 0 0 0 1 0
0 0 0 1 0 0
1 0 0 0 0 0
0 0 0 0 0 1
1 0 0 0 0 0
0 1 0 0 0 0
1 0 0 0 0 0
0 0 0 0 0 1
0 0 1 0 0 0
0 0 0 0 1 0
0 0 0 0 0 1
0 0 0 0 1 0
0 0 0 0 0 1
1 0 0 0 0 0
0 1 0 0 0 0
0 1 0 0 0 0
1 0 0 0 0 0
0 0 0 1 0 0
1 0 0 0 0 0
0 0 0 0 0 1
0 0 0 1 0 0
0 1 0 0 0 0
0 0 0 0 1 0
0 0 0 0 0 1
0 0 0 0 0 1
0 0 0 0 1 0
0 1 0 0 0 0
0 0 0 1 0 0
1 0 0 0 0 0
0 0 0 0 1 0
0 0 1 0 0 0
0 0 0 0 0 1
0 0 0 0 0 1
0 1 0 0 0 0
0 1 0 0 0 0
0 0 0 0 1 0
0 0 1 0 0 0
1 0 0 0 0 0
0 1 0 0 0 0
0 0 0 1 0 0
0 0 0 0 1 0
1 0 0 0 0 0
1 0 0 0 0 0

Capacidades:
4 1 0 3 4 1
1 2 2 4 0 2
0 4 3 4 0 3
0 0 1 1 1 1
2 0 4 3 0 1
3 4 0 3 0 1
0 2 3 3 2 0
3 2 0 4 0 2
4 2 1 4 4 2
4 3 4 4 0 2
3 1 3 3 2 3
0 0 0 1 1 3
2 0 0 3 1 4
4 4 3 3 0 3
2 1 0 2 1 3
2 1 3 4 0 3
4 1 4 4 4 1
4 4 2 3 0 3
4 1 1 2 1 2
3 0 0 2 2 1
1 2 0 1 1 3
3 3 4 2 1 0
0 3 4 2 3 3
2 4 4 4 2 3
0 4 1 1 3 1
3 4 1 1 1 1
3 0 0 1 0 0
4 0 4 2 2 0
4 1 0 4 0 1
4 2 0 2 2 2
