m: 100
n: 30
k: 8

Distancias:
84 17 76 99 89 88 10 31 12 18 55 7 10 49 41 38 64 99 45 57 11 74 55 77 6 35 26 92 19 41
95 26 77 55 93 59 16 39 75 93 24 57 56 42 68 54 17 10 39 18 2 27 76 16 81 4 19 38 68 27
33 68 99 61 16 52 36 35 84 60 34 79 27 65 67 23 19 8 16 30 84 20 90 66 45 14 51 8 18 60
91 46 1 75 48 95 17 35 41 50 21 72 61 34 85 9 63 48 60 54 68 35 8 11 24 95 60 36 29 62
59 36 26 98 84 93 11 47 57 10 30 80 69 6 73 56 34 10 84 21 28 88 53 2 4 31 22 76 87 92
13 31 77 46 31 58 13 26 53 73 21 21 11 8 46 22 4 94 80 55 89 68 38 73 8 63 48 69 18 69
10 82 91 48 71 33 26 63 50 48 14 98 24 30 4 33 20 2 3 78 80 64 12 53 52 79 75 83 54 16
14 62 29 49 95 9 60 16 99 88 25 11 38 21 83 17 17 66 5 17 84 27 66 22 62 87 35 7 47 59
28 13 77 42 88 53 53 86 82 10 84 55 88 88 47 83 50 21 56 58 49 54 74 71 7 60 87 99 45 70
23 39 1 12 19 73 80 62 80 88 65 35 90 24 48 8 51 27 41 85 40 40 54 50 47 9 33 30 82 57
97 41 75 32 1 49 20 52 47 14 32 45 71 73 95 59 73 5 95 89 20 76 14 21 24 45 33 67 74 82
51 65 67 19 42 12 6 6 7 29 43 54 67 95 34 8 97 30 84 90 9 4 23 97 29 17 70 75 16 10
20 84 77 13 27 69 23 23 36 47 68 89 96 76 99 97 15 82 17 63 54 83 54 63 89 27 22 29 56 80
39 67 57 29 28 16 9 28 93 54 58 6 56 96 76 7 81 96 49 59 81 14 83 7 89 84 41 85 86 71
53 9 71 74 98 37 17 88 19 29 48 91 20 93 97 76 1 8 72 14 9 84 4 60 84 36 88 42 83 35
62 23 27 81 16 99 40 26 7 38 34 67 61 48 85 15 91 87 27 74 79 34 68 16 38 27 9 33 71 94
78 95 55 1 19 50 82 22 35 49 74 20 13 13 27 1 59 97 24 13 58 26 42 69 88 99 37 61 54 59
46 36 57 17 85 93 83 97 51 19 46 38 95 44 96 45 84 16 64 64 97 4 23 28 21 65 56 50 90 90
64 99 23 30 39 4 82 35 80 16 42 15 37 87 11 60 3 66 74 68 89 69 45 29 59 73 75 34 39 4
32 76 32 44 29 21 91 74 90 79 94 76 99 42 6 71 43 75 87 30 62 7 14 67 31 32 9 58 91 51
33 8 79 78 7 66 60 76 40 27 24 49 18 17 50 73 57 7 34 56 54 23 98 30 38 17 63 31 22 64
57 8 87 35 97 57 98 92 43 64 52 91 59 27 87 42 91 56 1 47 27 55 89 29 99 96 15 65 24 55
17 37 24 12 1 19 76 9 97 17 73 94 25 83 25 52 1 91 54 95 96 39 17 16 19 75 7 8 23 78
55 68 74 31 70 23 30 50 47 69 15 9 37 63 69 47 63 45 6 36 48 36 31 72 81 32 66 15 69 22
3 62 93 18 13 29 59 63 23 57 64 2 91 53 58 35 29 27 37 39 2 4 21 83 60 79 97 99 65 19
30 38 14 61 90 45 11 37 66 55 61 95 13 71 62 39 39 99 55 65 77 54 12 17 72 75 12 72 83 90
48 67 12 71 95 60 77 72 27 36 34 73 91 8 2 99 82 21 85 62 85 16 70 99 1 36 70 43 62 19
3 11 5 20 50 14 72 62 5 38 53 20 85 49 18 86 97 68 51 9 16 50 3 33 63 33 66 55 15 19
98 74 21 1 11 80 72 68 27 94 56 88 47 62 94 57 45 54 88 71 90 74 21 88 65 65 67 21 1 75
48 88 19 19 88 96 4 31 55 16 50 92 53 61 63 49 48 38 49 16 45 92 4 97 83 43 71 46 65 70
66 81 33 80 62 20 75 7 81 3 82 16 49 42 30 82 73 59 2 88 80 79 57 64 34 64 14 56 50 76
71 78 93 97 18 87 61 27 59 90 7 7 26 29 29 18 82 43 86 16 78 56 69 38 12 22 86 64 35 17
22 88 98 7 20 39 21 4 92 68 42 60 39 36 66 35 48 25 16 93 85 50 66 77 67 37 30 49 46 53
60 79 8 1 89 73 40 80 38 84 44 14 20 32 54 55 32 45 59 12 39 42 97 80 61 43 31 54 62 45
61 76 10 1 19 78 17 40 64 90 8 69 1 43 8 41 94 23 5 98 36 59 50 89 56 52 21 16 15 39
2 63 28 95 82 5 70 35 42 30 25 82 13 93 19 68 35 29 85 6 6 64 94 30 53 67 56 67 99 74
51 49 3 1 22 82 35 70 8 43 51 90 37 50 24 32 21 12 85 60 33 60 75 53 24 7 34 78 57 75
21 30 45 83 21 48 12 7 81 17 54 83 86 98 36 96 15 36 28 66 32 16 92 54 67 43 12 89 57 11
95 84 1 15 97 55 87 12 98 51 71 12 87 11 45 85 89 1 5 38 53 8 25 10 8 18 24 6 43 21
98 23 32 70 32 22 96 88 21 43 2 69 68 41 91 8 3 20 45 38 49 21 91 45 35 96 89 53 2 51
6 49 26 61 28 35 6 83 72 5 46 81 40 74 92 53 52 2 44 50 59 69 55 80 82 77 70 35 91 45
41 39 3 97 16 13 9 76 63 90 10 71 99 34 97 9 49 19 5 34 96 4 78 96 92 25 98 82 49 73
46 51 68 78 45 35 35 29 81 69 92 65 72 95 98 44 57 90 40 54 76 92 68 54 5 22 11 94 62 96
21 28 79 53 75 93 81 45 79 45 65 46 40 29 47 63 32 24 60 13 95 26 28 98 71 62 35 90 93 51
8 90 41 73 14 11 31 50 31 90 5 28 88 7 5 94 25 79 70 91 73 5 14 63 84 42 7 83 55 15
23 41 80 92 59 96 48 56 68 71 22 20 55 37 66 19 58 48 97 93 86 30 73 79 4 2 95 71 6 22
93 96 10 97 28 95 56 96 29 96 38 62 92 99 82 58 67 55 5 63 13 37 64 48 5 34 79 39 48 72
78 86 18 92 19 76 38 17 44 45 23 79 19 89 6 31 99 2 10 97 6 64 16 57 54 62 27 92 62 2
39 85 34 57 97 48 38 36 64 61 79 98 83 8 23 37 66 7 59 51 12 4 12 96 27 95 29 14 22 95
27 4 54 48 14 47 99 29 98 20 89 79 25 90 54 94 18 45 10 42 39 16 83 63 41 29 61 32 67 19
92 38 12 75 19 32 61 7 1 23 57 57 54 64 57 91 49 71 23 16 2 8 96 62 31 24 90 40 80 51
92 39 6 82 31 97 50 34 75 74 62 54 63 58 11 4 37 39 2 70 22 6 48 24 36 50 30 15 93 92
77 60 29 51 65 24 65 1 11 68 2 12 40 77 66 15 63 98 26 67 3 73 80 6 57 13 39 12 61 64
91 48 18 13 88 88 45 48 67 77 77 48 75 87 68 35 3 61 54 24 12 78 32 94 98 95 15 59 49 57
82 47 19 22 97 21 41 47 64 11 49 94 72 57 78 29 19 27 8 88 14 25 40 64 28 4 9 19 48 3
23 54 60 7 40 50 40 13 39 13 96 77 51 22 17 24 33 88 3 79 46 74 64 4 19 13 98 95 97 81
38 64 3 67 15 28 32 65 46 76 6 78 82 86 72 35 82 1 75 56 87 98 3 93 28 48 55 56 72 87
10 74 69 95 91 51 55 87 55 49 88 50 66 33 20 23 96 68 43 69 42 6 10 42 59 19 48 22 82 51
53 85 13 75 1 52 83 13 24 78 21 28 36 3 99 93 17 17 23 2 58 62 82 62 14 43 48 61 9 80
58 83 92 24 92 72 36 8 98 45 89 58 91 1 79 47 92 10 9 38 15 66 7 27 41 55 68 30 95 32
95 77 91 52 57 52 37 62 36 75 53 38 60 93 6 36 47 31 76 26 61 20 43 89 61 7 24 79 96 91
18 60 4 84 42 11 54 79 68 24 15 41 92 85 54 93 35 61 14 90 91 99 65 71 6 15 79 86 88 32
39 54 5 99 6 13 25 38 41 1 89 24 77 55 23 20 95 39 38 21 18 13 99 1 46 56 86 11 49 92
35 6 16 96 43 87 30 69 17 32 52 48 19 87 65 92 15 27 67 70 54 78 43 63 83 15 36 33 42 60
59 51 99 84 60 92 75 76 26 29 28 19 56 58 26 50 87 26 57 18 11 99 25 43 99 1 15 13 57 8
89 76 45 29 59 66 71 53 34 45 76 94 73 4 83 84 44 78 19 17 55 66 11 40 50 26 89 58 34 45
52 30 67 77 38 52 95 18 76 81 55 4 23 94 5 85 25 97 60 90 99 55 6 2 24 10 12 30 37 66
66 71 62 78 43 59 46 82 87 97 2 83 80 74 81 43 88 58 52 18 29 5 99 91 97 1 55 1 13 41
96 31 63 42 14 13 13 49 45 26 8 3 10 8 62 49 7 37 98 92 24 67 1 97 57 33 16 78 1 78
40 37 78 80 15 54 1 60 58 24 73 11 4 50 64 98 83 85 29 7 94 82 69 78 18 16 78 47 41 41
70 72 47 94 9 29 76 76 41 21 32 68 76 33 32 70 23 45 9 21 74 79 34 1 99 13 42 35 72 76
61 90 89 15 46 90 31 76 73 55 63 3 26 30 1 39 6 40 30 39 56 45 9 88 22 82 95 22 20 39
46 10 54 60 85 66 81 79 10 38 41 60 4 24 89 38 65 94 99 22 40 3 14 9 10 94 6 75 66 20
35 28 53 64 92 34 55 85 53 10 77 96 19 59 98 72 64 74 3 90 69 43 3 36 70 12 59 11 24 97
4 6 18 69 3 43 17 3 14 73 70 79 28 92 47 49 24 81 59 40 36 42 23 73 31 30 9 54 89 37
70 58 2 95 76 58 41 11 62 26 92 50 71 95 82 65 32 79 58 5 90 79 7 50 99 87 40 39 29 95
47 73 82 79 34 84 7 31 4 75 48 64 50 89 72 52 42 72 65 54 29 77 20 79 83 68 64 5 45 39
7 71 42 24 21 1 40 43 55 35 83 1 28 88 68 90 97 88 36 16 58 98 19 38 5 86 82 7 35 13
10 68 40 63 19 32 75 41 5 79 37 3 90 28 30 70 76 12 27 72 8 38 67 22 51 94 93 62 2 74
28 1 73 16 1 96 47 46 20 79 44 24 91 99 94 75 38 96 59 57 30 9 19 20 88 29 40 35 75 96
55 67 66 53 15 65 89 80 24 53 92 89 15 32 23 5 92 6 11 4 18 82 42 87 88 8 13 49 60 58
3 4 81 19 84 95 67 88 85 40 58 2 22 41 74 3 47 64 9 26 33 32 4 3 87 91 49 50 56 68
71 65 2 88 23 52 41 85 25 7 82 92 62 87 37 79 3 16 65 57 70 89 93 45 17 8 35 27 67 96
95 48 94 21 60 93 47 99 58 45 32 48 48 93 40 52 25 26 13 46 60 85 7 60 60 29 83 38 19 66
60 85 35 67 52 49 18 12 91 68 28 26 91 40 45 71 30 72 92 11 97 17 50 91 36 46 95 10 36 61
70 20 95 5 6 85 66 70 64 46 72 98 73 54 82 39 76 14 50 69 82 92 11 2 95 64 1 12 82 67
32 14 17 84 93 67 83 56 21 78 67 72 93 38 18 73 52 70 22 27 72 33 86 50 87 69 12 38 29 55
64 29 89 50 32 7 7 86 49 72 24 3 52 80 57 63 7 67 24 19 90 72 39 3 54 49 98 74 42 58
38 68 72 57 20 42 44 96 34 67 83 84 51 71 10 91 64 23 68 30 56 31 45 46 60 52 80 71 95 17
63 47 4 47 13 31 74 33 15 95 50 33 61 17 99 19 36 19 88 5 46 45 57 40 67 43 21 70 50 53
40 53 2 24 3 80 85 98 62 47 91 50 82 52 91 62 3 72 40 59 60 71 5 54 91 47 6 14 29 61
89 65 81 99 21 3 30 66 76 85 82 65 28 37 79 49 5 38 39 34 94 25 96 16 69 34 34 8 65 43
59 63 89 22 15 1 74 41 4 45 87 45 90 1 51 52 99 47 74 70 48 68 62 75 31 48 18 4 99 54
79 1 52 37 66 8 10 77 39 64 1 68 59 35 76 88 59 61 65 17 10 83 10 91 45 37 78 46 66 18
94 97 96 41 3 56 65 38 24 30 51 23 94 68 9 8 53 27 9 51 35 21 80 14 96 64 24 7 9 79
59 50 58 84 30 24 13 87 88 22 47 66 64 61 48 8 99 51 89 13 65 26 32 35 79 36 45 41 75 3
26 92 73 86 84 66 39 33 57 57 90 7 93 78 10 59 49 57 1 34 20 68 14 35 92 45 11 30 75 59
7 85 30 54 5 8 61 18 43 24 10 70 9 21 98 70 40 80 97 80 8 92 34 39 23 67 8 17 83 99
84 33 56 56 30 7 21 8 36 64 12 61 67 60 49 24 63 81 9 35 71 13 31 32 23 72 5 86 81 31
68 12 65 63 31 38 15 13 4 72 68 5 64 15 70 39 7 47 49 53 39 96 50 59 74 85 55 49 82 90

Demandas:
0 0 0 0 0 1 0 0
0 0 0 0 1 0 0 0
0 0 0 0 0 1 0 0
0 1 0 0 0 0 0 0
0 0 0 0 0 1 0 0
0 0 0 0 0 0 0 1
0 1 0 0 0 0 0 0
1 0 0 0 0 0 0 0
0 0 0 0 0 0 1 0
0 0 0 0 0 0 0 1
1 0 0 0 0 0 0 0
1 0 0 0 0 0 0 0
0 0 0 0 0 0 0 1
0 0 1 0 0 0 0 0
0 1 0 0 0 0 0 0
1 0 0 0 0 0 0 0
0 0 0 0 0 0 0 1
0 0 0 0 0 0 0 1
0 0 0 0 0 0 0 1
1 0 0 0 0 0 0 0
0 0 0 0 0 1 0 0
0 0 1 0 0 0 0 0
0 0 0 0 0 1 0 0
0 0 1 0 0 0 0 0
0 0 0 0 1 0 0 0
0 1 0 0 0 0 0 0
1 0 0 0 0 0 0 0
0 0 0 0 0 0 0 1
0 0 0 1 0 0 0 0
0 0 0 0 0 0 0 1
0 0 0 1 0 0 0 0
0 1 0 0 0 0 0 0
0 0 0 1 0 0 0 0
0 1 0 0 0 0 0 0
0 0 0 1 0 0 0 0
0 0 0 1 0 0 0 0
0 0 0 0 0 0 1 0
0 0 0 0 1 0 0 0
0 0 0 0 0 0 1 0
0 0 0 1 0 0 0 0
0 0 0 0 0 0 0 1
0 0 0 0 0 0 1 0
0 0 0 0 1 0 0 0
0 0 1 0 0 0 0 0
1 0 0 0 0 0 0 0
0 0 0 0 1 0 0 0
0 1 0 0 0 0 0 0
0 0 0 0 0 1 0 0
0 0 0 0 0 0 0 1
1 0 0 0 0 0 0 0
0 0 0 0 0 0 0 1
0 0 0 0 0 0 1 0
0 0 0 1 0 0 0 0
0 0 0 0 0 1 0 0
0 1 0 0 0 0 0 0
0 0 0 0 0 0 0 1
0 0 0 0 0 0 1 0
0 0 0 0 1 0 0 0
0 0 0 1 0 0 0 0
0 1 0 0 0 0 0 0
1 0 0 0 0 0 0 0
0 0 0 0 0 1 0 0
0 0 0 0 1 0 0 0
0 0 0 0 1 0 0 0
0 0 0 1 0 0 0 0
1 0 0 0 0 0 0 0
0 0 0 0 0 1 0 0
0 0 0 1 0 0 0 0
0 0 0 0 0 1 0 0
0 0 0 0 1 0 0 0
0 0 1 0 0 0 0 0
0 0 0 1 0 0 0 0
0 0 1 0 0 0 0 0
0 0 0 0 0 1 0 0
0 0 0 0 0 0 0 1
0 0 0 0 0 1 0 0
0 0 0 0 0 0 0 1
0 0 0 0 0 1 0 0
0 0 0 0 1 0 0 0
0 0 0 0 0 1 0 0
0 0 0 0 0 0 1 0
0 0 1 0 0 0 0 0
0 0 1 0 0 0 0 0
0 0 0 0 0 0 1 0
0 0 0 1 0 0 0 0
0 0 0 0 0 1 0 0
0 0 0 0 0 1 0 0
1 0 0 0 0 0 0 0
0 0 1 0 0 0 0 0
0 0 0 0 1 0 0 0
0 0 0 1 0 0 0 0
0 0 0 0 0 0 0 1
0 1 0 0 0 0 0 0
0 1 0 0 0 0 0 0
1 0 0 0 0 0 0 0
0 0 0 1 0 0 0 0
1 0 0 0 0 0 0 0
0 0 0 0 0 0 0 1
0 0 0 0 0 1 0 0
0 0 1 0 0 0 0 0

Capacidades:
4 4 3 2 0 1 0 0
4 2 1 3 1 1 0 2
1 2 2 2 4 4 1 3
4 0 2 1 2 1 2 4
4 0 1 3 0 0 1 0
4 0 4 0 0 0 0 3
2 0 2 3 1 1 1 1
4 4 1 0 3 4 2 4
3 2 0 3 2 1 1 3
0 2 2 3 4 4 3 0
0 2 0 3 3 4 3 4
4 0 3 4 0 0 3 2
2 3 2 4 3 4 0 3
3 0 4 3 2 3 0 4
0 3 0 4 0 4 2 4
3 4 3 3 0 4 1 3
0 2 1 0 0 4 1 4
2 1 4 0 2 4 0 4
2 1 1 1 0 4 4 2
2 4 0 1 4 1 1 3
1 3 3 4 1 4 3 0
3 4 0 1 3 2 2 3
0 3 3 4 2 2 4 1
4 1 4 1 3 1 4 3
0 2 2 3 4 4 3 1
0 4 2 0 0 4 2 3
0 0 3 0 3 2 0 2
3 4 3 3 2 2 0 3
3 3 3 1 2 2 2 3
2 4 2 4 1 1 2 3
