m: 250
n: 50
k: 7

Distancias:
20 98 5 30 99 62 42 47 98 95 24 43 1 42 10 98 80 67 80 84 32 48 93 32 3 21 71 38 15 1 60 12 38 35 88 57 63 30 62 43 60 73 25 82 74 70 25 78 68 55
41 47 18 44 54 61 31 64 98 63 33 35 5 14 35 71 68 97 21 91 90 97 50 5 94 75 34 9 65 14 44 82 89 1 52 97 74 1 27 70 41 25 31 66 93 97 70 37 37 89
38 16 30 54 47 5 15 70 5 19 16 68 48 75 74 63 77 53 46 10 97 52 13 48 7 39 83 63 57 55 46 86 48 8 86 44 85 52 3 26 63 20 76 74 2 1 45 38 82 95
28 33 76 30 19 11 30 43 37 78 96 92 47 9 37 6 99 66 31 32 86 56 31 3 5 9 37 81 57 76 20 41 59 60 60 2 96 17 2 78 53 47 21 62 19 86 31 8 81 10
97 6 79 38 17 20 81 5 92 47 76 34 68 63 13 19 94 75 28 62 64 61 22 53 8 11 71 54 70 90 31 12 5 34 31 87 21 75 39 65 38 66 28 76 80 49 79 5 22 39
37 37 15 4 10 56 51 87 56 90 87 66 55 39 34 36 8 30 36 23 53 84 24 24 42 58 51 79 81 99 46 43 14 29 79 93 8 43 74 46 67 85 48 95 65 70 45 50 94 7
5 53 39 16 39 2 50 8 57 66 46 89 78 29 36 75 92 83 63 34 78 33 85 77 19 61 86 53 9 53 88 42 93 69 89 74 87 59 99 66 68 32 95 82 51 1 48 30 41 56
74 68 34 56 90 65 46 15 13 7 69 12 90 60 10 33 60 7 34 22 50 11 29 7 40 38 50 60 51 54 81 22 21 37 31 5 42 57 53 22 92 65 92 35 27 91 83 45 76 69
6 20 43 89 56 22 38 10 81 42 31 54 77 51 27 53 23 59 9 6 81 22 85 44 36 46 87 72 96 82 27 29 39 28 90 3 99 74 70 2 22 51 67 83 69 45 47 54 14 2
60 36 43 96 52 15 52 94 3 58 75 60 68 42 28 24 38 96 37 29 87 34 54 44 26 8 22 98 70 43 70 28 92 72 23 73 70 78 16 27 60 24 16 73 78 21 67 51 33 71
43 20 61 5 14 87 70 95 77 16 4 13 7 54 11 29 41 3 77 44 28 66 39 87 64 2 4 95 90 34 25 39 15 30 77 34 17 71 50 39 24 53 49 87 24 80 95 41 4 61
65 22 42 71 66 94 43 43 73 23 89 3 95 10 39 13 79 3 56 10 62 76 47 99 55 49 69 91 84 48 13 18 9 10 87 6 13 78 55 85 42 1 20 96 17 10 5 70 52 9
13 80 18 18 45 59 75 44 36 56 9 32 71 97 53 52 43 59 6 54 53 76 77 5 24 74 69 1 74 21 52 72 75 93 30 78 2 89 15 44 30 93 18 87 24 10 93 81 63 59
64 23 34 60 27 24 9 32 5 46 90 78 38 36 5 14 23 21 48 28 99 64 82 20 25 62 83 78 40 49 36 11 87 91 21 44 67 17 45 28 13 7 90 24 62 3 56 78 71 11
53 58 83 71 69 20 76 73 42 81 2 83 20 28 19 17 28 82 8 7 92 67 12 55 93 6 2 31 61 43 73 55 12 51 35 95 21 56 17 97 65 94 28 8 17 34 53 98 37 34
54 59 27 46 61 98 91 66 11 23 87 8 96 30 71 45 92 94 44 14 22 48 50 34 8 19 6 16 65 35 51 12 30 54 77 1 1 42 6 21 10 71 54 46 72 58 65 68 81 98
57 15 25 16 38 22 14 69 59 8 10 13 11 80 63 60 61 83 61 83 48 24 28 61 32 30 68 70 1 24 71 23 8 43 58 31 62 81 63 29 13 70 31 42 25 52 65 89 2 80
7 73 81 62 10 11 43 48 60 97 44 82 51 82 60 79 60 97 54 51 35 28 45 24 5 92 92 30 28 69 68 11 27 81 58 85 8 31 79 30 32 65 25 62 6 65 45 86 33 67
76 92 77 62 99 15 42 1 79 42 19 25 22 97 58 21 52 67 74 66 45 84 38 42 43 29 10 36 34 9 99 79 73 35 30 14 22 59 93 72 24 95 52 37 2 41 18 44 99 49
70 74 63 27 99 69 60 97 71 11 7 29 69 43 10 95 35 7 11 74 71 73 98 57 55 28 5 19 77 51 8 35 44 28 42 85 85 51 7 84 45 22 26 87 16 63 68 74 56 70
33 67 27 2 27 19 99 8 25 65 1 8 7 33 56 33 85 32 67 61 83 57 66 31 40 30 6 14 55 65 80 52 11 47 33 51 59 56 55 98 18 58 93 88 25 22 5 16 88 63
81 75 20 96 26 31 49 99 48 95 80 71 40 74 77 74 74 27 50 99 74 58 32 24 37 22 13 23 53 69 83 2 43 65 13 82 26 97 55 48 95 66 96 53 57 63 94 72 79 40
12 90 44 13 93 23 10 37 74 30 12 70 33 26 47 45 30 20 33 61 54 90 27 71 74 93 25 84 50 66 19 21 12 36 90 61 61 46 65 20 89 4 41 83 23 41 50 69 8 16
72 4 60 76 7 18 82 17 71 95 27 93 79 53 88 87 24 24 55 37 65 81 17 1 82 26 14 57 24 92 65 51 17 38 91 35 98 13 22 19 24 22 85 33 2 47 75 65 25 93
84 63 98 33 79 74 73 11 54 66 29 63 25 13 52 68 99 75 12 68 3 41 87 30 54 29 80 18 87 44 22 20 13 73 83 1 7 90 95 28 78 59 70 64 29 6 98 28 65 69
89 68 61 42 65 58 64 81 60 43 71 84 84 23 28 43 83 14 52 17 59 52 26 55 84 35 5 78 52 55 24 86 81 85 86 2 34 31 75 26 7 94 97 7 64 8 57 81 60 40
11 59 24 34 67 76 44 66 49 19 15 14 79 5 56 58 53 98 49 49 86 11 76 7 83 28 25 15 31 27 62 73 88 52 56 99 66 90 72 46 78 88 24 58 31 53 51 12 82 85
46 90 21 61 36 75 15 76 22 75 63 20 59 15 97 75 86 61 37 81 83 35 4 7 70 18 92 73 37 36 39 99 71 59 49 6 23 73 66 23 46 11 89 71 50 29 24 27 23 51
4 29 63 66 74 89 62 23 90 31 3 10 3 13 50 44 46 21 17 19 47 43 66 94 63 49 4 55 88 69 15 80 44 80 85 39 43 76 28 15 45 21 95 75 56 2 22 45 10 39
31 99 73 25 17 40 25 3 12 39 1 89 85 5 65 7 46 74 53 21 68 4 40 2 62 77 61 37 35 23 7 41 61 33 2 63 33 32 34 19 10 58 80 5 15 64 11 17 63 53
82 53 9 61 26 25 65 61 20 97 96 86 97 9 63 44 71 67 99 88 66 63 49 87 32 57 59 86 10 93 24 15 73 26 11 66 80 13 48 73 20 88 5 99 92 30 83 79 46 20
92 35 22 42 70 40 55 1 23 98 11 12 96 36 63 8 30 75 52 73 94 73 6 59 62 21 82 36 73 17 39 73 13 88 94 76 98 97 60 2 91 94 18 55 69 71 99 72 29 67
9 54 12 36 6 84 97 83 49 30 20 63 29 94 91 78 88 47 30 33 4 2 43 42 63 56 43 2 24 1 73 90 58 39 52 2 50 7 74 8 33 69 44 51 55 2 9 20 32 68
92 6 96 27 97 68 33 55 20 34 89 71 80 76 85 94 68 61 16 2 73 92 57 22 52 55 24 85 96 38 40 26 83 70 19 34 84 43 1 42 78 54 36 6 59 59 29 56 57 53
37 39 10 36 22 62 38 35 71 76 13 70 30 62 49 85 93 98 98 86 74 47 57 39 37 63 38 26 33 87 20 87 76 10 15 23 31 48 71 36 94 46 91 33 30 83 77 42 54 89
59 30 49 93 93 7 95 68 86 46 78 81 99 2 5 85 70 83 35 47 50 77 29 99 35 63 12 35 30 49 81 97 51 50 67 10 22 4 96 6 99 15 34 82 91 61 5 91 52 33
75 60 54 92 41 68 20 83 92 64 36 57 78 50 98 55 28 61 48 39 10 12 19 96 57 21 39 26 72 63 25 52 42 96 52 94 93 46 66 10 77 67 6 75 50 13 36 57 51 41
76 9 83 76 6 32 40 97 60 44 93 4 81 70 18 80 95 6 50 72 55 80 89 42 93 42 11 66 98 21 82 8 23 66 45 86 32 85 1 98 10 35 71 99 40 17 43 86 32 27
31 8 43 45 10 3 89 27 60 54 51 15 54 72 86 59 68 79 70 25 16 87 44 19 95 36 28 63 34 70 66 66 59 65 30 43 80 50 3 35 79 39 57 71 44 99 8 76 81 25
33 64 83 36 27 1 93 84 88 79 22 13 49 88 70 8 11 55 42 11 4 16 35 9 20 7 92 16 61 23 52 80 14 66 88 94 4 23 42 78 51 91 92 5 38 5 79 78 69 52
76 51 55 24 21 13 82 59 61 42 67 33 16 51 76 48 15 21 30 86 9 30 40 25 28 29 85 80 41 27 28 64 40 16 36 55 67 82 8 15 37 71 1 82 20 29 19 55 86 77
22 80 51 51 64 8 88 32 31 19 54 95 80 29 21 83 67 39 50 81 87 36 56 17 85 7 15 24 99 73 46 8 45 63 24 50 15 90 97 48 76 69 6 10 76 7 36 43 95 91
83 54 74 27 43 78 28 96 31 36 63 6 80 61 15 12 76 91 2 55 42 58 66 76 74 8 65 66 18 16 91 28 70 48 54 37 65 70 30 86 14 91 37 48 50 62 85 75 99 36
17 23 53 58 11 43 26 36 89 67 12 83 15 35 75 81 73 74 86 61 87 68 78 77 24 10 12 24 17 5 67 14 20 82 15 23 2 75 28 35 59 44 65 49 92 43 30 19 71 36
19 9 43 4 12 96 70 16 98 88 61 10 53 70 67 8 42 50 39 47 96 8 66 97 49 53 70 18 50 75 43 75 12 78 53 22 69 40 66 39 70 8 77 83 33 22 95 62 33 96
55 81 77 66 13 51 44 4 84 30 7 42 49 67 45 61 22 7 8 14 8 82 71 38 83 13 92 70 85 66 12 16 48 99 32 86 35 67 63 31 87 42 64 53 10 17 62 69 36 68
93 83 77 38 33 70 47 58 27 81 41 98 5 59 19 56 46 50 84 17 2 13 84 95 30 19 38 48 60 17 97 63 22 94 56 14 49 34 81 89 50 93 14 82 47 92 83 68 19 91
65 13 56 69 73 40 18 31 4 94 30 12 4 56 14 78 96 70 45 66 27 77 99 12 61 81 56 3 69 44 2 25 77 48 86 13 93 21 15 24 69 10 12 53 88 88 65 27 16 98
75 76 36 28 86 35 26 55 85 88 60 76 11 97 40 79 14 26 97 41 89 86 59 54 73 55 84 91 47 53 40 63 30 57 18 67 5 87 16 9 16 50 18 21 20 6 26 34 69 76
79 19 19 24 92 4 87 86 93 27 55 73 5 61 29 73 9 14 64 32 60 42 16 94 31 19 3 43 22 37 74 65 93 62 35 77 24 21 25 56 39 28 36 70 5 92 43 30 67 40
32 14 91 70 26 6 19 51 68 41 10 47 14 94 69 89 97 27 62 26 55 1 89 99 22 14 65 54 55 42 50 18 91 82 49 62 27 70 33 31 25 90 72 19 10 68 39 85 79 59
56 77 26 50 12 85 93 26 35 79 9 1 88 46 24 78 19 13 12 89 91 65 12 5 34 65 96 63 55 53 27 11 5 11 99 56 28 16 74 46 61 95 61 31 17 62 85 80 52 18
60 83 84 79 62 2 11 15 32 71 5 85 52 14 19 29 4 11 60 96 65 42 76 36 38 65 37 21 29 89 25 60 42 86 98 15 10 93 15 69 30 71 16 77 59 40 41 63 10 73
77 89 56 4 91 29 60 15 57 23 13 4 85 51 18 18 32 22 76 99 43 79 38 26 25 27 42 21 51 21 89 52 35 13 65 34 79 43 4 93 17 80 75 10 93 61 70 51 70 43
64 2 37 64 68 68 4 69 30 92 2 98 38 84 87 88 1 15 72 2 27 42 86 32 57 38 4 76 99 47 32 95 19 3 7 85 46 16 32 58 34 25 20 56 23 94 74 61 31 6
36 6 26 71 12 18 67 7 1 1 18 39 43 66 78 43 39 76 83 40 26 50 97 3 13 31 67 85 99 79 39 74 93 3 15 83 91 87 47 82 48 90 95 58 23 52 83 14 62 28
44 91 94 41 93 48 56 70 27 1 5 82 12 41 79 46 43 97 64 29 32 22 1 89 94 86 69 58 51 56 82 97 12 80 29 91 96 37 18 48 61 77 73 17 13 74 17 4 3 43
27 27 53 10 24 13 94 30 70 87 47 59 47 96 13 47 76 89 96 97 74 26 4 56 73 35 14 16 47 73 77 39 85 8 24 69 90 10 14 99 53 81 53 9 43 57 6 13 56 25
92 55 66 87 22 30 31 22 93 75 88 30 18 3 56 31 76 1 56 87 36 88 88 10 93 57 16 48 91 20 64 28 90 30 47 73 99 93 19 71 57 87 33 39 85 36 8 97 97 88
36 20 21 48 19 63 37 51 14 33 72 53 70 41 99 86 46 34 39 26 68 52 52 32 79 94 66 27 89 24 57 69 83 46 5 10 7 64 89 23 91 11 32 16 67 96 30 5 38 59
31 99 86 42 73 46 76 3 72 54 66 86 9 17 57 78 4 67 62 49 31 6 81 98 6 25 14 83 18 57 84 32 36 55 86 74 7 90 54 22 29 81 13 69 84 91 34 65 63 95
80 45 76 26 24 8 54 76 25 42 31 19 23 85 39 49 29 58 62 55 76 17 13 33 52 12 99 4 18 67 72 94 65 30 23 84 42 3 45 64 48 46 38 73 17 59 44 13 50 21
94 14 91 96 26 81 99 80 65 96 33 6 75 60 22 92 21 52 13 4 76 27 60 73 69 3 49 41 30 67 45 4 69 98 50 76 70 65 50 94 68 18 77 50 51 96 88 94 67 50
58 80 58 71 12 21 61 7 18 86 64 47 90 52 18 1 4 35 45 59 95 35 5 6 66 87 24 55 79 59 50 4 48 95 3 73 58 92 45 34 49 37 47 42 78 32 61 91 81 42
88 39 28 15 59 71 83 28 96 40 29 16 14 75 87 82 6 30 34 88 59 55 36 62 76 96 31 29 78 14 35 99 80 24 63 6 13 67 57 58 50 2 64 88 94 96 53 27 95 99
72 78 86 32 97 36 56 63 28 31 89 63 6 13 23 73 85 62 5 55 74 75 24 84 90 7 51 12 39 79 86 53 16 43 85 58 34 3 25 2 25 14 21 88 15 42 50 1 23 71
97 73 43 50 7 65 34 82 64 38 96 62 1 12 81 79 88 91 2 53 97 41 5 50 29 83 48 6 57 97 53 99 82 80 27 66 90 19 20 82 87 74 54 81 40 24 64 87 87 88
47 80 27 69 55 88 48 75 88 54 94 4 40 20 8 34 38 46 1 63 81 26 1 26 19 36 31 90 82 93 70 57 83 66 56 12 11 71 31 58 36 43 14 84 78 1 23 93 16 48
61 28 80 6 77 63 63 5 34 83 98 9 76 34 80 35 32 29 72 34 7 59 13 50 60 17 79 77 39 84 84 32 18 81 78 85 73 91 16 75 62 97 74 4 50 91 13 53 11 91
4 71 91 25 31 1 2 57 3 33 2 11 64 48 55 5 33 52 28 59 12 28 85 70 11 52 66 30 26 88 92 44 97 56 60 7 15 8 19 44 26 99 88 58 61 88 91 29 49 70
19 58 33 4 74 77 48 60 44 85 21 11 72 88 48 91 5 21 71 30 2 47 4 13 78 22 56 96 47 84 56 30 65 14 86 23 18 29 8 74 4 43 80 2 32 75 76 19 32 17
42 63 10 58 35 38 58 52 74 26 34 78 24 75 96 66 46 98 25 69 74 55 5 71 81 36 20 21 8 92 34 47 21 52 86 95 89 37 84 87 93 3 97 98 78 61 11 46 11 26
45 56 57 50 38 45 17 97 75 30 67 76 80 77 94 74 11 63 37 50 51 5 54 81 51 83 84 82 69 39 55 88 1 31 23 92 56 42 30 87 19 99 48 90 47 49 58 64 3 41
8 31 9 20 95 13 24 40 40 32 61 49 77 82 63 89 15 37 63 97 49 49 16 55 70 31 55 86 31 90 51 23 79 21 98 37 51 24 33 21 44 59 3 92 62 65 79 89 14 97
34 47 13 5 67 38 55 84 53 58 97 68 28 85 92 10 73 61 94 46 56 78 27 48 91 19 98 2 17 41 80 95 66 35 9 49 35 1 16 61 66 62 79 90 69 24 30 73 33 86
79 51 47 34 99 22 23 61 5 37 14 34 25 66 23 69 86 12 60 41 62 98 2 82 14 68 96 26 43 58 36 73 15 54 70 53 76 80 9 21 72 41 46 34 46 90 63 41 36 94
37 79 94 44 70 38 52 53 28 26 71 89 65 68 46 72 25 61 94 80 39 17 93 53 60 4 43 83 53 48 46 22 70 9 37 83 72 91 43 4 64 11 1 74 82 57 29 11 7 67
98 75 52 83 30 67 61 50 65 5 19 93 69 72 8 7 73 28 58 51 12 44 14 29 84 96 54 47 98 34 80 26 54 45 78 29 36 26 99 64 28 23 43 40 24 39 14 58 27 81
59 26 90 5 51 31 40 32 6 36 45 86 26 76 51 17 93 68 43 91 56 19 18 82 31 71 61 71 93 7 31 98 84 86 21 91 69 71 22 95 96 28 29 34 1 61 51 70 96 1
56 96 25 25 78 92 39 24 15 99 17 90 38 92 55 32 74 1 58 32 81 47 36 44 36 99 89 18 51 44 44 53 78 65 12 53 89 30 72 8 10 24 57 24 22 39 99 18 2 99
49 62 1 26 36 3 75 24 30 14 22 76 83 14 39 64 28 29 34 33 37 50 96 43 44 34 87 20 3 15 34 88 51 92 59 32 20 94 13 60 4 90 14 42 78 70 45 5 7 14
40 81 15 67 6 31 10 75 35 71 52 76 26 63 60 52 97 74 25 65 87 28 52 91 75 17 90 52 40 30 65 22 54 36 80 24 57 84 22 49 9 54 73 58 27 68 28 21 16 21
10 68 92 89 88 11 85 51 57 11 12 7 44 41 41 83 52 72 26 46 3 25 56 81 42 26 84 43 32 69 75 59 65 28 89 7 36 7 36 24 88 32 91 95 6 56 90 19 14 65
67 95 96 42 53 66 12 84 85 71 26 58 95 51 81 97 94 28 47 97 13 25 66 62 27 76 77 12 37 54 40 85 31 60 63 44 3 74 64 63 95 13 21 74 39 17 9 56 94 92
82 58 80 69 85 85 4 45 5 75 40 96 74 73 97 41 99 39 20 83 90 41 62 53 60 48 41 8 75 71 66 46 85 93 50 59 15 55 21 12 78 27 63 6 53 17 80 85 23 68
37 36 73 82 49 20 5 88 33 85 38 75 35 23 77 39 19 27 43 19 95 33 39 34 47 98 91 33 68 37 44 37 61 11 2 46 89 2 91 45 54 22 30 46 80 31 56 56 55 64
16 92 41 39 55 16 41 40 77 59 17 67 44 19 52 68 34 90 87 84 62 3 98 15 37 55 44 24 49 8 40 55 26 81 70 48 36 25 84 25 76 63 80 50 2 73 29 81 61 95
4 12 59 50 5 11 52 13 9 17 47 61 14 90 80 92 80 94 2 3 21 35 70 63 96 85 66 41 49 81 3 85 77 69 21 24 56 48 11 13 11 20 97 63 30 52 39 76 50 58
26 11 92 75 68 90 5 30 58 63 64 21 57 93 38 22 25 34 11 11 98 12 69 56 7 40 37 90 37 26 71 51 83 45 62 19 50 23 60 78 98 82 11 50 8 39 51 60 43 76
66 21 6 16 72 85 63 7 16 29 37 73 94 82 48 83 43 65 59 68 77 54 80 61 59 89 33 78 29 44 11 38 41 47 2 7 84 34 96 20 35 75 94 13 92 24 8 85 95 67
54 66 95 22 60 6 15 10 86 95 98 25 88 19 76 59 91 5 19 35 11 49 6 64 49 99 32 52 10 57 85 33 51 43 4 58 3 61 22 82 6 77 13 8 71 54 61 20 43 59
41 24 5 65 33 1 54 63 80 84 52 28 43 14 90 17 98 93 10 72 56 20 69 98 26 41 59 21 19 50 83 36 10 84 5 81 39 71 25 37 16 97 23 46 24 55 71 74 40 45
39 9 2 92 89 80 4 32 19 41 70 50 37 28 56 46 88 37 50 31 39 25 25 61 75 95 15 71 65 12 51 6 89 15 10 64 98 98 61 12 55 63 63 53 95 5 77 41 17 20
25 99 15 54 60 71 20 55 59 25 78 30 80 91 51 28 49 31 68 31 2 5 47 15 27 60 47 4 27 37 65 89 41 97 1 52 55 22 32 56 35 13 25 47 73 50 89 26 4 91
91 44 94 57 83 15 15 64 7 47 33 18 96 22 85 97 78 70 90 83 72 16 10 84 23 96 18 63 93 25 44 37 12 15 93 92 72 16 58 27 40 45 93 89 54 4 37 36 12 1
22 63 12 52 74 31 58 86 83 85 90 66 71 19 54 37 4 85 6 58 9 85 49 8 77 60 65 1 39 78 3 91 13 82 38 71 69 79 19 78 46 99 80 6 11 27 67 87 42 41
7 97 91 92 62 75 53 72 55 55 31 45 19 43 80 1 30 75 92 96 83 93 84 16 43 15 6 15 92 78 26 11 63 14 18 3 88 43 87 1 46 37 61 74 51 34 72 61 3 59
98 8 37 17 41 14 40 79 39 40 50 71 22 7 41 24 8 36 47 21 89 49 64 16 96 88 38 90 32 75 92 40 95 20 92 7 56 13 81 91 2 98 52 59 69 79 80 89 20 33
32 13 54 39 93 13 81 12 41 99 83 12 86 78 44 56 42 35 47 74 11 9 78 40 92 63 41 71 69 66 48 47 97 51 45 61 18 42 10 24 49 10 43 22 21 18 12 89 21 85
78 28 85 87 74 64 10 14 5 70 4 23 91 52 53 32 3 39 79 53 51 49 83 97 94 47 20 91 84 81 83 16 59 55 93 41 33 85 8 60 20 96 19 7 90 6 86 34 52 78
40 62 48 25 73 41 3 69 2 61 23 62 25 60 5 76 58 59 77 57 24 52 27 61 93 84 42 76 76 16 41 97 77 83 57 37 70 1 43 72 22 61 37 80 34 50 19 82 85 59
41 18 4 37 82 88 78 96 40 24 76 47 51 7 41 79 4 35 84 77 29 72 63 27 42 36 7 83 12 17 82 55 5 85 94 70 89 62 87 7 57 70 34 17 88 69 91 66 73 54
64 3 38 93 58 65 46 85 55 94 72 73 41 96 46 91 46 61 32 95 50 64 5 83 71 27 54 95 63 14 53 69 97 85 34 80 46 60 72 28 67 33 13 89 13 83 75 39 15 61
52 93 9 13 60 19 25 77 52 46 35 27 30 25 72 5 1 32 64 18 83 55 49 90 46 59 38 87 55 19 51 50 23 28 85 19 30 72 2 4 17 48 83 8 62 90 71 76 19 26
44 44 68 8 43 46 30 41 19 69 7 42 14 26 25 48 1 74 72 48 82 29 12 10 72 2 63 93 69 74 29 78 30 78 88 38 14 19 5 88 34 57 12 60 50 48 79 34 41 91
25 68 39 60 17 83 35 46 23 40 10 83 23 81 58 1 9 22 46 19 19 56 66 31 32 51 97 61 95 79 94 98 36 79 42 54 29 70 16 5 25 92 97 88 22 94 38 6 36 29
67 21 28 50 27 42 39 31 61 27 56 43 67 13 21 28 18 20 59 12 91 81 49 92 64 38 17 36 77 71 48 1 61 96 55 48 44 19 44 64 30 96 24 70 7 58 80 13 44 22
4 44 31 99 45 35 89 85 32 9 45 66 41 29 6 1 48 70 19 90 12 61 27 2 96 32 21 47 93 49 40 45 38 95 13 61 39 66 18 64 93 23 52 36 41 15 96 35 61 82
27 70 73 87 2 19 66 85 78 40 96 32 59 52 61 8 18 21 44 98 22 57 37 63 51 28 99 20 95 31 25 43 24 77 45 93 65 92 26 30 27 14 92 19 91 12 72 63 30 77
28 30 30 15 65 4 8 22 54 17 8 1 73 10 27 74 65 76 27 46 17 35 53 77 68 68 89 17 1 77 48 8 88 74 77 38 98 93 39 10 32 23 45 99 74 29 47 85 10 27
19 13 79 73 73 24 2 18 87 6 10 12 6 20 89 59 59 91 77 96 6 19 77 43 92 52 7 49 73 15 32 40 46 42 36 24 47 78 60 97 37 58 84 64 86 8 94 35 82 18
44 79 11 6 18 73 64 97 83 85 75 16 73 48 75 47 65 27 91 5 34 4 16 15 53 8 70 13 44 90 10 56 88 70 95 72 20 63 56 39 75 37 16 50 41 62 88 84 77 83
74 63 95 67 8 77 97 5 24 86 10 36 41 18 17 11 90 23 3 24 17 18 33 14 33 77 62 41 9 68 5 35 16 92 7 6 86 90 17 95 54 80 72 33 61 33 21 65 47 19
15 75 8 76 4 13 11 15 59 44 53 14 49 68 84 1 4 80 28 10 80 99 68 3 56 42 28 94 93 74 44 92 72 27 22 38 91 4 86 13 21 42 51 63 93 17 62 64 71 31
24 72 34 56 24 73 55 33 43 20 78 82 88 21 77 44 89 62 28 23 32 23 98 30 74 19 45 73 44 56 13 19 18 65 85 11 8 37 78 46 53 58 31 2 38 78 23 55 58 4
21 90 44 99 46 97 2 3 71 3 8 30 76 21 71 44 48 72 94 45 81 5 32 85 58 71 90 1 39 93 15 83 74 82 58 6 88 79 16 10 84 39 49 80 81 2 86 48 2 10
41 72 92 42 98 30 75 73 68 65 87 86 31 64 55 81 83 38 98 27 72 85 59 68 94 28 62 73 3 31 1 47 46 38 5 62 9 31 87 45 57 99 87 45 31 86 53 4 19 46
55 5 63 18 15 93 4 96 74 76 61 64 12 30 60 41 5 82 64 13 14 82 60 31 59 27 33 36 91 26 72 21 80 96 78 26 1 67 6 95 97 54 49 14 39 21 10 36 8 70
46 65 5 96 19 50 86 24 43 54 29 86 33 86 19 13 6 12 28 30 40 84 56 98 64 11 48 68 67 82 93 34 21 18 94 60 94 89 91 1 35 79 24 82 85 61 65 83 60 9
70 20 54 3 81 24 50 25 91 24 2 36 68 63 14 70 32 2 99 75 38 1 7 8 28 55 1 48 95 24 88 40 96 79 19 43 83 54 4 67 77 20 20 94 94 56 4 55 20 51
74 60 36 86 31 90 70 78 19 45 31 90 86 31 87 58 3 75 79 83 53 24 36 31 87 2 18 15 91 5 31 62 49 45 66 49 12 95 19 26 66 57 82 86 51 55 26 16 88 81
34 86 91 73 64 25 70 46 62 39 11 36 59 53 85 16 34 70 50 65 71 37 30 25 99 41 81 2 99 36 91 68 63 6 36 67 64 18 60 33 67 2 35 74 41 63 34 48 19 96
28 26 52 54 34 52 46 3 40 25 61 33 6 72 26 42 14 92 79 4 27 27 31 92 48 96 45 2 5 95 28 93 14 3 68 52 2 76 3 69 94 52 8 78 41 13 71 4 66 68
63 13 56 21 51 88 18 88 49 74 36 42 78 29 16 52 26 1 45 24 79 67 14 10 14 81 23 22 72 23 27 4 74 4 17 71 82 42 49 86 42 86 12 90 95 46 9 11 31 15
82 10 3 10 55 75 45 9 73 75 53 69 11 72 2 36 68 96 92 12 69 96 78 34 38 44 88 63 91 67 71 80 12 49 64 21 47 19 85 37 49 14 8 94 34 14 9 76 23 2
65 86 63 84 33 29 17 90 27 8 92 31 96 44 41 55 27 45 48 5 32 34 20 71 59 52 5 39 77 24 95 61 34 23 82 36 73 53 26 13 81 55 95 36 82 12 35 63 9 94
19 35 62 61 25 23 15 38 6 71 62 92 4 76 31 13 27 18 50 44 23 8 4 42 15 26 92 3 24 11 80 27 58 90 30 78 92 27 5 33 15 91 43 60 65 92 53 84 80 86
89 20 98 39 98 77 21 21 34 32 86 15 24 61 86 79 24 62 73 85 82 17 44 70 20 1 51 75 29 29 98 82 53 42 13 79 60 58 58 27 11 26 19 11 95 35 37 70 23 67
7 70 69 40 12 97 3 24 6 19 52 98 54 74 21 6 29 67 2 79 38 51 50 98 16 7 30 32 35 51 49 48 20 36 35 78 9 36 34 25 72 21 64 50 21 81 68 60 86 23
95 24 92 72 14 22 81 85 47 62 86 48 16 58 93 52 22 57 74 43 56 77 43 91 77 83 70 20 36 15 94 32 90 85 27 18 95 43 79 55 32 4 44 61 52 98 97 82 66 2
24 65 43 41 39 46 69 13 87 54 85 80 25 53 3 32 93 79 92 38 60 27 93 56 74 85 94 91 31 27 58 84 18 7 98 84 34 7 6 29 28 48 85 45 98 38 44 40 19 91
15 16 72 17 28 91 23 15 12 81 84 29 9 54 88 18 53 60 63 93 52 64 78 25 87 19 68 53 54 10 74 62 96 34 9 28 97 3 6 8 5 17 52 17 35 43 29 80 50 28
81 2 78 7 44 40 24 31 55 24 42 12 47 71 66 79 18 4 79 12 21 86 91 81 98 38 52 97 26 21 57 16 44 7 18 77 29 92 84 73 56 22 95 89 86 27 83 54 49 91
32 22 79 73 45 45 35 34 44 75 6 51 44 86 54 86 45 2 65 91 39 32 89 15 9 57 31 80 2 53 42 72 88 89 35 17 8 45 14 78 42 75 20 1 49 47 3 20 35 38
41 29 24 80 19 57 59 11 69 11 27 22 26 74 48 93 19 96 9 67 90 36 56 76 82 89 69 71 70 35 63 91 60 90 21 55 50 75 50 59 21 27 88 6 22 75 81 85 92 16
7 58 75 22 87 77 37 71 43 60 10 58 21 52 14 93 70 64 37 60 82 39 10 85 96 6 26 74 8 30 67 1 77 96 64 56 8 51 82 18 1 52 2 61 2 40 28 14 58 79
49 15 52 67 20 18 88 87 14 6 18 32 23 2 13 18 30 73 23 51 82 45 10 42 74 13 54 46 63 36 22 54 91 32 4 4 81 27 22 96 38 98 93 34 28 72 56 9 87 81
80 13 93 12 77 50 45 90 56 31 80 77 7 83 66 34 6 34 17 41 67 74 51 57 56 84 21 3 90 42 30 4 39 32 6 91 51 21 21 64 97 25 17 40 47 7 16 58 75 98
73 20 17 95 92 62 89 60 70 78 52 11 32 24 94 49 31 81 60 56 38 43 40 33 56 15 94 72 16 58 81 52 96 85 64 89 24 56 15 38 53 74 85 22 54 20 16 50 25 68
48 67 37 7 3 93 69 80 1 24 15 33 96 29 13 35 75 93 65 10 82 44 79 71 25 17 14 83 23 33 71 73 21 79 62 55 24 76 61 55 36 5 13 45 78 51 64 85 11 27
17 42 2 38 94 45 70 79 22 91 69 2 49 80 81 52 36 22 62 36 89 54 23 95 21 18 76 44 71 13 23 91 51 74 64 72 96 36 32 11 82 21 97 36 66 20 53 79 94 32
96 20 21 2 98 91 2 9 53 28 22 89 41 87 5 11 77 25 91 67 63 52 13 66 60 54 35 22 9 61 4 26 17 96 69 28 81 27 26 93 80 28 96 57 45 8 5 73 15 10
1 45 44 27 78 96 94 71 12 4 59 95 83 53 20 87 95 72 29 43 88 64 70 51 62 2 33 59 39 6 93 46 56 46 59 98 42 99 11 63 45 95 57 92 68 50 45 63 93 53
13 81 8 31 75 49 98 73 23 1 98 51 7 45 32 74 69 58 50 22 85 69 87 93 23 64 91 20 58 22 10 24 37 73 49 24 9 54 62 74 17 39 50 96 83 20 31 74 15 88
89 97 94 32 9 38 61 8 56 8 74 42 12 27 49 31 87 76 99 64 17 3 6 86 77 32 51 33 33 85 14 97 52 15 44 42 87 68 94 51 77 55 43 95 34 5 20 76 16 67
81 9 67 23 72 1 62 95 34 83 61 36 61 75 83 41 89 86 70 70 73 57 45 62 70 68 26 82 18 27 12 67 24 11 1 99 62 83 33 29 34 66 54 9 21 10 51 50 17 28
10 34 59 66 38 76 1 10 98 43 74 64 58 2 14 56 84 40 59 82 72 46 63 94 91 19 88 96 43 11 43 67 23 70 77 48 6 54 58 26 72 77 46 66 45 17 62 19 8 80
28 63 2 23 89 60 54 78 23 90 3 93 70 13 2 9 36 89 50 90 15 79 3 98 37 40 72 19 98 30 87 85 89 34 93 73 76 6 18 20 89 77 25 48 19 24 9 47 27 9
30 2 17 9 34 24 11 97 37 68 15 45 95 2 62 13 69 62 7 84 50 33 25 13 95 15 82 15 97 58 20 50 26 12 87 50 40 47 76 12 17 50 88 55 81 76 65 88 82 29
57 10 4 68 15 84 36 1 55 15 6 37 78 95 45 15 28 14 48 43 76 81 90 45 42 29 6 49 78 58 36 52 60 26 75 20 35 17 67 22 49 93 77 37 57 32 46 46 84 44
20 73 96 56 14 27 16 6 15 30 28 45 88 65 72 99 26 16 16 39 92 95 57 77 61 6 53 49 50 80 39 16 41 74 79 93 53 14 24 70 22 22 43 72 2 99 75 52 30 70
32 87 85 7 68 85 62 22 19 65 4 11 79 15 94 74 85 44 88 55 74 18 65 72 63 26 23 29 76 48 9 99 44 88 4 36 90 61 40 64 14 28 54 34 69 58 32 90 2 55
69 86 57 52 61 55 22 69 68 65 73 82 39 27 15 87 1 56 73 64 79 18 14 83 42 42 16 8 27 4 80 41 54 25 93 89 45 44 93 51 2 30 81 6 34 49 61 24 44 98
83 63 36 8 78 68 16 60 72 51 66 79 95 10 96 90 52 5 30 30 96 34 86 66 41 44 94 84 86 81 12 86 95 77 62 13 71 1 89 81 33 13 84 15 26 23 35 89 28 15
25 71 78 44 69 81 69 22 19 57 53 23 90 14 20 1 86 66 1 31 19 20 50 3 38 31 83 3 98 10 90 17 42 86 16 35 71 57 19 67 79 62 19 59 81 54 82 70 6 75
60 32 81 88 38 37 2 46 23 63 92 21 32 78 74 22 10 43 81 73 19 28 86 50 96 36 78 81 68 89 65 84 89 46 41 26 19 31 46 56 29 32 23 31 38 65 35 56 57 97
58 55 67 65 86 57 20 56 78 97 81 51 90 1 74 42 53 13 77 41 7 42 80 69 4 24 52 28 9 80 32 15 40 20 31 22 32 56 39 15 94 33 20 75 16 61 75 7 9 73
42 87 64 59 33 79 90 6 44 6 27 57 84 63 17 82 66 21 76 58 34 7 69 26 22 41 26 19 27 68 25 94 3 54 93 37 38 6 44 79 80 63 19 13 62 36 53 63 64 57
65 57 2 70 56 24 82 52 56 64 9 49 56 93 48 45 30 24 82 71 7 82 8 1 11 64 41 14 62 26 54 58 71 26 86 75 36 55 39 39 41 45 2 49 16 26 20 88 2 75
60 65 58 69 56 9 98 46 6 62 52 11 4 92 50 26 8 22 61 30 96 63 29 63 45 26 66 55 50 41 95 29 64 18 48 7 16 20 84 3 94 20 54 90 52 19 46 72 40 88
76 71 56 64 64 68 22 37 24 18 98 87 60 2 76 49 18 50 61 84 79 94 48 29 73 47 66 8 35 82 6 12 82 28 25 62 43 67 65 27 32 91 20 60 64 27 43 27 96 34
87 61 49 38 99 96 20 57 23 56 48 40 62 14 35 58 21 88 56 75 27 42 53 53 11 58 16 11 81 33 70 34 43 77 60 82 48 12 41 82 68 25 21 69 58 61 11 55 82 19
8 53 24 95 96 74 96 33 70 11 3 66 86 76 65 78 26 62 90 46 1 46 33 32 44 10 53 12 49 22 74 65 75 41 45 20 12 80 67 36 50 29 34 94 14 53 31 83 58 14
18 93 92 94 46 63 26 96 22 39 28 38 27 56 1 41 8 99 87 24 36 48 78 42 51 4 55 92 19 7 5 51 66 29 50 19 46 4 41 37 10 81 34 81 55 84 24 61 84 67
64 43 47 82 46 63 33 36 47 95 98 82 19 85 22 96 65 47 79 11 40 54 64 73 54 2 74 97 35 2 4 74 34 76 79 28 89 11 16 84 57 9 68 50 7 97 2 92 64 39
10 35 63 57 69 98 31 75 47 87 50 49 81 81 62 73 19 51 45 88 54 91 54 4 28 93 5 33 65 24 24 36 24 97 19 42 55 89 94 27 75 34 72 20 36 31 87 95 48 38
34 10 82 79 46 13 33 1 68 42 36 28 29 67 41 27 85 87 26 81 93 11 22 56 64 30 92 80 80 87 5 57 46 31 70 92 67 25 8 94 19 55 9 36 6 74 85 80 73 91
58 4 67 24 43 85 53 82 69 29 16 45 71 47 27 10 84 65 70 67 62 28 82 23 55 19 32 5 8 25 33 54 35 27 60 5 22 34 91 22 34 2 40 24 55 95 50 51 81 45
98 36 19 85 45 49 32 83 74 76 46 55 44 38 18 49 8 58 21 8 61 52 76 68 25 19 10 69 59 18 51 68 71 31 94 25 5 17 34 5 3 13 92 75 94 37 77 2 62 31
89 71 75 95 7 24 38 10 72 97 44 37 52 82 32 73 83 79 65 91 54 43 90 75 63 68 94 36 6 7 45 29 98 27 78 61 98 30 51 51 21 60 1 46 28 97 43 23 3 11
11 21 70 29 17 99 25 42 33 18 17 4 82 77 36 94 51 30 24 72 72 83 12 17 39 37 21 14 16 93 81 54 64 79 42 19 24 69 68 1 16 83 61 39 78 82 32 17 53 79
29 37 88 78 75 48 96 62 6 44 72 15 98 8 93 57 81 1 18 73 72 90 12 20 29 39 72 95 87 17 7 94 76 3 71 16 37 82 52 97 34 66 75 71 8 8 54 20 66 85
80 52 22 10 1 16 92 10 83 31 31 47 81 89 92 98 33 22 87 22 19 73 73 34 67 65 89 7 43 99 38 19 43 16 47 46 2 85 24 85 47 16 94 73 70 76 50 81 43 41
43 88 23 72 93 74 16 37 26 1 26 21 70 2 5 48 42 14 42 53 39 51 20 36 51 33 47 12 58 23 91 75 91 1 58 62 24 52 65 74 62 54 85 84 76 75 53 45 96 15
37 38 29 37 63 6 65 34 43 59 9 81 9 20 96 12 50 49 17 97 11 84 11 54 87 58 80 76 74 6 36 58 55 81 79 64 24 9 84 53 77 51 28 60 18 68 2 1 37 23
33 41 51 96 67 37 6 78 31 17 31 13 26 9 30 99 82 27 31 77 65 99 77 78 83 65 48 34 85 12 35 41 51 54 59 98 84 41 7 89 38 55 36 98 92 31 40 48 44 65
6 65 65 71 1 26 79 19 52 14 12 55 78 83 65 64 64 22 66 19 44 34 12 47 53 74 54 65 88 44 69 77 76 6 44 78 57 57 60 93 22 74 58 83 25 85 91 89 22 84
81 63 46 32 31 5 76 68 11 86 68 91 8 81 66 22 25 34 31 70 81 1 33 3 89 35 3 83 99 93 76 30 9 5 62 98 77 12 83 22 42 92 94 59 52 11 67 72 30 74
92 94 73 62 75 5 30 48 32 8 96 36 81 63 54 82 97 18 76 10 61 66 16 88 16 46 23 78 33 63 61 8 65 13 37 80 85 87 32 71 36 40 70 25 17 49 46 27 49 80
18 96 68 90 71 15 83 38 86 41 85 73 71 99 14 20 23 15 23 29 58 56 87 74 61 82 11 48 2 34 66 31 55 51 35 86 81 91 94 1 40 25 9 66 79 50 24 23 9 69
84 63 63 96 36 23 83 7 28 51 20 86 62 54 56 28 20 78 71 80 42 32 39 85 41 89 11 83 33 20 77 57 6 32 99 72 59 51 23 13 38 48 41 3 75 46 56 75 51 13
63 66 71 62 24 8 80 2 47 60 52 32 58 75 79 9 39 62 68 53 19 1 54 36 61 70 29 7 86 38 60 7 83 28 19 14 9 98 66 50 53 12 58 65 8 18 1 2 90 16
85 64 63 1 35 95 4 18 36 98 77 19 61 72 22 47 45 53 88 11 65 20 23 3 21 59 38 16 2 86 26 93 65 93 37 38 79 62 98 99 58 81 4 51 32 31 74 43 16 88
77 54 6 20 91 10 97 22 70 69 73 74 70 7 20 25 2 79 59 37 83 61 44 55 28 46 64 90 21 31 41 52 72 33 36 80 51 19 77 42 50 63 74 32 38 62 61 33 96 46
12 42 28 92 68 65 72 25 7 97 14 40 21 6 2 27 58 90 68 92 91 80 31 1 84 71 31 41 65 79 92 93 76 68 28 13 65 34 61 59 52 21 35 20 6 96 26 34 74 91
10 93 55 18 87 71 86 26 46 1 91 65 32 91 43 2 31 15 66 61 50 19 24 55 29 16 70 13 72 52 70 74 40 32 99 52 48 40 93 35 1 39 89 39 94 60 58 34 36 16
4 50 68 37 97 86 86 87 73 43 24 54 62 35 12 44 96 1 97 65 56 54 2 7 77 95 47 1 37 48 5 47 2 30 9 98 79 85 70 43 83 30 33 82 28 31 65 68 57 68
42 80 36 79 36 75 36 70 36 10 20 74 43 90 79 4 21 73 11 78 22 87 36 4 74 70 86 74 29 24 37 46 27 84 8 25 91 54 92 86 7 50 94 85 79 96 59 46 47 67
18 53 65 90 72 74 34 79 61 67 57 76 10 11 68 70 12 73 69 47 38 72 81 82 67 2 13 44 45 33 90 18 16 67 75 88 42 76 74 63 5 40 48 88 55 22 74 96 92 49
15 9 44 97 67 39 4 76 73 23 89 52 16 85 40 17 15 96 18 40 77 19 35 36 53 42 43 60 30 45 55 99 83 92 70 12 64 47 9 49 8 75 39 19 99 86 23 21 22 84
36 36 33 37 26 38 12 6 38 20 78 40 99 91 25 87 53 38 28 97 91 48 16 76 65 73 50 80 41 27 99 68 77 31 8 90 43 65 89 7 16 9 86 67 76 79 84 22 54 45
18 14 61 12 32 32 77 75 51 30 14 92 26 45 13 9 52 97 18 95 64 50 42 20 84 35 77 19 16 91 11 32 54 54 30 56 22 15 13 81 28 20 25 26 27 8 26 28 37 76
93 22 21 37 76 4 64 36 95 66 30 2 45 82 85 30 15 6 15 59 50 89 38 85 54 56 71 35 37 43 81 30 12 76 16 81 12 48 23 1 57 56 17 63 38 7 41 50 90 7
43 95 89 7 12 77 3 66 12 43 61 63 34 21 21 5 26 34 56 65 65 3 95 9 49 6 53 38 97 54 31 70 38 34 46 65 4 24 66 36 55 28 88 17 83 6 71 87 16 20
83 14 69 58 3 68 40 68 23 10 93 22 4 63 69 87 43 42 1 67 45 15 90 86 70 52 21 76 95 54 89 44 50 48 57 14 13 94 14 88 69 79 52 41 16 77 3 47 50 20
88 22 3 98 2 40 5 59 4 26 59 9 15 48 92 51 18 95 91 86 7 77 67 35 63 6 67 2 33 57 64 98 72 9 78 78 88 65 48 95 65 52 24 45 39 33 18 88 8 93
4 5 90 71 69 32 27 25 66 77 61 78 32 14 79 36 43 75 84 77 7 83 21 77 99 25 89 54 94 62 75 49 64 70 74 17 36 96 41 27 3 1 96 77 83 68 18 64 67 19
47 53 98 76 25 85 46 28 46 3 34 9 92 92 72 35 86 88 17 55 98 90 33 29 76 82 48 2 47 26 78 66 65 72 11 13 40 54 45 74 98 75 94 25 48 67 15 39 64 46
53 86 60 20 50 2 13 36 35 89 33 39 39 95 91 25 89 39 3 35 30 35 67 49 28 49 28 96 65 6 74 65 23 95 37 74 14 46 46 36 37 20 1 98 83 39 23 36 50 99
83 12 92 84 96 18 98 56 44 21 61 70 4 78 83 26 95 95 6 96 31 57 74 20 11 9 3 32 49 34 21 74 54 98 62 23 41 14 32 30 65 85 91 68 25 52 52 89 90 21
50 20 14 60 22 53 9 86 92 59 74 28 63 43 94 25 63 27 96 22 43 81 13 74 81 19 14 54 69 81 72 13 63 72 16 28 28 4 16 11 3 37 3 25 97 88 85 91 53 39
16 33 96 23 64 52 51 13 64 6 59 64 64 31 79 58 28 86 93 29 23 58 3 33 4 39 91 76 6 33 50 38 61 12 81 71 76 28 4 70 25 84 44 77 51 24 19 58 48 41
80 87 26 76 26 60 62 63 98 91 7 76 42 50 16 33 42 25 1 37 96 42 16 12 94 43 99 64 25 16 99 30 44 9 2 83 92 73 73 26 56 50 60 48 46 64 55 75 2 50
72 92 35 71 96 44 53 38 67 84 61 59 83 78 46 98 94 76 56 69 59 90 97 83 94 93 67 54 24 46 45 19 8 24 39 89 42 24 39 10 53 88 13 93 89 44 63 57 6 93
73 70 90 34 9 35 93 34 75 51 93 83 18 23 98 55 19 26 12 30 78 35 5 55 19 26 21 50 85 68 15 72 71 61 22 47 59 61 21 46 12 20 52 76 47 59 8 82 39 99
51 44 33 74 70 60 20 77 98 17 22 91 22 82 58 70 35 39 67 32 88 96 8 59 14 4 2 99 87 91 16 67 8 11 27 19 63 29 52 36 53 74 68 98 86 6 21 78 26 78
94 13 42 2 4 59 39 42 94 1 50 35 98 62 44 98 3 24 56 82 43 55 61 85 67 6 61 74 89 67 67 46 30 16 41 32 28 69 31 33 70 49 94 14 9 47 28 52 17 47
59 74 48 81 86 91 66 39 97 40 44 22 29 25 83 27 6 97 47 68 76 57 5 57 47 42 15 36 76 37 63 70 90 93 4 81 39 48 48 55 6 99 3 70 84 87 45 67 71 98
69 26 34 12 60 10 18 18 69 92 59 23 42 70 66 17 31 10 7 77 17 29 8 48 78 76 2 77 11 26 24 5 77 93 29 87 80 90 98 29 36 20 5 72 25 93 31 93 4 49
34 33 26 81 25 2 17 23 17 50 98 73 37 9 45 37 77 10 74 24 22 86 78 35 25 11 35 86 96 76 1 58 81 12 85 9 78 1 8 1 35 83 16 68 41 25 44 39 55 78
16 8 79 55 54 5 32 48 90 48 96 66 24 4 85 65 7 8 32 81 21 63 51 28 11 48 39 82 66 18 39 84 11 8 15 16 38 31 81 25 32 31 26 92 56 32 54 5 59 81
31 3 83 98 90 71 82 7 97 64 82 23 24 86 85 7 95 57 68 28 17 41 6 47 76 37 31 90 20 87 54 68 63 88 3 99 76 99 47 74 87 65 84 33 2 62 19 88 53 6
45 41 96 49 38 57 26 54 59 37 17 48 82 33 11 93 83 33 75 82 55 98 59 59 4 99 92 71 31 33 27 91 45 34 6 42 12 53 53 45 8 64 10 16 92 80 63 46 56 34
75 4 62 54 42 42 27 37 73 19 39 78 91 61 3 56 85 68 95 53 74 31 94 71 80 10 12 10 13 34 77 4 46 37 40 10 46 87 97 2 73 79 89 82 35 17 89 65 42 30
59 63 98 69 74 96 18 65 96 89 74 16 19 20 33 52 44 29 55 91 67 4 89 64 46 44 54 39 44 44 15 49 18 79 34 31 46 3 44 19 87 29 34 94 47 10 40 43 80 16
62 71 25 4 26 31 56 48 13 12 76 31 79 21 5 17 60 66 10 69 3 40 78 32 38 13 63 96 33 12 81 4 87 69 91 62 44 58 79 60 2 8 89 59 22 76 74 74 40 82
79 29 17 59 4 73 91 3 31 8 90 58 88 17 67 83 75 58 44 88 52 10 98 99 39 82 73 73 26 31 19 71 37 88 90 33 43 21 27 78 13 55 33 55 13 94 65 68 75 64
90 13 9 78 46 71 39 78 70 16 10 44 49 87 82 66 73 66 49 6 88 72 27 92 61 67 49 81 26 83 94 28 23 98 25 5 88 56 47 12 94 59 71 25 31 98 43 51 61 68
92 33 90 55 21 95 91 20 21 19 78 46 20 42 14 9 29 75 13 74 59 54 96 80 95 28 45 48 29 14 94 74 90 64 84 50 7 25 36 7 37 56 14 48 57 16 83 92 3 77
60 60 50 61 66 35 68 48 40 68 71 80 83 77 64 64 80 21 42 41 18 28 12 67 23 79 26 26 42 94 97 11 3 1 51 91 43 44 39 25 53 91 4 12 68 96 54 99 76 5
35 40 61 97 11 55 19 64 96 72 68 66 6 52 34 32 63 95 77 8 52 61 94 93 69 77 83 62 28 25 95 78 43 85 83 91 13 91 37 59 4 3 53 21 1 57 32 86 38 77
1 46 39 78 33 81 45 50 94 92 39 14 57 21 50 91 88 26 11 84 34 4 61 80 14 94 51 75 62 55 82 65 98 58 56 23 9 4 85 66 93 52 5 79 76 62 90 39 62 18
73 55 31 46 65 12 41 89 11 32 86 62 20 70 50 44 10 74 78 26 40 23 92 34 47 46 6 27 35 40 51 83 63 6 61 43 42 52 37 70 46 62 78 67 43 99 66 2 11 66
66 19 98 35 17 81 5 54 54 46 83 65 41 59 53 57 34 2 63 66 34 23 65 86 93 40 61 50 34 39 57 27 70 25 86 14 14 24 88 14 80 32 80 3 31 13 5 49 65 89
88 36 10 76 68 59 18 65 15 75 51 60 80 91 23 79 41 45 93 11 51 71 60 75 19 59 84 80 79 70 19 54 95 19 6 16 57 53 61 18 99 47 11 87 17 24 4 44 70 68
11 84 83 54 8 79 37 78 56 26 73 16 89 51 41 64 27 74 2 60 61 54 51 39 74 96 70 26 1 45 84 51 71 81 41 64 27 99 59 84 70 53 83 15 35 38 82 72 23 26
54 57 57 43 97 63 67 45 95 46 73 91 19 18 86 52 1 93 37 87 15 44 61 87 69 23 41 56 13 18 31 49 52 69 83 59 72 25 26 57 38 44 43 98 43 56 76 57 83 28
31 97 54 64 7 72 92 20 61 66 40 42 25 13 9 42 38 60 67 45 2 63 70 88 10 47 73 56 84 16 96 47 77 46 62 35 72 31 45 87 28 71 77 15 68 29 58 55 14 15
38 59 86 41 83 43 27 20 26 58 11 75 64 37 48 37 98 17 28 28 6 24 77 93 64 97 92 86 56 68 20 94 86 59 79 98 67 71 95 10 88 38 18 31 12 86 96 30 1 78
96 85 56 46 23 31 14 54 84 55 50 4 36 84 70 42 15 23 17 75 5 80 15 65 81 46 87 76 32 76 9 45 44 98 9 75 11 41 28 85 24 23 34 34 86 11 85 77 88 61
99 92 69 85 33 80 9 36 86 28 13 33 33 35 11 62 22 74 55 19 46 37 1 67 84 86 95 41 44 61 86 69 94 55 56 73 66 20 23 57 69 48 45 88 98 51 15 8 89 63
60 58 7 99 2 9 96 43 39 69 30 83 43 32 65 87 78 3 37 51 29 37 19 52 46 32 7 88 62 45 72 44 56 28 95 25 26 44 58 10 31 49 18 35 11 87 90 61 53 5
5 25 31 56 46 84 15 91 11 70 36 35 56 62 54 75 26 93 23 85 35 96 19 1 73 11 68 42 68 23 87 84 72 98 73 78 94 2 67 51 89 8 13 67 36 67 43 99 66 65
26 48 75 65 78 69 27 37 43 9 86 48 46 59 36 7 91 94 88 82 92 46 17 64 72 32 23 93 85 48 56 29 62 26 68 22 92 43 22 42 8 90 40 99 47 73 82 2 99 87
36 34 58 75 24 58 8 2 6 74 18 36 74 78 24 21 15 91 81 40 46 68 70 63 19 98 31 70 90 63 82 86 84 68 71 97 85 60 44 49 96 34 35 92 97 18 74 96 75 36
41 92 27 33 98 70 53 51 97 88 44 72 94 53 87 12 60 57 84 95 91 93 78 73 31 41 80 58 25 1 90 63 15 16 19 7 77 75 47 52 28 26 57 61 75 26 36 21 77 2
43 88 18 55 26 24 23 5 86 11 25 30 95 91 4 92 50 28 51 82 91 22 50 43 19 4 83 62 22 52 56 5 20 70 84 49 11 63 16 27 99 18 50 28 48 18 55 47 12 47
59 4 68 23 48 98 89 9 51 11 80 76 53 55 89 42 60 56 26 81 25 79 66 92 50 67 88 61 69 77 63 1 59 66 78 32 8 39 74 66 11 80 1 52 74 36 42 81 82 22
63 8 57 99 2 41 22 78 81 29 93 91 69 28 4 13 54 99 18 40 6 84 18 28 97 70 98 33 53 29 70 58 7 77 9 63 81 7 28 18 23 24 7 85 98 73 77 61 18 76
27 33 7 81 72 54 70 64 92 84 14 71 85 27 93 6 38 82 29 17 76 31 25 87 34 30 89 22 79 53 57 15 45 13 52 17 73 34 1 30 29 64 1 83 55 94 64 28 47 79
20 27 59 40 98 37 11 24 70 29 69 39 5 45 10 7 43 18 23 16 7 83 98 54 17 57 21 54 98 44 1 46 35 14 20 92 17 65 59 30 79 68 81 38 29 54 35 36 68 24
15 94 78 65 50 79 60 5 94 62 80 62 33 68 48 2 11 68 64 26 55 78 50 94 85 44 67 12 91 33 42 57 85 67 7 2 8 30 33 94 84 10 2 6 88 1 82 71 83 40
3 48 86 44 18 54 6 14 10 42 98 70 33 72 58 43 81 23 38 55 44 62 57 26 34 63 69 71 10 51 29 29 99 43 82 97 66 66 5 33 98 84 88 5 37 19 25 57 18 29
58 36 41 66 51 9 74 98 72 20 80 23 46 15 69 45 20 6 94 44 65 10 33 16 89 77 76 25 91 81 19 6 95 47 24 31 94 65 70 33 89 53 95 82 92 89 99 33 79 42
45 71 82 97 71 61 27 52 48 11 82 72 52 77 21 97 33 44 94 17 32 29 87 6 68 37 39 22 62 76 34 50 44 84 11 33 84 62 42 65 63 36 27 44 40 69 4 10 39 7
72 28 94 78 76 39 39 53 65 81 1 5 80 99 85 13 53 94 58 93 85 86 60 55 53 23 54 90 29 54 88 87 92 59 90 5 80 50 20 48 45 44 34 76 24 43 85 8 63 27
48 84 52 56 33 3 95 43 99 42 79 8 76 13 2 30 2 12 5 67 24 40 29 54 97 97 24 78 33 72 85 75 48 77 21 45 78 6 86 3 91 65 86 92 60 65 51 74 1 71
40 96 5 80 17 27 42 22 19 61 55 91 12 83 3 41 71 72 20 35 70 97 18 41 34 39 14 44 54 72 36 67 54 62 7 97 23 68 50 16 14 10 66 80 37 37 34 20 24 76
94 13 55 2 49 69 92 70 43 59 7 4 17 88 41 83 3 37 70 28 20 68 6 89 32 60 80 11 76 88 90 88 17 89 27 34 7 64 50 20 28 37 49 2 65 45 34 72 93 4
74 2 43 20 66 52 48 83 2 95 57 46 11 19 56 35 87 16 9 78 29 83 58 66 58 27 4 69 82 50 32 90 76 81 12 88 50 93 87 83 20 52 68 52 40 78 65 19 8 91

Demandas:
0 0 0 1 0 0 0
0 1 0 0 0 0 0
0 0 1 0 0 0 0
0 1 0 0 0 0 0
0 0 0 0 1 0 0
1 0 0 0 0 0 0
1 0 0 0 0 0 0
0 1 0 0 0 0 0
1 0 0 0 0 0 0
0 0 0 0 0 0 1
0 0 0 1 0 0 0
0 1 0 0 0 0 0
0 0 0 0 0 1 0
0 0 0 0 0 0 1
0 0 1 0 0 0 0
0 0 1 0 0 0 0
0 1 0 0 0 0 0
0 0 0 0 1 0 0
0 0 1 0 0 0 0
0 0 0 0 0 0 1
0 0 0 1 0 0 0
0 0 0 0 0 0 1
0 0 0 0 0 1 0
0 1 0 0 0 0 0
1 0 0 0 0 0 0
0 0 0 1 0 0 0
0 0 0 0 0 1 0
0 0 0 0 1 0 0
0 0 0 0 0 0 1
0 0 0 0 0 1 0
0 0 0 1 0 0 0
1 0 0 0 0 0 0
0 0 1 0 0 0 0
1 0 0 0 0 0 0
0 0 1 0 0 0 0
0 0 1 0 0 0 0
1 0 0 0 0 0 0
0 1 0 0 0 0 0
1 0 0 0 0 0 0
0 0 0 1 0 0 0
0 0 0 0 1 0 0
0 0 1 0 0 0 0
0 0 1 0 0 0 0
1 0 0 0 0 0 0
0 0 0 1 0 0 0
0 0 1 0 0 0 0
0 0 0 1 0 0 0
0 0 0 0 1 0 0
0 0 0 0 0 1 0
0 0 0 0 0 1 0
0 1 0 0 0 0 0
1 0 0 0 0 0 0
0 0 0 1 0 0 0
0 0 0 0 0 0 1
0 0 0 0 1 0 0
0 1 0 0 0 0 0
0 0 0 0 0 0 1
0 0 0 1 0 0 0
0 0 0 0 0 0 1
0 0 0 0 0 1 0
0 0 0 0 0 1 0
1 0 0 0 0 0 0
0 1 0 0 0 0 0
0 0 0 1 0 0 0
0 0 0 0 0 0 1
0 1 0 0 0 0 0
1 0 0 0 0 0 0
0 0 0 1 0 0 0
0 0 0 0 1 0 0
1 0 0 0 0 0 0
0 0 0 0 0 1 0
0 0 0 0 0 1 0
0 0 0 0 0 1 0
0 1 0 0 0 0 0
0 0 0 0 0 1 0
0 0 0 1 0 0 0
0 0 0 1 0 0 0
0 0 0 0 0 1 0
0 0 1 0 0 0 0
0 1 0 0 0 0 0
0 0 0 0 0 0 1
0 0 0 0 0 1 0
0 0 0 1 0 0 0
0 0 0 0 1 0 0
0 0 0 1 0 0 0
0 1 0 0 0 0 0
0 0 0 0 0 1 0
0 0 0 0 1 0 0
1 0 0 0 0 0 0
0 0 0 1 0 0 0
0 0 0 0 1 0 0
0 0 1 0 0 0 0
1 0 0 0 0 0 0
0 0 0 0 1 0 0
0 0 0 0 1 0 0
0 0 0 1 0 0 0
0 1 0 0 0 0 0
0 0 0 0 0 0 1
0 0 0 0 1 0 0
0 0 0 0 0 0 1
0 1 0 0 0 0 0
0 0 0 1 0 0 0
0 0 0 1 0 0 0
0 0 0 0 0 0 1
0 0 0 0 0 1 0
0 0 0 1 0 0 0
1 0 0 0 0 0 0
1 0 0 0 0 0 0
0 0 0 0 1 0 0
0 0 1 0 0 0 0
0 0 0 0 0 1 0
0 0 0 0 0 0 1
0 1 0 0 0 0 0
0 0 0 0 0 0 1
1 0 0 0 0 0 0
1 0 0 0 0 0 0
0 0 0 0 1 0 0
0 1 0 0 0 0 0
0 0 0 0 1 0 0
1 0 0 0 0 0 0
0 0 0 1 0 0 0
0 0 0 0 0 1 0
1 0 0 0 0 0 0
0 0 0 0 0 0 1
0 0 0 0 0 1 0
0 0 1 0 0 0 0
0 0 0 0 1 0 0
0 0 0 0 0 0 1
0 0 0 0 0 1 0
0 0 0 0 0 0 1
0 1 0 0 0 0 0
0 0 0 1 0 0 0
0 0 1 0 0 0 0
0 0 0 0 0 1 0
0 1 0 0 0 0 0
0 0 0 0 0 1 0
0 0 0 0 1 0 0
0 0 0 1 0 0 0
0 0 0 0 0 0 1
0 0 0 0 1 0 0
0 0 0 0 0 0 1
0 1 0 0 0 0 0
0 0 0 0 0 1 0
0 0 1 0 0 0 0
0 0 0 0 0 0 1
0 0 0 0 1 0 0
0 0 0 0 1 0 0
0 1 0 0 0 0 0
0 1 0 0 0 0 0
0 0 0 1 0 0 0
0 0 0 0 0 0 1
0 0 0 1 0 0 0
0 0 0 0 0 0 1
0 1 0 0 0 0 0
0 0 0 0 0 1 0
0 1 0 0 0 0 0
1 0 0 0 0 0 0
0 0 1 0 0 0 0
0 0 0 1 0 0 0
1 0 0 0 0 0 0
0 0 1 0 0 0 0
0 0 0 0 1 0 0
0 1 0 0 0 0 0
0 0 0 0 0 0 1
0 0 0 0 0 1 0
0 0 1 0 0 0 0
0 0 0 1 0 0 0
0 0 0 0 0 0 1
0 0 0 0 0 0 1
0 0 0 0 0 1 0
0 0 0 1 0 0 0
0 0 0 1 0 0 0
0 0 0 0 0 0 1
0 0 0 0 0 1 0
0 0 0 0 0 1 0
0 0 0 0 1 0 0
0 0 1 0 0 0 0
0 0 0 0 0 0 1
0 0 0 0 0 0 1
1 0 0 0 0 0 0
0 0 0 0 1 0 0
1 0 0 0 0 0 0
0 0 0 0 0 0 1
0 0 0 1 0 0 0
0 0 0 0 1 0 0
0 0 1 0 0 0 0
0 1 0 0 0 0 0
0 0 1 0 0 0 0
0 0 0 0 0 0 1
0 0 0 0 0 0 1
1 0 0 0 0 0 0
1 0 0 0 0 0 0
0 0 0 1 0 0 0
0 1 0 0 0 0 0
0 0 0 0 0 1 0
0 0 0 1 0 0 0
0 1 0 0 0 0 0
0 0 0 0 1 0 0
0 0 0 0 0 1 0
0 1 0 0 0 0 0
0 0 0 0 1 0 0
0 0 0 0 1 0 0
0 0 0 0 0 0 1
0 0 0 1 0 0 0
0 0 0 1 0 0 0
0 0 1 0 0 0 0
0 0 0 0 0 1 0
0 0 0 0 1 0 0
0 1 0 0 0 0 0
1 0 0 0 0 0 0
0 0 0 1 0 0 0
0 0 0 0 0 0 1
0 0 0 0 1 0 0
0 0 0 0 1 0 0
0 0 1 0 0 0 0
0 0 0 1 0 0 0
0 0 0 0 1 0 0
0 1 0 0 0 0 0
0 0 0 0 0 0 1
0 0 0 0 1 0 0
0 1 0 0 0 0 0
0 1 0 0 0 0 0
0 0 0 0 1 0 0
0 0 1 0 0 0 0
0 1 0 0 0 0 0
0 0 0 0 0 1 0
0 0 0 0 1 0 0
0 0 0 0 0 0 1
0 0 1 0 0 0 0
0 0 0 0 0 0 1
0 1 0 0 0 0 0
0 0 0 0 0 1 0
0 0 0 0 0 1 0
1 0 0 0 0 0 0
0 0 1 0 0 0 0
0 0 1 0 0 0 0
0 0 0 0 0 0 1
0 0 0 1 0 0 0
0 0 0 0 1 0 0
0 0 0 0 0 1 0
0 0 1 0 0 0 0
0 0 0 1 0 0 0
0 0 0 0 0 1 0
0 0 1 0 0 0 0
0 0 0 0 1 0 0
0 0 0 1 0 0 0
0 0 0 0 0 0 1
0 0 0 0 0 0 1
0 1 0 0 0 0 0
0 0 1 0 0 0 0

Capacidades:
3 2 1 4 1 3 3
1 3 0 4 0 3 4
1 0 0 2 3 4 3
4 4 3 4 4 3 0
3 3 1 4 1 2 3
1 4 0 1 1 1 2
4 2 3 3 4 3 4
3 3 2 0 4 0 1
3 1 0 1 1 0 1
1 4 4 3 3 3 1
0 3 0 0 1 4 3
3 2 2 0 3 0 2
2 1 2 1 4 1 0
4 1 2 0 0 1 1
2 1 3 4 1 2 1
0 3 4 0 0 2 1
1 4 0 0 0 0 0
3 2 0 2 3 4 2
3 2 3 3 4 0 0
3 0 0 2 4 1 1
4 2 1 3 1 2 2
3 2 1 1 2 2 2
0 0 4 0 2 3 2
1 1 3 1 3 2 3
1 2 0 2 2 4 0
0 0 0 3 1 4 4
0 2 3 3 0 0 2
1 2 3 1 4 4 4
1 4 2 4 3 0 0
2 0 2 2 1 0 0
1 3 2 3 1 1 1
3 2 1 3 4 3 1
1 3 3 4 0 0 0
0 3 1 0 3 0 4
3 2 3 2 4 0 1
3 3 1 3 1 1 0
3 2 0 0 4 4 4
2 2 1 1 2 0 0
1 0 3 2 3 2 0
1 4 4 2 3 0 1
0 0 1 2 2 0 3
3 1 0 3 0 2 4
4 3 2 4 1 2 2
0 3 3 3 0 2 0
4 2 2 0 2 1 1
1 4 4 3 2 3 4
0 2 4 1 4 4 0
1 3 2 3 2 0 4
0 2 0 2 0 4 0
0 4 3 0 1 3 1
