m: 100
n: 30
k: 8

Distancias:
14 88 16 34 13 33 36 18 6 53 95 51 98 99 88 40 78 9 8 99 83 13 64 25 61 63 98 34 18 34
38 17 71 65 51 42 45 46 46 44 33 78 69 45 60 44 41 6 42 84 34 2 70 30 55 76 11 39 29 44
57 1 35 63 95 62 49 11 2 49 11 91 58 83 80 46 93 74 80 94 91 95 97 43 58 10 42 52 95 68
45 44 77 65 37 44 4 43 12 47 30 2 38 51 52 86 65 96 92 36 65 83 75 35 80 78 51 50 39 33
6 66 44 12 1 73 92 67 98 52 44 64 29 11 70 90 81 15 44 59 41 41 58 72 46 86 86 75 11 17
85 17 23 1 59 28 52 95 64 89 37 92 52 89 72 15 6 10 93 34 98 91 7 74 7 52 66 12 91 11
43 80 35 43 5 83 18 32 2 95 91 71 24 16 19 72 93 74 1 49 17 22 52 88 53 23 38 12 29 13
65 23 16 17 89 39 70 18 88 63 70 39 9 53 46 88 16 51 77 19 7 3 92 54 54 61 69 32 13 63
11 73 98 56 41 78 39 55 39 61 44 59 70 93 89 63 38 62 8 74 79 34 46 15 16 85 12 81 40 62
7 10 83 93 3 82 7 69 51 3 83 23 69 67 51 58 35 33 95 61 43 66 39 71 93 45 99 6 55 23
2 12 88 63 83 90 98 2 20 12 8 27 5 4 50 57 78 88 86 22 79 50 36 28 98 9 17 43 99 27
28 70 65 63 80 89 40 47 15 82 67 31 99 54 37 8 30 71 91 50 40 10 21 98 21 37 46 48 20 65
19 58 18 90 6 41 48 86 74 25 52 13 79 74 32 76 84 27 53 42 57 9 8 44 30 8 2 29 4 44
6 2 20 90 97 52 85 38 32 10 39 43 3 30 79 66 16 37 11 24 78 89 13 64 38 21 32 30 77 90
80 91 26 72 13 21 10 70 10 26 52 72 88 4 22 49 93 96 81 80 3 99 89 42 2 72 93 60 41 50
81 75 45 15 18 2 26 66 39 17 39 84 98 90 3 77 48 78 51 36 79 25 14 56 19 86 19 6 60 19
25 8 69 61 73 20 98 58 27 2 34 83 7 49 67 47 96 31 36 8 60 24 72 19 35 33 21 73 31 93
34 85 65 33 14 23 57 77 70 72 43 94 5 82 76 2 68 66 46 55 44 32 88 45 96 35 86 98 34 82
96 45 60 5 51 74 68 78 19 32 60 60 58 66 92 15 48 59 3 65 59 25 23 41 40 40 72 12 23 87
55 97 34 40 53 30 78 73 29 93 60 79 80 20 72 39 97 99 31 99 96 36 42 10 45 65 41 56 74 26
26 1 15 27 95 45 11 20 67 68 13 76 30 18 83 61 70 77 32 54 26 11 97 97 69 84 67 89 89 74
29 61 53 66 72 34 6 49 41 61 91 38 87 2 64 14 1 46 13 30 70 89 85 7 33 73 17 9 56 76
88 96 1 26 77 48 70 17 93 97 92 42 54 58 90 19 56 14 54 7 37 63 90 84 20 51 79 6 27 33
44 25 72 39 51 93 29 15 47 49 93 69 35 80 71 67 41 13 72 9 13 22 10 23 59 78 22 17 74 85
73 10 15 82 95 74 44 11 66 89 67 20 23 3 26 3 25 14 89 21 17 28 26 3 35 85 84 78 12 61
6 69 7 18 96 16 80 3 27 40 7 85 63 47 83 21 39 13 22 35 62 75 73 71 89 84 92 21 9 37
55 54 26 40 62 18 96 82 66 3 33 67 85 31 64 88 1 22 42 80 97 16 61 40 52 55 46 69 30 21
15 14 66 45 75 85 1 53 34 55 31 7 32 52 7 9 91 6 8 19 11 69 58 7 34 92 56 1 65 69
12 76 94 65 1 28 93 91 41 90 8 27 45 96 62 82 62 81 8 93 74 78 48 60 96 78 31 26 59 43
4 19 28 41 54 80 16 96 62 84 65 37 29 56 74 89 2 5 19 70 76 64 27 39 74 49 92 26 79 5
96 17 29 22 18 98 32 92 52 21 30 9 76 28 56 48 85 97 39 33 42 37 72 78 27 86 9 18 36 37
87 80 64 88 5 47 73 52 62 29 50 11 29 28 53 73 12 38 46 44 43 88 81 72 70 58 99 49 10 59
92 62 27 82 73 45 23 22 17 40 19 2 93 98 45 92 47 38 38 9 47 66 92 36 42 67 52 31 68 98
9 56 79 48 9 74 48 81 33 65 98 60 84 24 63 39 33 44 32 95 77 46 63 70 97 91 62 54 21 77
66 52 80 75 49 94 4 95 16 18 98 43 68 77 72 89 36 26 80 67 58 8 39 1 66 30 62 79 79 86
41 29 59 8 15 7 27 7 89 10 8 97 67 94 40 91 48 33 24 5 36 81 72 73 66 58 20 42 34 5
70 43 40 2 97 45 62 30 97 17 83 1 71 66 79 95 70 72 35 27 81 39 99 86 87 57 22 63 19 8
43 1 60 23 32 91 30 47 37 37 64 12 1 68 42 75 6 92 69 24 20 43 58 34 80 55 5 74 59 68
71 56 82 14 49 15 38 33 9 44 89 5 11 2 64 74 65 79 35 48 22 98 87 79 72 33 45 28 66 34
58 47 61 95 29 25 98 71 79 30 25 24 27 25 46 6 84 6 85 59 77 21 84 51 2 82 1 55 65 94
83 49 21 62 44 57 8 4 56 65 62 53 44 54 97 75 5 17 43 89 62 76 65 73 85 43 6 73 2 88
5 44 91 77 93 42 63 43 10 59 69 71 27 17 99 47 66 16 8 38 12 79 89 99 27 18 3 26 39 93
25 88 35 63 71 14 42 18 67 35 78 72 11 88 12 60 13 74 50 97 55 93 46 10 80 25 75 7 1 43
77 43 81 96 65 48 42 25 98 18 82 70 73 55 96 45 99 16 3 91 40 61 2 59 12 29 14 15 50 51
16 40 76 72 99 79 50 3 33 84 60 78 89 90 79 21 60 46 90 2 99 13 94 35 52 96 10 84 81 25
90 25 6 16 97 89 43 89 73 93 53 5 36 16 37 53 54 49 12 87 26 36 51 59 14 91 92 45 23 93
83 59 5 11 25 88 31 18 44 42 29 46 70 18 28 12 36 42 81 84 6 75 67 61 16 50 38 60 82 39
78 74 16 36 41 9 35 16 64 2 37 36 55 35 35 92 36 91 87 78 29 61 35 35 35 70 80 46 16 70
45 57 90 71 49 89 20 88 4 49 18 65 89 93 91 99 17 47 75 95 93 74 27 58 26 4 21 7 45 30
88 81 90 31 81 2 31 42 46 26 73 34 58 62 69 24 55 60 83 22 83 99 42 70 59 93 21 24 14 39
74 36 48 43 37 33 3 56 61 21 44 41 59 11 84 44 51 91 45 53 9 15 30 75 97 60 16 47 39 75
64 97 49 39 55 36 86 34 99 76 31 47 27 15 97 93 66 93 96 18 40 27 49 88 23 39 45 5 31 23
63 60 1 30 37 63 64 80 18 9 5 16 8 71 53 91 33 56 77 52 41 82 79 73 50 68 38 40 10 20
33 1 29 92 55 87 83 95 21 59 81 42 69 43 65 97 79 57 9 52 72 54 42 52 59 57 96 64 19 3
52 72 61 36 46 88 67 53 21 56 8 88 51 47 94 91 2 51 48 31 54 42 99 75 67 38 41 5 42 33
45 32 55 69 41 33 75 75 32 81 62 78 71 70 47 31 55 87 40 71 50 75 52 25 69 97 60 93 17 64
36 81 76 60 33 95 66 54 16 68 88 7 93 42 2 69 38 41 19 7 7 82 39 23 30 38 54 56 16 47
24 66 27 52 21 7 2 9 53 39 69 64 22 1 7 46 30 41 43 49 91 3 11 97 91 20 78 53 53 34
85 68 3 42 7 50 30 78 7 21 97 42 49 61 32 97 77 19 52 66 51 44 96 30 82 68 48 22 99 53
31 44 27 28 83 40 13 96 18 64 42 30 78 63 68 91 87 71 56 27 23 43 78 52 29 60 95 5 92 49
4 59 14 65 1 52 7 97 46 10 99 17 36 50 62 46 78 15 17 24 25 70 26 74 83 74 16 82 87 97
36 78 47 36 49 97 79 97 18 50 51 34 87 42 68 24 75 41 97 56 48 2 68 52 71 99 38 88 27 60
45 27 58 35 7 30 84 9 92 28 62 21 11 43 61 73 86 71 67 47 56 74 88 85 37 42 21 26 68 31
96 63 36 44 50 91 44 32 18 82 93 51 18 17 72 4 84 84 9 2 78 7 13 81 60 56 30 9 63 54
48 46 52 90 69 88 10 80 74 47 90 78 36 31 93 98 95 89 71 36 45 69 80 25 11 25 7 21 51 26
21 84 15 24 94 10 96 51 94 46 97 95 57 89 27 44 58 2 94 98 40 72 77 41 23 58 90 50 53 87
96 48 36 54 18 48 49 39 87 81 76 98 67 66 69 15 2 23 21 87 55 26 22 41 37 59 4 83 97 6
91 14 30 3 49 40 75 21 25 77 54 72 25 41 67 95 93 10 97 12 96 71 81 81 98 25 14 8 40 41
89 25 6 75 69 88 65 71 39 88 26 18 10 12 77 77 83 78 20 2 16 48 94 7 15 8 31 43 84 98
11 8 45 55 75 57 59 36 61 16 99 58 42 60 45 43 45 75 45 79 41 24 24 17 40 24 65 76 92 63
24 79 51 19 64 79 6 63 4 35 67 16 91 36 92 28 89 63 78 12 14 20 47 4 54 81 16 35 92 57
96 89 55 71 32 95 32 38 68 96 37 5 93 92 74 14 47 73 27 27 95 80 70 2 16 50 3 44 66 84
13 4 7 35 9 18 72 23 53 56 3 94 27 16 29 5 22 93 64 42 79 52 18 88 2 43 15 19 20 75
81 56 42 36 23 20 56 47 57 28 35 36 75 85 76 33 5 73 2 59 82 18 82 95 75 75 56 13 22 91
37 98 5 1 6 90 82 47 95 13 22 76 90 13 47 2 93 8 47 64 15 84 19 95 99 92 18 11 48 97
41 78 67 4 24 33 36 22 39 12 94 41 88 31 84 80 48 68 99 98 43 42 41 70 72 57 38 51 61 3
97 37 40 43 23 29 75 22 39 47 93 17 97 47 68 52 63 87 5 90 16 57 96 65 68 22 44 30 60 56
28 52 60 66 96 94 50 61 31 22 85 85 79 77 45 23 49 30 27 87 74 82 13 26 1 36 12 69 52 30
35 43 34 57 4 11 26 8 48 49 47 14 77 14 69 95 60 31 32 54 93 32 27 28 11 21 76 60 57 55
97 22 60 12 92 8 81 92 10 15 47 84 48 17 84 30 99 42 16 97 24 97 35 93 10 36 81 54 10 21
73 80 65 9 40 68 97 16 25 51 46 89 37 72 9 45 32 9 27 62 67 83 50 98 86 55 16 95 51 80
91 80 59 46 5 14 48 86 23 95 62 39 32 47 44 12 63 71 18 72 55 71 17 89 71 92 81 2 77 61
7 79 74 35 93 8 86 79 48 30 42 46 43 48 5 54 12 94 91 64 15 33 94 76 27 30 55 90 41 15
41 80 88 28 70 48 72 3 19 75 63 95 58 17 63 27 20 95 47 37 9 64 94 35 26 92 11 16 40 84
11 69 6 13 95 9 54 94 56 79 75 89 52 41 90 97 65 13 62 85 65 14 53 22 53 4 51 74 69 65
82 72 71 48 11 63 86 40 81 70 92 15 42 76 61 18 78 29 74 81 92 65 47 99 97 12 36 50 97 1
56 17 42 29 32 66 20 71 99 54 18 68 55 51 97 62 93 84 54 59 80 5 25 38 35 13 57 80 16 23
35 27 10 92 99 80 74 97 33 73 19 76 65 73 74 99 68 43 96 3 44 87 83 21 14 47 58 82 85 18
37 9 78 76 9 51 67 70 95 33 87 80 24 3 46 95 17 51 59 62 5 95 76 58 21 78 84 84 20 79
21 72 18 83 42 25 12 53 27 55 85 68 26 91 14 49 33 90 4 64 51 6 17 50 12 72 9 24 55 81
60 50 5 67 63 24 36 24 32 44 83 8 2 24 45 99 34 20 22 41 20 21 35 70 49 49 15 99 19 73
80 98 56 63 67 75 92 30 81 52 60 52 70 67 51 83 40 27 60 52 71 3 96 63 4 16 92 99 40 12
18 63 77 87 32 61 20 37 38 67 43 66 83 38 9 92 55 67 2 10 78 36 2 86 41 6 84 94 63 31
30 15 34 84 5 47 22 45 92 4 96 80 14 71 82 17 72 56 84 93 44 45 30 94 73 75 88 19 37 62
26 71 15 77 1 51 6 85 88 68 83 74 57 59 40 32 10 64 78 48 84 58 61 34 70 6 85 82 33 7
38 98 49 22 65 28 8 12 14 46 43 36 3 69 3 52 44 76 65 7 68 42 66 39 41 26 94 21 14 80
44 95 81 46 89 99 78 40 62 6 66 58 32 20 48 18 77 35 52 51 94 90 29 86 45 7 98 64 63 22
47 30 17 80 57 40 54 55 92 21 79 54 48 59 90 55 22 76 43 67 12 34 59 70 28 92 23 50 65 78
97 17 41 55 37 41 38 70 88 29 54 24 14 96 34 35 99 78 25 67 6 72 94 36 55 48 66 7 12 41
59 76 28 45 41 36 52 49 10 22 93 16 38 95 89 37 23 34 55 21 70 27 24 31 84 87 62 19 48 68

Demandas:
0 0 1 0 0 0 0 0
0 1 0 0 0 0 0 0
0 0 0 1 0 0 0 0
0 1 0 0 0 0 0 0
0 0 0 0 0 1 0 0
0 0 0 0 0 1 0 0
0 0 0 0 1 0 0 0
0 0 0 0 0 0 1 0
0 0 1 0 0 0 0 0
0 0 0 0 0 1 0 0
0 0 0 0 1 0 0 0
0 0 0 0 0 0 1 0
0 1 0 0 0 0 0 0
0 0 0 0 0 1 0 0
0 0 0 0 0 0 0 1
0 0 0 1 0 0 0 0
0 1 0 0 0 0 0 0
0 0 0 0 0 0 0 1
0 0 0 0 1 0 0 0
0 0 0 0 0 0 1 0
0 0 0 0 0 0 1 0
0 0 0 0 1 0 0 0
0 0 0 0 1 0 0 0
0 0 0 0 0 1 0 0
0 1 0 0 0 0 0 0
0 0 0 0 0 0 1 0
0 0 0 0 0 0 0 1
0 0 0 0 0 0 1 0
0 0 0 0 0 0 0 1
0 0 0 0 0 0 1 0
0 0 0 0 0 1 0 0
0 0 0 0 1 0 0 0
0 0 0 0 0 0 1 0
0 0 0 0 0 0 1 0
0 0 0 0 0 1 0 0
0 0 0 1 0 0 0 0
1 0 0 0 0 0 0 0
0 0 1 0 0 0 0 0
1 0 0 0 0 0 0 0
0 1 0 0 0 0 0 0
0 0 1 0 0 0 0 0
0 0 0 0 1 0 0 0
0 0 0 0 0 0 0 1
0 1 0 0 0 0 0 0
0 0 0 0 0 1 0 0
0 0 0 0 1 0 0 0
1 0 0 0 0 0 0 0
0 0 0 0 0 0 1 0
0 0 0 1 0 0 0 0
0 0 0 0 0 1 0 0
1 0 0 0 0 0 0 0
0 0 0 1 0 0 0 0
0 1 0 0 0 0 0 0
0 0 0 0 0 0 0 1
0 0 1 0 0 0 0 0
0 0 1 0 0 0 0 0
0 1 0 0 0 0 0 0
0 0 0 0 0 1 0 0
0 0 1 0 0 0 0 0
1 0 0 0 0 0 0 0
0 0 0 0 0 1 0 0
0 0 0 0 1 0 0 0
1 0 0 0 0 0 0 0
0 0 0 0 0 1 0 0
0 0 0 0 0 0 0 1
0 0 0 0 0 0 0 1
0 0 0 0 0 0 1 0
0 0 0 0 0 0 0 1
0 0 0 1 0 0 0 0
0 0 0 1 0 0 0 0
0 0 0 0 0 0 0 1
0 0 0 0 0 1 0 0
0 0 0 0 0 0 0 1
0 0 0 1 0 0 0 0
0 0 0 1 0 0 0 0
0 0 1 0 0 0 0 0
0 0 0 0 0 0 0 1
0 1 0 0 0 0 0 0
0 0 0 0 0 1 0 0
0 0 0 0 0 1 0 0
0 0 1 0 0 0 0 0
0 1 0 0 0 0 0 0
0 0 0 0 0 0 1 0
0 0 0 0 0 1 0 0
0 0 0 0 0 0 0 1
1 0 0 0 0 0 0 0
0 0 0 0 0 1 0 0
0 0 0 0 0 1 0 0
0 0 1 0 0 0 0 0
0 0 0 0 1 0 0 0
0 0 0 0 0 0 0 1
0 1 0 0 0 0 0 0
0 0 0 0 0 1 0 0
0 0 0 0 0 0 1 0
0 0 0 0 0 0 0 1
1 0 0 0 0 0 0 0
1 0 0 0 0 0 0 0
0 0 0 1 0 0 0 0
0 0 0 0 0 0 1 0
0 1 0 0 0 0 0 0

Capacidades:
0 3 3 0 1 4 0 3
4 0 1 2 1 0 0 3
0 2 4 2 1 2 2 2
4 0 3 2 1 4 2 2
0 1 4 0 4 1 3 3
0 1 3 1 1 2 0 1
0 3 4 2 1 4 3 2
4 4 0 3 3 1 0 0
1 2 1 0 2 1 4 2
2 2 4 1 0 4 0 4
3 0 3 3 3 3 0 3
2 0 1 1 1 1 3 3
0 2 0 0 2 2 3 2
1 2 4 2 1 4 4 4
0 2 2 2 1 1 1 2
3 0 0 2 0 1 0 2
0 3 3 3 1 1 4 4
1 2 3 0 3 1 1 2
0 0 3 3 4 4 2 4
0 1 0 1 0 4 4 3
1 0 4 1 4 3 1 4
4 0 4 3 4 1 4 3
4 1 3 3 1 2 4 2
3 3 0 1 1 0 0 4
1 2 2 3 3 2 4 1
2 2 3 4 3 2 0 0
4 1 1 3 0 2 1 2
0 0 1 2 0 1 2 3
1 0 3 1 3 3 1 0
1 4 4 1 4 3 4 0
