m: 250
n: 75
k: 8

Distancias:
37 35 25 12 40 18 6 26 52 25 4 30 7 63 91 7 80 17 52 91 74 7 41 26 78 81 61 12 79 77 98 66 19 26 52 69 52 65 88 49 23 19 68 8 99 16 37 57 64 83 5 90 30 86 8 70 41 60 94 99 93 52 70 38 34 99 73 96 18 81 26 3 25 6 98
47 58 27 44 32 91 82 12 13 57 48 73 27 92 22 17 58 58 44 74 31 39 42 48 78 18 63 83 78 69 92 73 45 83 91 52 12 17 81 81 71 66 81 7 70 86 18 20 24 42 43 75 85 34 7 91 61 44 55 35 45 21 49 28 42 71 35 3 63 97 48 52 63 23 22
90 83 76 90 81 92 13 27 33 57 48 20 91 71 32 61 34 24 1 52 5 44 88 40 97 17 89 95 29 31 27 3 25 48 42 12 4 58 45 12 82 26 21 22 26 83 91 59 86 7 74 4 28 84 35 6 72 20 3 27 88 25 4 66 70 30 47 95 63 98 89 94 85 82 59
71 20 59 50 88 63 77 25 43 46 81 99 98 66 42 72 75 28 44 90 92 85 62 34 7 78 85 6 68 57 1 23 29 48 51 16 91 47 14 97 14 39 16 30 78 41 56 46 67 80 51 32 89 5 90 36 91 27 12 7 66 74 4 41 23 79 81 38 55 51 48 71 59 18 85
25 43 12 89 52 81 37 59 80 33 38 59 29 69 69 42 60 21 79 95 82 14 90 20 72 49 47 39 32 48 47 61 37 46 87 23 53 92 58 46 60 94 25 92 55 90 78 75 94 20 50 22 32 22 16 88 81 9 63 59 21 47 78 76 23 28 29 15 87 10 78 84 20 62 99
7 89 36 49 60 85 47 17 85 70 70 82 61 22 46 42 63 63 29 38 54 34 50 55 44 81 11 80 61 57 89 23 92 25 36 18 95 25 27 39 1 73 1 4 13 60 62 90 85 10 56 79 28 52 50 8 6 58 7 7 90 6 64 38 95 2 63 51 35 33 65 77 35 78 25
83 72 63 19 68 8 92 59 25 83 5 65 27 46 32 4 90 40 90 6 63 66 41 32 92 69 17 90 18 32 51 2 45 94 51 53 38 77 95 45 67 33 30 76 29 18 74 13 85 1 5 33 10 64 22 25 75 39 34 52 48 60 15 27 26 95 59 30 34 90 4 95 78 94 92
3 54 50 78 85 13 78 16 1 45 49 88 93 58 2 5 6 40 48 15 33 73 93 21 14 34 37 84 12 25 99 16 46 69 53 9 11 13 61 77 13 67 42 67 69 41 65 79 59 77 75 73 88 29 2 71 33 43 20 94 4 62 81 71 27 81 64 11 54 35 99 34 22 97 25
62 63 76 75 98 19 55 86 5 42 75 31 56 92 27 86 59 95 35 42 66 45 3 30 14 86 58 14 35 43 73 10 85 84 78 85 4 12 51 94 54 80 54 73 6 29 77 13 63 89 18 97 83 43 73 44 47 88 4 76 60 18 97 25 25 17 18 97 55 73 13 86 40 46 86
23 68 3 84 69 12 91 62 30 84 5 83 88 51 47 55 44 41 62 85 53 85 2 82 52 89 94 67 51 34 5 22 17 44 77 80 78 3 33 72 78 42 95 69 38 60 74 89 38 91 96 19 53 1 17 9 51 67 67 25 46 63 7 73 55 41 47 27 62 48 53 68 29 76 57
60 23 84 12 77 1 68 74 98 36 81 98 68 25 3 63 19 87 52 89 73 82 50 20 68 21 89 37 87 99 2 67 58 6 10 90 86 37 58 20 91 20 33 59 80 24 57 59 38 37 27 52 70 27 21 9 40 36 37 10 4 75 49 88 83 71 46 41 2 61 63 22 25 91 9
34 45 74 19 31 88 56 9 29 30 70 70 48 45 65 12 8 42 25 30 24 84 67 66 12 4 98 70 88 56 88 51 84 34 49 89 46 29 98 20 66 30 8 64 11 36 41 65 94 73 50 38 87 47 43 82 25 44 62 92 7 17 35 89 61 15 67 75 14 20 45 76 87 46 86
23 24 33 9 29 50 91 87 54 95 59 66 29 87 80 82 30 25 2 8 38 14 80 60 96 63 1 32 36 77 54 49 2 1 58 24 98 31 78 12 13 28 87 81 68 90 78 42 20 24 97 94 78 87 75 66 27 19 61 61 65 72 91 32 41 52 78 71 47 85 73 33 87 73 85
38 52 99 18 61 78 10 67 94 47 21 18 62 17 17 32 61 67 9 40 43 62 88 69 65 36 52 84 34 4 98 54 70 18 65 9 68 47 39 19 78 79 21 82 10 92 45 50 35 25 56 85 4 75 78 62 59 79 50 65 25 94 23 15 9 41 39 86 21 70 79 81 31 5 88
64 80 97 24 4 43 8 65 2 59 33 29 55 59 82 56 40 20 24 46 36 14 21 76 86 49 59 41 80 7 46 66 26 89 39 84 78 76 17 36 43 89 30 96 46 77 6 44 51 65 77 94 39 51 70 95 39 26 13 20 94 46 32 44 46 62 34 63 45 59 36 64 52 78 81
96 36 54 63 8 23 65 40 52 12 2 72 36 8 56 71 68 50 79 71 99 1 28 92 93 17 98 90 16 56 86 78 60 55 90 68 32 63 73 73 2 79 87 82 50 6 39 68 86 83 79 86 11 86 72 76 24 3 76 40 27 75 10 66 32 90 52 13 56 59 40 15 8 5 73
54 97 96 88 65 31 46 85 11 30 61 15 82 27 56 34 23 50 4 79 14 54 62 79 65 57 55 89 26 31 61 85 18 86 91 89 62 1 76 70 60 65 70 45 7 71 39 11 54 49 87 46 47 17 1 76 18 23 95 72 92 16 95 44 4 72 25 49 10 4 81 29 1 12 10
73 47 92 91 70 91 97 20 87 82 1 18 77 40 63 85 59 66 33 22 36 4 31 84 84 52 33 23 33 77 39 37 38 52 1 19 33 14 3 41 99 6 72 37 63 38 58 83 5 65 14 50 48 22 9 21 88 25 59 9 23 70 74 33 49 1 19 21 82 81 58 94 23 18 91
98 7 92 65 82 36 43 80 99 73 56 76 89 65 18 75 83 19 50 91 32 1 70 34 42 73 51 89 93 63 9 69 5 54 63 49 97 52 22 87 32 72 2 69 95 18 46 90 4 62 9 48 52 41 73 38 10 44 11 35 1 66 81 71 53 12 78 57 16 50 21 78 25 44 43
56 56 38 79 99 75 86 59 57 5 68 89 61 18 93 37 91 28 27 40 60 87 17 89 75 91 35 48 64 96 49 88 39 9 47 73 79 17 86 31 29 8 78 29 35 30 21 21 1 22 68 73 18 75 20 79 14 58 24 73 67 80 33 96 95 56 90 45 75 99 93 78 65 55 67
64 54 2 54 73 30 92 39 58 72 92 56 98 73 73 27 65 34 75 67 76 14 54 87 28 30 18 20 93 7 96 8 6 75 33 84 52 58 60 63 11 82 68 66 53 21 83 75 81 86 65 95 44 76 99 72 60 29 59 17 23 48 83 1 64 99 34 27 72 89 41 94 82 23 94
33 6 40 19 99 22 49 4 20 56 21 81 8 9 28 95 97 40 27 5 18 57 82 54 84 75 65 12 14 32 87 40 80 32 33 94 92 5 30 49 93 15 22 7 38 26 73 81 26 99 55 33 62 85 95 45 32 99 47 28 46 76 54 84 43 52 4 77 33 35 2 40 65 72 79
22 52 7 27 1 61 44 40 16 50 23 83 98 98 61 90 53 93 98 38 47 54 40 58 18 44 50 77 50 17 17 45 62 40 52 80 42 52 14 39 43 69 4 11 88 27 78 78 90 47 48 28 46 21 54 93 15 50 71 26 72 9 42 29 37 96 10 17 14 88 24 76 70 82 23
49 64 43 32 7 38 59 67 17 46 40 61 24 88 62 88 34 96 50 36 75 95 87 48 16 64 63 28 64 9 24 76 48 41 91 41 1 98 7 86 89 23 88 72 49 78 13 74 25 37 12 81 28 57 36 39 6 54 26 69 3 18 84 48 63 52 10 71 26 63 20 11 78 41 61
91 74 82 58 87 30 60 11 6 20 51 15 11 53 33 72 15 46 96 65 45 47 37 97 93 46 74 20 47 30 77 37 70 78 21 13 32 25 96 9 49 40 4 44 74 38 88 60 84 56 53 82 35 42 9 16 27 88 53 31 51 10 8 37 29 21 58 14 96 9 10 37 65 1 36
18 49 84 13 92 18 26 94 44 64 66 73 10 78 84 76 9 85 79 58 95 96 15 77 24 59 72 75 67 7 13 70 5 33 66 92 71 66 60 72 72 81 84 63 18 55 55 21 44 42 66 51 70 65 28 56 12 19 42 30 56 97 87 17 45 28 44 19 79 46 88 66 20 59 67
58 37 15 9 23 14 8 5 41 16 8 51 71 12 3 17 42 27 29 2 68 46 46 30 13 72 43 68 88 56 97 1 60 10 57 21 39 62 94 48 78 67 33 90 32 45 16 69 51 53 61 21 20 19 28 69 7 32 18 21 5 73 23 1 69 75 6 18 42 95 89 34 75 25 37
46 31 79 22 94 5 49 87 42 88 26 54 61 60 98 79 48 71 1 3 62 58 66 66 42 64 20 52 92 3 73 41 78 14 63 89 61 91 29 32 95 39 31 72 30 41 29 79 54 79 75 20 32 49 86 34 8 25 82 76 60 17 20 81 68 14 77 14 41 87 88 55 16 66 3
59 50 92 92 91 22 76 63 80 15 37 65 16 63 87 14 21 87 79 13 76 98 23 19 95 63 17 8 32 90 26 51 94 95 86 30 96 44 3 65 57 41 69 14 41 89 22 24 35 20 25 12 85 99 31 33 13 75 63 3 9 34 72 19 48 4 29 19 49 73 46 7 20 73 9
44 45 27 28 84 33 91 30 4 75 82 40 90 92 47 82 57 97 35 86 1 18 65 34 46 80 99 49 42 27 6 21 75 88 97 20 22 53 35 43 2 25 62 88 64 34 66 89 22 7 69 89 96 3 69 97 89 77 55 32 70 52 4 30 41 89 69 55 31 69 91 28 40 96 8
48 91 52 6 54 17 40 75 56 69 11 5 4 30 2 8 26 80 92 31 19 97 60 3 41 66 2 34 35 62 26 33 23 77 94 10 15 71 67 21 37 20 53 26 78 95 96 57 27 36 79 10 80 40 19 47 65 54 84 92 19 61 1 77 93 53 8 97 24 13 3 8 44 52 51
90 45 86 65 64 38 48 79 35 10 4 27 40 20 21 76 20 93 13 52 66 38 2 72 28 11 7 52 35 94 7 96 35 57 76 36 48 18 4 24 23 69 57 90 46 79 37 70 29 95 73 19 81 46 16 77 12 42 1 40 94 17 21 25 46 52 35 59 89 28 2 22 1 34 46
49 36 94 32 65 69 56 44 44 19 56 43 77 12 24 36 77 45 59 78 46 13 47 18 65 80 4 99 97 70 77 20 96 76 19 1 43 14 14 48 75 31 61 58 61 27 92 40 18 12 51 11 53 77 15 61 67 5 32 30 31 25 87 27 70 53 93 92 13 81 30 6 27 44 68
85 73 49 1 59 93 35 49 99 4 31 23 70 77 30 9 50 57 39 3 76 53 43 5 92 1 56 9 61 7 85 61 30 52 12 8 82 23 3 59 7 51 67 8 28 87 55 51 11 7 18 83 35 24 25 17 41 59 21 76 92 15 21 55 51 87 27 37 3 72 53 93 3 78 66
81 64 23 57 75 95 20 48 42 14 92 97 26 83 18 82 44 60 77 95 27 5 35 51 93 61 29 25 35 13 25 44 75 85 53 89 1 42 11 39 93 53 18 92 11 30 87 14 20 63 28 35 53 16 5 70 71 11 22 25 59 96 79 55 8 97 44 40 3 80 73 60 93 95 30
64 92 52 90 90 33 90 5 81 14 3 93 23 6 24 63 51 49 9 34 38 39 83 15 80 19 83 44 68 26 89 42 30 70 44 24 41 39 99 22 64 18 44 44 32 3 91 22 51 9 63 70 55 30 92 81 30 5 35 84 99 86 70 68 29 19 36 60 44 17 43 80 83 84 33
1 80 32 10 54 93 96 51 98 69 97 76 99 93 80 37 67 9 9 69 17 39 88 47 93 54 5 55 1 39 80 73 91 20 80 93 17 32 38 29 96 22 42 89 44 47 61 35 21 73 14 64 67 39 31 89 17 81 98 75 71 63 1 62 80 88 52 48 72 86 87 56 84 7 51
35 49 64 33 4 68 74 61 15 76 88 93 36 17 47 81 98 30 77 67 57 17 56 12 18 27 4 37 13 13 83 15 69 54 3 36 18 62 17 10 48 93 88 29 62 50 25 61 53 54 51 29 23 12 57 41 68 75 92 8 13 37 4 81 58 9 52 23 61 97 87 31 43 87 75
79 53 65 36 55 19 10 96 99 90 88 26 90 34 76 2 44 48 8 28 70 21 4 33 2 44 41 77 86 58 7 80 76 90 13 99 48 73 29 99 90 6 87 78 61 36 77 10 18 12 57 4 57 75 76 21 18 82 68 67 61 5 39 12 9 38 22 81 54 76 55 22 23 42 74
79 8 45 48 16 17 74 13 51 55 22 89 74 28 20 38 25 26 92 62 55 18 76 46 89 26 31 73 11 50 9 68 38 12 91 30 54 7 88 13 97 25 16 67 54 34 38 66 30 94 83 63 28 79 1 20 8 22 12 96 11 2 54 90 8 83 40 66 4 43 49 10 84 72 46
58 97 99 59 10 24 98 58 11 54 80 82 29 25 20 35 75 62 28 22 65 12 25 37 44 30 29 31 85 3 21 76 40 88 49 54 76 65 49 74 27 32 41 1 61 4 8 38 50 75 32 28 15 79 58 12 28 62 95 9 76 58 83 71 16 43 38 43 39 58 49 95 8 29 8
79 23 22 45 15 55 48 46 72 33 73 87 19 43 45 48 90 98 48 61 94 45 74 6 97 99 26 93 94 95 89 69 41 37 95 81 51 81 45 75 22 26 97 41 60 91 79 50 29 89 90 57 16 38 72 50 58 31 16 68 40 48 19 28 32 41 56 62 66 29 97 93 85 66 93
59 72 20 72 60 37 8 48 95 37 64 28 7 59 58 63 77 76 11 63 37 71 98 77 89 11 61 29 85 94 3 73 60 86 97 62 21 61 20 17 42 46 72 39 22 11 95 10 17 99 88 33 32 56 90 8 59 18 53 67 5 2 64 19 91 12 92 17 63 41 16 57 1 98 98
54 53 88 94 99 93 66 1 57 59 49 48 64 85 1 77 84 12 33 26 77 58 7 69 49 5 91 82 72 51 53 14 63 98 24 42 51 61 86 16 39 80 85 29 19 23 9 56 37 47 9 68 70 20 41 80 65 25 76 36 59 67 6 36 92 24 43 83 81 77 78 94 86 94 95
62 9 41 62 36 3 30 53 95 17 70 92 39 55 33 12 88 55 78 50 53 75 9 12 8 34 30 37 30 34 83 51 68 95 7 51 70 87 27 74 92 78 19 13 52 55 14 86 63 66 26 69 72 19 34 33 80 4 44 59 93 54 97 3 49 61 76 25 35 82 71 13 56 14 59
60 13 58 99 63 44 45 6 90 31 5 51 92 78 47 6 30 12 90 9 95 88 16 73 82 21 33 72 69 53 81 79 45 96 72 26 55 46 88 48 65 23 64 89 62 2 1 59 33 68 17 94 36 10 31 32 30 86 88 23 37 92 88 42 40 36 80 50 12 11 92 88 69 4 61
74 58 45 54 54 1 26 36 96 29 69 24 24 31 46 21 63 19 80 17 41 56 61 29 99 91 68 70 98 19 75 67 37 51 16 28 19 39 92 14 84 19 89 29 7 18 56 69 46 27 67 96 21 13 24 13 62 63 63 41 11 24 81 23 87 41 42 40 96 21 59 97 77 82 74
10 68 15 28 60 76 95 31 64 58 42 12 1 39 13 70 29 25 61 83 1 92 20 47 23 11 36 76 92 94 41 82 72 63 73 81 33 38 9 10 42 59 43 60 13 39 6 18 16 90 28 5 33 96 4 68 60 8 57 76 45 61 27 15 75 43 27 88 77 46 81 30 20 6 77
49 16 3 4 6 79 4 9 7 7 51 67 11 78 95 37 46 72 46 2 20 29 62 75 96 51 13 97 86 6 55 46 68 41 45 46 55 62 14 30 34 90 83 28 19 39 16 80 84 32 80 97 55 7 28 99 82 90 85 9 27 94 36 78 20 58 10 69 56 55 62 80 41 57 36
52 43 57 58 66 62 32 87 60 86 44 60 4 17 29 98 28 33 23 39 8 25 60 5 5 68 90 39 60 17 95 72 29 5 82 74 46 13 42 55 54 3 12 62 84 22 45 83 32 57 72 72 33 98 51 1 96 58 3 78 36 61 35 72 43 1 22 99 58 84 34 84 63 97 33
68 71 96 87 28 49 17 11 75 63 84 56 83 36 81 25 3 68 93 2 35 32 44 44 90 80 11 67 74 43 30 40 4 16 76 77 27 38 4 84 86 44 31 46 97 42 79 95 3 12 47 67 87 17 61 94 83 6 38 85 28 36 92 71 82 40 43 54 35 42 64 89 44 1 27
42 7 99 79 37 28 63 92 17 45 1 2 84 59 97 52 22 99 79 81 19 62 59 6 65 27 33 12 86 67 91 5 76 19 26 37 46 82 56 45 14 46 61 90 91 57 39 71 80 98 45 25 59 17 55 14 56 14 97 49 87 30 28 86 30 15 8 51 48 2 39 76 12 73 9
8 68 73 47 73 42 10 63 90 57 16 18 31 66 74 26 27 79 79 92 68 2 21 43 48 89 22 51 82 27 62 18 54 54 76 58 73 92 2 54 32 39 14 81 83 91 65 76 4 46 18 53 65 73 58 68 15 94 37 52 92 45 55 53 15 45 41 8 59 4 11 56 28 9 62
41 20 21 58 83 7 58 53 61 53 38 45 47 17 67 89 36 13 70 70 28 60 45 17 9 71 40 97 5 31 21 24 98 50 35 70 92 35 78 9 32 78 50 28 29 92 57 80 72 44 10 38 56 16 51 14 44 68 41 21 90 77 34 79 93 38 64 66 86 52 23 75 68 77 86
42 33 3 73 97 69 50 89 56 17 89 69 18 90 10 50 65 27 17 4 42 27 3 39 83 84 36 21 83 35 10 17 8 51 31 8 39 50 43 71 42 73 19 3 85 22 67 64 12 35 90 66 1 86 81 43 87 13 89 40 23 16 45 75 39 14 29 85 40 67 69 66 98 56 83
28 91 73 49 97 12 68 19 89 67 19 34 79 28 21 15 77 63 91 72 25 88 69 33 44 24 99 97 3 19 68 4 26 34 27 49 74 80 79 33 49 75 50 50 90 44 81 10 20 37 5 84 42 84 59 53 91 97 69 84 71 97 85 82 98 83 74 36 95 73 59 17 88 35 48
51 96 7 55 44 26 96 22 67 24 69 60 1 15 76 78 76 21 8 18 63 18 33 55 42 27 50 88 51 12 94 32 33 51 13 15 32 34 31 89 22 82 65 3 53 11 96 18 43 67 14 32 2 99 56 57 92 25 53 1 15 29 51 14 74 32 28 64 4 39 9 72 10 85 37
82 46 8 61 27 60 18 71 55 15 8 40 89 84 53 45 34 91 59 50 81 58 76 45 56 77 29 8 5 22 54 73 81 89 24 55 39 67 88 53 45 97 49 9 52 66 18 67 11 5 43 68 14 63 99 46 38 70 41 35 50 44 12 12 33 64 85 10 84 69 92 76 92 17 1
74 76 29 45 61 36 92 50 33 71 40 53 69 29 23 19 42 3 68 36 3 33 55 94 61 81 13 12 61 95 6 63 93 59 47 11 66 95 8 40 84 50 7 91 5 96 52 61 73 44 19 45 12 96 80 81 11 83 34 65 6 74 4 1 85 77 26 64 98 95 28 22 14 89 13
20 22 68 88 53 4 32 35 60 14 73 96 96 25 2 69 32 89 62 19 73 12 70 94 88 74 39 40 14 31 23 87 48 16 46 21 21 25 53 33 2 66 87 35 40 47 93 17 60 58 72 45 11 62 26 3 96 76 79 28 35 12 3 56 53 98 75 4 49 4 97 55 65 72 16
35 55 41 81 36 86 45 24 50 50 97 87 4 33 99 46 18 32 87 93 46 91 7 93 1 62 24 3 58 18 59 35 10 52 18 45 34 45 33 86 50 31 39 74 79 92 58 27 22 83 47 28 11 40 29 42 90 61 13 70 21 53 70 60 44 99 13 98 73 9 95 66 39 26 80
34 82 15 51 75 39 84 15 47 74 6 80 46 47 85 66 79 98 69 19 84 13 62 25 98 99 87 9 27 46 19 2 11 29 65 64 88 26 81 43 62 18 71 23 18 96 62 10 15 64 77 34 28 86 27 80 73 51 14 1 56 1 47 78 35 25 47 89 96 75 96 51 69 11 60
57 13 93 68 90 3 21 72 20 68 62 43 71 15 14 48 56 70 45 21 45 58 76 96 3 5 12 84 67 39 24 63 73 76 87 90 87 74 6 95 46 13 80 8 53 3 29 7 28 66 28 33 10 91 41 43 66 36 24 81 56 83 59 7 73 1 94 50 41 93 6 71 30 69 15
24 47 4 42 51 47 23 46 2 3 40 44 2 18 39 33 91 81 68 20 69 9 95 28 68 80 86 92 28 49 9 3 27 56 67 20 6 29 32 43 64 15 19 27 56 54 22 31 63 86 91 55 68 56 47 22 39 57 2 72 21 4 75 12 45 85 55 32 44 9 16 45 61 59 74
16 64 84 39 82 35 32 31 29 49 86 67 29 89 6 52 24 81 69 34 17 62 59 54 35 2 21 81 26 30 40 3 21 81 50 10 15 21 65 69 45 88 31 37 25 28 6 87 10 71 61 9 70 99 24 20 89 3 37 68 54 74 6 69 32 67 79 32 61 92 38 48 1 16 67
75 95 45 10 50 88 9 96 1 78 53 7 20 53 42 99 69 76 27 67 18 74 93 57 63 19 4 41 82 75 44 32 34 51 50 65 11 95 89 51 21 94 25 46 21 16 84 79 78 77 20 64 3 89 78 15 30 24 69 69 56 53 85 29 42 13 54 43 71 72 39 74 45 44 37
83 32 87 93 56 96 53 65 17 42 95 20 69 97 42 29 33 54 26 23 52 13 11 47 52 17 86 61 91 60 57 70 8 95 72 89 25 59 32 5 50 56 76 66 35 46 21 50 37 46 92 69 70 62 65 12 33 63 93 91 94 16 97 44 14 27 17 2 49 35 4 7 92 85 42
65 10 60 12 12 48 67 5 11 83 7 10 16 29 6 81 12 6 86 89 28 36 60 34 37 26 76 96 28 15 48 23 17 40 41 49 59 33 45 16 16 56 38 85 14 66 57 14 17 9 58 93 39 67 57 51 18 86 66 80 68 70 85 53 33 44 61 7 39 98 84 55 10 31 22
54 17 31 80 2 20 15 31 82 61 97 98 33 18 22 51 35 18 61 54 14 76 77 5 81 12 66 4 90 20 66 96 75 47 24 20 34 14 22 48 70 20 61 65 84 25 7 18 85 14 47 30 16 16 42 72 72 79 11 55 94 61 19 87 93 24 18 55 62 97 22 74 90 16 45
79 78 90 22 75 54 84 29 72 87 88 20 96 17 33 19 16 1 73 49 1 42 68 59 96 12 75 64 93 84 7 34 31 40 71 44 36 91 12 82 36 10 32 57 92 24 91 11 69 98 80 87 22 87 11 86 51 62 28 2 24 31 79 41 90 84 89 56 76 59 9 46 80 45 12
17 52 53 43 30 81 20 77 56 34 26 5 77 53 42 62 99 98 50 66 58 62 69 37 90 29 40 12 16 61 16 4 85 10 59 69 28 30 27 29 58 61 32 13 53 85 99 8 27 2 81 85 11 51 39 14 53 70 6 78 70 82 63 74 81 9 20 6 20 98 26 12 49 78 67
68 16 71 66 32 1 84 42 3 31 14 28 95 78 80 42 58 1 23 88 49 57 92 58 63 25 29 74 76 93 65 4 93 59 11 96 65 38 24 23 30 23 6 1 63 31 56 87 59 8 31 14 90 68 43 19 4 96 39 38 67 10 22 83 2 79 3 24 12 2 43 28 53 78 79
34 66 50 65 5 92 97 63 42 52 63 38 99 32 38 65 57 89 62 32 21 34 31 21 26 40 32 53 93 18 12 28 7 84 48 9 25 5 85 86 19 59 38 39 53 88 92 73 71 59 9 49 40 48 54 46 27 88 21 39 54 61 10 74 15 12 42 4 37 42 21 52 59 17 8
30 76 78 2 67 28 9 45 18 55 77 7 59 44 97 49 19 6 76 35 44 14 55 9 15 63 84 15 86 21 47 93 50 84 59 98 99 93 34 73 56 15 76 35 23 21 49 34 98 52 34 95 73 30 95 41 44 90 81 37 52 95 96 7 97 21 30 42 8 1 88 15 63 17 64
17 86 67 6 83 58 11 44 95 71 4 18 22 18 14 42 78 12 51 55 87 59 14 2 15 43 95 39 90 68 79 63 34 73 41 29 87 91 76 52 87 22 29 59 96 91 29 95 44 37 52 37 63 52 90 38 58 32 60 89 40 66 90 12 18 1 49 5 89 13 85 88 70 74 65
25 89 12 12 93 97 62 8 32 98 48 27 16 66 49 81 73 30 40 54 51 90 43 45 10 21 77 96 78 64 32 23 39 76 52 79 59 60 31 54 71 92 63 74 20 60 60 56 40 4 89 31 94 31 85 21 41 78 63 76 94 22 98 41 18 20 8 54 33 93 9 93 48 28 4
81 65 79 56 69 28 42 7 55 8 20 40 75 33 93 99 66 43 39 22 60 15 21 49 92 48 23 51 28 36 24 59 7 85 1 57 52 44 18 83 62 76 96 32 83 4 59 78 45 25 8 87 38 29 68 27 60 4 95 28 25 29 65 64 82 1 36 69 75 90 48 78 74 10 26
65 43 48 62 84 18 54 39 88 65 13 32 9 17 59 5 84 33 6 94 84 52 84 76 97 86 87 4 57 12 88 56 19 1 82 89 6 86 1 67 68 43 66 23 26 35 92 95 3 33 71 42 74 84 12 25 85 41 83 38 6 2 28 94 27 52 6 41 94 61 30 83 42 59 19
40 33 10 33 65 90 13 98 8 64 11 65 1 64 26 89 89 18 5 28 58 60 59 22 99 87 58 59 19 47 70 52 31 11 64 48 53 33 50 99 85 49 76 24 7 56 51 51 86 32 95 51 74 94 28 39 52 44 19 47 83 85 26 23 15 77 43 62 84 54 41 65 39 69 4
68 17 41 2 36 31 36 54 20 85 49 43 73 3 26 12 95 44 7 10 49 18 61 24 11 24 83 3 90 25 21 68 13 99 69 64 80 9 27 67 98 63 31 80 60 20 35 57 82 53 24 7 83 39 15 95 72 49 60 54 72 78 32 16 93 97 86 77 50 68 18 96 47 71 91
23 42 52 35 24 22 30 88 98 7 52 49 20 2 61 4 78 19 85 24 84 38 98 11 19 13 97 74 8 72 5 16 90 89 95 51 19 29 19 31 37 21 26 50 5 67 62 64 16 78 21 87 16 98 21 22 2 72 44 16 20 27 86 34 28 68 47 15 90 23 20 90 66 23 1
95 27 60 94 29 76 94 94 28 27 76 91 58 96 38 80 46 48 96 42 78 48 45 34 74 74 97 19 48 30 98 16 49 92 54 29 22 31 83 52 81 93 7 59 88 84 98 67 88 51 82 85 68 24 94 34 92 43 82 71 35 45 29 87 89 98 91 57 22 99 80 21 75 73 59
17 1 33 83 89 33 95 28 68 52 79 98 65 76 66 44 9 15 58 69 30 23 76 24 54 29 19 14 44 75 3 86 91 13 4 56 17 48 74 87 70 54 66 8 42 56 54 47 18 23 26 36 45 78 72 20 62 70 5 73 54 49 30 4 57 48 12 61 36 48 74 72 38 19 33
9 57 52 22 38 16 49 99 83 4 60 83 12 52 97 88 64 73 12 80 42 60 44 71 2 63 33 58 61 95 95 62 97 9 28 96 85 29 90 69 16 24 69 49 43 21 16 52 55 51 78 6 84 70 15 26 20 97 75 82 45 74 29 8 14 6 75 76 9 12 40 81 66 88 53
63 88 84 1 8 67 98 42 99 78 61 23 81 8 78 59 1 65 99 29 47 56 57 46 8 61 38 92 50 81 37 51 2 6 81 43 84 78 44 74 88 83 93 89 88 77 20 74 59 87 90 25 61 47 11 67 28 4 48 84 6 52 2 1 18 12 70 90 52 86 14 28 21 44 55
68 58 41 6 70 98 42 65 56 7 62 21 14 14 93 87 24 24 98 11 78 44 57 99 26 67 80 81 82 40 47 22 42 43 33 36 55 17 19 79 12 50 54 65 89 49 26 39 38 98 17 52 16 59 22 40 70 13 2 25 93 38 3 78 26 33 4 12 77 69 84 84 79 46 93
3 17 77 73 1 49 96 66 95 77 48 74 71 14 89 88 14 29 27 93 58 86 35 59 69 71 54 75 95 11 75 75 97 52 18 53 48 18 25 71 4 76 25 13 62 88 49 89 61 48 64 50 8 34 71 75 92 63 98 42 11 73 42 53 44 82 6 99 61 37 39 33 32 88 54
35 67 37 41 36 26 61 23 17 6 1 83 45 23 58 58 25 81 96 99 27 2 8 96 90 1 20 62 92 10 99 67 14 5 91 7 58 89 9 8 58 52 88 23 48 11 5 71 72 62 72 84 52 41 36 60 76 45 45 47 73 70 18 42 26 44 21 20 50 70 66 66 88 45 95
87 69 71 51 44 55 38 84 14 54 45 56 88 58 14 69 63 99 71 54 31 25 51 58 82 91 65 40 24 42 97 18 40 23 70 31 63 66 26 46 9 39 5 33 66 10 98 77 6 26 91 68 89 44 80 34 91 65 58 57 40 97 2 36 57 27 13 11 75 5 2 36 40 32 63
90 18 60 6 99 21 22 86 52 73 10 37 38 47 86 84 41 12 53 25 28 13 14 11 23 78 45 83 60 21 44 20 48 97 25 71 53 11 3 59 95 74 89 3 53 26 97 66 79 46 8 37 94 40 32 26 42 90 82 50 84 72 97 53 46 14 51 2 78 70 20 3 98 60 11
87 61 44 91 88 18 28 65 62 61 71 84 67 37 72 1 25 5 26 75 91 27 17 71 73 7 67 17 37 1 78 17 64 42 40 62 64 34 1 36 97 73 46 12 4 89 88 42 16 63 50 40 12 38 68 33 6 89 91 46 87 89 66 89 41 38 22 85 38 75 65 60 39 5 91
52 92 32 10 36 20 56 35 12 82 99 82 7 17 26 69 85 30 36 73 11 23 74 79 36 8 7 94 40 50 47 4 21 18 45 23 71 33 28 23 51 82 44 63 15 82 92 12 50 11 7 36 10 11 16 56 31 2 6 35 33 15 91 64 72 49 95 39 91 23 74 96 98 81 56
32 51 67 47 28 82 22 75 18 72 11 31 51 23 43 78 49 40 2 26 74 78 89 97 67 57 21 38 22 17 93 40 19 50 41 75 37 55 83 80 97 85 53 12 25 65 53 58 7 99 75 28 80 63 16 4 18 49 31 66 57 63 41 1 16 4 82 29 52 75 70 48 55 93 27
65 95 62 29 75 17 54 3 88 40 1 63 96 58 56 48 90 19 79 33 65 76 57 44 52 97 83 79 95 42 17 36 40 99 8 73 82 18 44 18 44 47 37 65 50 79 83 49 86 40 63 79 6 37 52 68 76 64 36 37 50 7 55 31 76 39 5 36 7 62 1 77 1 54 50
11 81 70 63 5 18 59 82 97 64 96 24 34 52 79 8 16 91 68 69 28 50 76 63 33 72 66 59 91 11 51 75 3 35 30 25 13 80 69 67 55 92 29 35 6 17 67 15 61 77 66 54 25 43 87 16 68 9 6 10 57 1 16 15 22 43 97 89 4 35 41 72 48 70 43
73 30 27 56 93 97 25 46 9 90 91 2 83 99 7 93 68 23 5 83 18 27 25 12 2 70 57 21 37 91 45 55 55 47 26 93 78 40 35 4 27 34 88 59 21 59 34 71 96 64 69 67 8 88 64 28 79 36 94 15 78 74 40 85 38 93 4 7 85 12 67 91 89 33 73
32 4 92 99 1 39 67 9 76 29 46 5 7 44 38 34 37 6 40 8 65 95 39 91 66 81 84 55 6 62 74 82 11 9 2 98 26 4 41 85 75 22 3 94 11 86 90 75 21 95 22 69 15 3 75 98 96 55 49 78 17 81 61 67 47 15 90 37 52 36 47 74 91 57 37
47 92 17 10 31 2 36 99 88 15 73 49 11 2 4 57 58 67 46 65 28 96 1 62 30 46 14 10 16 80 39 71 46 64 29 94 96 8 29 68 19 97 89 91 24 18 66 78 11 13 90 88 67 39 96 4 37 23 54 19 98 74 3 14 26 42 63 12 74 25 66 89 94 84 26
62 47 63 47 24 59 10 52 34 86 18 81 58 30 57 14 81 69 73 68 75 95 73 89 2 16 17 15 11 37 41 77 84 91 39 50 86 95 44 30 87 54 59 98 53 2 46 62 87 15 64 77 40 50 76 17 46 79 20 4 4 23 67 70 53 61 53 54 86 4 78 30 11 76 41
25 16 58 22 46 82 18 69 3 63 8 93 37 98 87 5 98 52 57 29 10 63 6 54 89 85 81 34 49 64 8 75 36 78 97 91 63 37 33 98 39 2 40 96 29 44 30 33 78 39 78 55 57 9 92 97 44 9 1 61 41 57 11 2 34 6 19 92 33 70 70 91 87 32 55
64 21 51 79 79 21 75 92 51 8 14 17 87 90 25 82 37 9 59 65 90 9 50 50 72 64 52 95 93 21 49 47 55 84 51 48 60 23 79 13 88 8 63 66 73 78 57 49 78 12 15 28 27 50 20 30 11 51 75 28 87 8 88 48 10 10 36 23 38 53 25 58 71 9 81
57 7 95 20 37 39 10 45 68 15 95 61 40 63 56 7 65 9 52 82 26 47 86 74 57 48 85 49 81 62 10 60 58 64 70 71 94 64 84 52 62 45 31 3 68 97 34 71 23 64 27 15 38 52 61 75 23 42 77 44 26 60 71 41 91 80 93 87 18 49 10 44 35 83 46
23 85 62 53 64 29 3 32 47 81 24 30 74 20 24 28 8 31 7 74 4 59 45 40 60 58 31 81 92 46 13 78 79 6 12 54 31 89 79 76 85 85 79 50 46 11 6 87 59 1 39 2 50 74 11 27 9 40 34 64 71 11 53 58 22 32 36 85 71 96 74 20 66 85 71
17 24 88 90 21 56 60 64 5 32 55 41 76 6 40 88 50 68 69 8 96 25 77 82 58 50 95 51 7 84 6 86 65 12 25 1 66 84 64 94 13 88 72 80 99 36 77 60 73 30 16 66 62 12 23 26 68 93 92 6 77 11 71 70 52 6 19 32 17 29 42 30 29 39 40
65 45 26 16 97 35 36 66 23 27 8 34 9 9 73 16 98 1 96 25 64 76 93 77 89 42 75 82 42 40 77 43 91 53 93 50 4 46 74 84 74 4 15 70 14 57 69 47 69 26 30 17 18 38 84 50 22 38 35 9 9 27 99 51 97 21 5 31 58 87 90 63 88 12 20
53 77 48 76 79 35 94 25 5 45 58 23 6 18 88 61 51 70 60 55 59 41 86 7 45 74 97 68 92 97 54 90 37 23 3 3 43 20 11 32 26 46 4 52 17 95 14 82 77 53 14 6 14 94 70 25 42 81 40 80 74 93 64 70 23 59 72 32 75 30 83 96 23 55 2
38 2 52 6 65 8 8 15 14 42 62 23 39 55 68 49 39 49 42 37 85 90 27 24 93 43 51 30 99 5 50 31 2 62 60 78 61 58 31 2 47 12 54 41 33 20 44 14 63 12 40 86 46 25 55 97 44 8 59 14 35 8 15 52 24 89 7 10 97 12 9 63 75 90 3
71 78 50 67 44 15 73 92 37 99 82 12 66 85 28 22 52 29 18 94 28 51 57 44 16 85 48 61 82 78 41 83 31 34 96 55 97 66 98 52 27 20 23 32 33 7 82 46 3 65 14 57 92 81 67 2 40 5 87 68 59 87 32 57 60 95 22 77 55 37 35 1 12 7 88
28 51 57 84 5 58 47 68 43 57 64 20 23 67 31 74 99 95 5 79 76 22 64 8 48 17 77 74 17 90 91 28 31 70 42 47 3 12 79 66 32 32 99 63 80 82 55 63 59 43 74 6 90 78 62 15 31 39 93 51 27 71 20 37 44 4 79 52 43 75 26 97 79 42 91
33 24 12 14 25 60 10 82 88 53 69 25 53 23 46 87 95 22 5 18 73 26 30 14 92 18 12 66 36 89 90 62 4 53 39 94 98 65 96 79 26 19 52 35 54 42 9 18 40 44 30 51 72 68 79 3 71 44 37 75 50 34 16 41 4 39 45 64 51 43 42 89 60 87 95
16 40 19 65 9 19 40 88 90 87 78 18 24 44 85 82 12 67 82 47 34 23 58 93 29 79 35 35 53 28 65 83 1 98 83 60 27 98 55 66 24 51 1 91 92 53 46 96 8 38 16 79 27 41 9 29 51 80 12 60 93 19 94 68 40 53 31 84 74 75 80 38 16 80 39
64 50 72 94 50 58 17 23 74 63 53 62 74 37 68 95 56 52 32 31 75 39 17 17 46 71 35 81 62 35 31 85 84 17 62 89 10 46 38 33 99 65 81 10 18 40 69 44 92 66 56 89 52 78 8 62 70 20 18 80 4 98 17 67 1 47 79 73 85 29 10 67 23 33 62
17 11 82 19 37 64 92 78 43 67 35 44 8 31 8 50 52 53 85 37 72 26 50 99 16 32 66 41 18 51 14 50 4 39 1 73 65 20 94 96 90 17 45 11 27 94 62 87 51 87 20 59 69 83 38 60 93 86 65 50 19 3 32 20 61 6 15 44 5 51 19 78 1 33 4
10 98 37 18 37 13 95 30 49 15 90 60 99 47 37 95 1 26 90 63 39 71 34 51 9 23 79 84 98 28 22 5 35 84 10 56 7 19 75 9 39 46 48 53 42 67 63 93 12 96 31 43 57 86 83 69 15 9 74 79 61 72 6 9 45 71 53 14 72 72 3 78 38 29 17
45 96 16 63 41 79 53 80 35 6 31 40 55 93 15 15 22 26 92 56 58 86 11 98 84 45 1 10 87 97 99 38 68 51 19 61 21 81 23 83 78 8 12 92 62 58 16 27 11 64 50 25 56 1 83 47 17 65 74 10 73 77 24 61 81 45 91 80 37 56 48 54 76 98 91
52 11 72 84 30 52 40 1 19 45 17 83 9 96 5 51 67 99 97 89 3 94 12 19 18 36 13 42 72 90 86 32 14 52 81 9 7 26 60 13 71 25 54 10 75 22 70 34 7 87 24 66 71 20 42 45 47 17 25 99 97 20 83 30 38 60 63 79 91 7 31 93 84 66 3
55 59 85 70 98 96 96 45 90 12 98 88 77 62 99 14 9 67 57 64 18 27 27 66 25 99 54 16 83 62 79 66 4 65 69 59 49 44 56 9 4 93 49 21 28 81 79 91 77 14 42 44 31 36 70 79 41 47 82 95 11 46 36 18 44 38 49 80 50 3 37 56 72 66 85
29 93 67 93 70 85 12 44 26 34 82 70 62 76 44 3 78 4 67 46 84 21 92 25 79 56 64 70 21 96 53 8 24 87 56 78 10 82 6 17 9 98 6 27 58 31 79 65 43 34 24 3 60 64 40 34 17 39 98 70 41 34 4 21 3 92 8 11 15 70 82 5 68 31 2
5 54 40 90 34 71 10 50 61 61 52 12 13 88 59 54 8 19 41 54 69 77 37 93 27 53 33 73 3 66 6 71 92 73 94 7 76 15 53 36 5 84 50 32 94 85 54 84 63 21 79 70 29 89 60 95 61 57 56 22 10 76 95 33 47 29 58 17 26 3 46 38 77 56 49
9 49 33 75 69 56 1 8 25 51 73 33 90 20 20 29 74 83 22 33 13 50 82 13 58 81 31 68 64 78 36 27 99 40 89 18 37 92 64 1 90 91 87 75 73 51 96 98 46 91 15 23 64 62 39 55 39 1 95 86 32 17 68 78 51 44 79 64 72 51 8 80 50 33 37
38 57 29 66 23 74 91 96 95 75 41 29 10 94 62 91 24 87 3 6 18 43 12 36 12 99 69 41 93 99 75 56 38 66 84 58 49 22 4 56 77 5 22 42 67 95 4 53 80 48 74 71 32 50 14 11 79 60 76 6 35 62 97 97 87 43 15 80 44 28 5 30 53 14 49
95 45 33 73 55 48 60 86 62 44 26 39 52 38 52 62 93 4 35 12 43 42 78 51 44 39 8 15 74 44 3 90 38 57 19 39 22 9 67 27 18 24 44 70 13 17 92 22 23 26 7 1 3 2 73 79 26 64 35 54 59 54 19 43 56 19 81 28 92 24 87 83 44 38 8
90 18 95 24 57 54 38 72 58 51 34 75 82 24 28 53 72 16 23 42 20 64 11 11 82 55 25 41 72 56 7 31 39 41 9 15 47 51 31 62 81 8 70 19 43 48 68 35 94 54 39 66 66 94 35 91 31 23 10 41 98 29 81 76 84 3 45 69 74 16 71 75 9 59 24
4 1 46 87 94 96 69 18 28 37 24 5 18 73 56 60 73 58 84 88 8 90 87 94 59 35 1 20 50 94 35 4 3 36 25 59 33 17 44 34 59 79 26 93 13 65 92 54 74 90 17 30 95 4 58 18 34 49 92 70 66 49 57 88 62 17 48 48 92 36 43 11 4 23 70
33 45 92 28 82 27 79 93 35 32 9 40 13 63 57 45 22 61 54 78 8 77 10 13 80 56 36 1 3 80 81 45 20 9 65 56 87 65 85 94 53 57 38 69 11 48 17 42 78 19 51 73 84 40 62 50 44 5 24 78 78 5 89 85 81 21 44 34 12 63 44 38 92 64 7
18 86 13 61 88 18 30 86 93 26 36 70 22 7 96 3 5 20 65 36 47 53 32 77 55 57 84 48 50 97 97 28 29 98 50 1 89 3 92 70 19 92 38 94 77 21 63 99 16 22 83 7 43 72 92 57 70 50 89 96 92 1 99 39 8 27 67 93 20 46 18 24 78 21 28
9 91 35 24 43 17 23 71 81 39 33 44 12 3 19 94 71 96 31 83 75 94 13 38 74 3 6 36 60 47 8 72 4 72 7 62 28 20 41 45 42 67 89 21 35 93 67 90 78 89 2 42 55 56 48 83 2 48 31 87 22 93 12 14 60 25 4 36 13 68 58 3 15 29 58
43 10 94 89 52 61 63 12 90 51 79 77 19 99 36 87 35 65 75 52 19 4 20 54 31 63 95 66 97 68 47 41 63 84 22 95 78 17 62 33 45 83 11 1 75 37 22 3 29 34 38 31 45 62 38 15 68 39 67 56 14 88 68 19 45 80 54 96 55 87 2 94 92 80 70
17 80 2 74 42 39 33 31 42 11 13 70 86 92 21 13 54 23 37 4 62 13 41 79 24 11 53 21 41 76 2 66 93 89 70 77 20 58 47 58 69 45 62 41 91 72 33 24 27 69 25 36 11 89 66 87 65 35 34 88 37 13 66 71 45 81 45 98 35 77 19 66 16 95 89
81 56 7 91 18 42 90 27 88 72 45 35 71 77 35 37 75 7 53 38 58 23 1 18 37 25 34 66 26 70 26 21 97 32 93 79 93 68 89 65 33 94 21 55 7 20 68 67 11 88 74 23 62 21 58 65 11 8 88 39 39 88 7 41 71 86 8 31 65 77 73 11 92 95 79
49 42 80 98 48 3 65 34 89 63 6 77 25 14 90 31 32 55 35 11 5 43 65 13 45 35 19 86 89 60 5 29 32 46 96 93 44 87 6 57 30 79 56 94 23 32 18 91 75 26 56 46 39 9 64 21 63 35 31 4 31 9 3 40 34 98 29 11 88 11 75 25 7 30 78
94 50 39 17 3 26 62 19 16 19 21 73 43 2 7 54 31 87 59 66 60 4 6 20 35 22 85 70 39 61 3 70 70 13 59 25 1 75 60 29 55 6 61 73 68 68 58 9 85 76 89 85 94 29 56 96 86 70 60 26 61 41 93 53 56 17 74 24 70 49 53 93 11 1 52
45 42 12 83 9 9 91 90 7 32 67 84 21 89 26 1 33 57 37 8 75 15 25 60 21 60 17 93 55 9 58 28 94 27 92 98 43 8 76 93 66 10 46 63 96 23 99 23 26 4 54 36 21 1 24 81 18 22 40 59 87 60 37 69 27 43 89 49 82 35 67 24 86 97 30
21 3 73 41 43 49 23 32 85 83 49 38 63 29 44 92 70 95 87 21 28 79 20 18 76 16 84 74 3 86 39 96 24 42 98 18 99 99 67 1 70 85 29 75 22 97 74 13 25 60 9 76 73 17 72 39 10 11 58 85 38 98 57 63 52 91 1 83 28 94 52 33 2 29 51
16 3 66 40 16 37 47 35 34 8 74 60 51 80 62 88 43 22 57 16 11 69 90 50 69 23 99 6 93 83 30 6 43 80 16 88 94 46 31 82 43 75 85 75 39 64 3 62 57 5 49 43 98 41 42 24 56 81 93 8 14 25 70 54 80 65 65 98 87 55 36 62 65 38 62
32 49 33 9 15 41 85 13 89 35 81 36 62 68 37 16 29 46 28 77 72 23 1 13 36 51 20 21 44 68 50 92 9 43 87 77 73 64 46 37 11 74 10 12 62 88 31 11 92 10 88 78 36 78 55 8 12 97 87 32 36 47 55 84 37 40 93 50 8 14 44 46 17 50 20
8 79 9 52 90 80 25 16 89 53 78 61 96 47 78 4 79 96 66 63 75 32 3 83 64 81 73 82 57 76 21 48 30 38 23 33 42 86 48 26 41 43 36 90 19 43 67 79 62 79 38 56 79 59 92 50 88 74 86 90 98 2 86 45 2 77 55 90 76 21 43 96 27 50 74
78 32 49 67 93 79 26 56 1 95 68 69 11 11 92 64 91 99 63 27 9 61 60 97 64 47 67 59 19 71 34 59 41 99 40 96 91 11 38 27 9 39 85 75 94 20 3 38 99 33 38 40 15 60 50 25 14 26 90 89 74 21 32 75 10 15 20 43 27 47 3 70 78 64 28
35 90 7 85 79 79 57 2 95 56 49 5 2 86 84 34 32 66 9 11 26 87 56 47 11 31 2 41 8 68 64 84 42 92 35 36 74 4 99 98 1 13 67 10 40 8 55 51 10 66 59 46 71 57 7 92 89 34 81 12 32 24 92 29 89 79 70 54 55 95 1 34 56 90 81
6 18 24 13 7 30 17 24 52 8 29 99 88 52 3 80 14 75 93 97 80 2 50 90 91 38 61 98 59 25 87 8 4 28 13 90 44 65 39 15 82 64 90 94 75 32 42 82 52 68 50 53 92 69 76 79 52 47 35 94 85 38 2 35 79 50 62 80 95 75 66 93 22 2 80
23 46 70 20 78 90 42 25 78 26 35 21 69 10 34 38 69 84 31 30 98 13 48 34 18 71 96 68 89 50 77 12 7 63 85 80 4 84 18 46 11 52 98 47 83 77 11 89 24 52 18 91 64 85 18 70 11 63 97 90 65 13 41 63 10 45 29 26 13 56 20 56 38 61 85
4 49 93 71 3 34 38 41 45 67 92 50 51 8 39 74 10 46 21 51 87 33 46 32 75 33 13 73 86 37 92 88 90 68 67 41 24 95 86 22 54 46 84 60 6 30 62 13 83 80 31 95 59 45 15 55 54 64 6 10 58 98 10 22 42 52 72 42 59 70 5 9 11 96 61
70 52 26 94 34 66 16 82 8 13 36 87 43 44 64 20 24 7 31 18 91 83 57 99 10 48 84 9 32 88 65 68 37 29 80 73 47 82 77 98 60 84 23 74 4 50 47 95 72 33 1 38 10 71 38 65 42 68 48 61 81 79 79 32 67 84 39 49 1 15 58 23 94 20 98
68 29 43 11 59 68 67 17 20 74 3 91 71 11 82 69 22 2 10 70 41 76 72 9 62 81 71 85 40 32 33 38 19 72 36 60 67 52 42 57 97 65 70 12 13 28 9 71 78 66 49 9 60 75 84 66 59 40 87 1 42 62 33 59 97 14 47 40 46 3 68 26 89 27 78
98 12 32 88 68 80 8 42 46 22 72 59 8 2 52 97 33 1 29 23 81 4 27 55 50 57 99 5 17 11 76 37 33 66 83 66 82 1 88 61 45 45 81 25 7 82 66 42 17 1 67 44 70 80 33 15 45 95 9 3 10 64 29 92 2 56 71 11 27 61 32 23 20 17 23
16 90 95 88 62 43 12 34 79 84 14 70 44 81 2 65 99 53 48 89 45 89 8 54 30 4 12 68 27 36 38 10 67 54 78 99 4 97 90 95 72 49 62 25 80 29 55 11 38 95 29 4 69 79 15 35 86 74 20 87 71 47 15 38 64 31 19 43 30 36 63 21 36 48 95
34 74 68 73 96 95 26 56 88 62 96 23 80 6 27 25 82 72 82 39 38 66 11 98 50 51 97 93 43 15 46 3 76 46 55 44 22 10 14 54 7 30 80 71 41 19 87 56 57 75 40 85 14 86 44 62 89 39 38 8 57 70 94 90 34 50 22 57 11 33 73 60 70 97 92
92 1 2 69 45 83 99 52 56 25 63 91 41 6 26 77 21 88 13 51 94 80 62 15 49 26 19 26 82 65 99 98 83 50 94 76 60 15 41 74 87 97 40 90 6 20 49 9 43 36 75 13 71 19 46 57 28 82 58 51 13 15 42 69 9 40 18 69 79 49 85 55 2 74 72
18 93 39 84 44 48 43 1 82 67 36 36 40 18 56 10 52 7 44 84 21 61 30 89 41 57 39 87 81 77 51 96 30 16 34 3 22 14 2 26 89 98 28 50 63 32 62 18 64 94 35 31 37 21 93 3 82 67 95 24 52 91 2 71 64 39 81 35 62 76 53 42 35 32 83
17 42 79 29 74 58 14 25 3 14 91 34 30 77 73 24 97 99 87 77 94 79 17 19 12 44 32 57 12 43 95 91 66 98 44 81 11 11 40 83 45 63 46 81 86 95 51 6 32 32 52 24 59 82 72 18 26 1 86 91 86 94 77 35 71 93 96 71 90 72 13 25 19 54 72
7 62 75 82 31 98 32 97 44 96 34 13 30 42 1 49 56 28 90 56 65 65 10 67 61 71 38 42 66 99 55 25 50 61 84 4 68 73 98 63 27 64 15 66 35 76 96 18 91 72 23 49 24 8 44 25 38 18 5 25 71 53 66 21 19 31 15 26 60 63 15 11 43 82 66
55 16 83 55 40 46 42 66 52 55 71 74 29 69 43 4 37 17 75 98 18 34 32 83 87 27 90 45 5 14 88 71 35 95 85 56 95 21 21 38 74 94 14 97 96 2 30 81 51 47 3 39 53 72 30 25 86 17 11 91 25 10 58 36 68 5 43 87 89 67 40 21 93 46 16
78 92 12 68 76 32 3 73 68 77 62 78 72 16 23 54 38 27 21 86 87 74 14 50 64 19 55 57 96 99 48 91 44 54 48 69 65 22 42 37 91 87 88 36 83 72 34 62 16 17 90 85 77 26 80 73 26 54 48 8 23 36 71 94 36 13 5 86 7 9 72 90 60 38 9
18 75 41 76 17 95 36 21 11 39 27 55 38 14 54 59 71 48 43 51 96 30 78 44 59 35 79 38 54 15 25 22 33 13 65 63 33 40 44 5 65 15 95 10 4 80 15 47 75 46 41 37 78 8 45 22 89 26 56 14 72 73 19 71 47 90 18 9 36 33 93 74 35 66 6
6 70 3 40 50 1 98 77 21 68 12 92 40 71 71 51 78 45 95 91 49 75 92 70 58 28 7 49 1 15 44 12 86 78 12 4 5 51 72 65 68 55 64 48 64 67 75 73 90 40 40 31 65 12 61 81 51 7 21 15 96 74 58 58 88 22 73 1 82 43 86 57 81 88 56
98 73 54 23 93 55 66 68 85 70 89 40 20 91 33 68 84 49 30 48 37 39 1 74 23 63 27 99 76 15 70 64 8 62 87 59 79 49 77 2 26 70 78 30 15 8 83 66 34 83 51 79 40 43 12 49 35 4 58 6 67 33 34 30 75 45 11 54 33 55 32 33 99 89 78
6 45 19 38 90 86 78 24 25 66 97 59 68 83 43 87 88 20 57 4 22 61 78 50 4 57 1 52 87 45 20 84 22 68 56 73 59 46 66 21 4 21 96 71 52 97 9 44 72 56 86 45 18 4 50 96 84 31 7 44 20 50 67 91 96 20 47 74 35 81 50 99 5 23 98
15 67 10 11 4 17 7 63 18 57 57 55 95 56 33 45 53 4 94 43 48 32 30 32 84 54 28 72 45 77 83 80 6 14 24 76 60 35 64 90 5 8 52 26 37 83 36 8 17 72 80 14 32 7 99 29 26 87 96 47 61 24 72 57 67 12 87 39 76 73 84 75 25 42 74
32 24 83 56 70 62 83 56 33 54 56 31 63 77 73 59 62 78 67 95 22 29 54 52 46 21 17 49 85 26 47 60 20 85 94 79 41 5 13 36 91 85 53 42 65 69 83 53 9 18 58 60 30 65 43 36 45 36 59 50 40 71 32 16 35 10 63 52 44 19 7 17 59 2 6
45 31 48 12 40 13 12 67 88 44 3 23 72 63 98 88 10 68 78 35 1 71 82 44 95 22 19 58 74 20 47 30 81 15 66 42 34 35 12 70 36 97 62 91 70 59 6 84 77 48 96 31 66 77 22 48 73 34 50 75 53 33 88 57 32 90 39 14 5 21 53 81 16 27 72
64 57 66 53 60 46 9 76 90 90 52 66 45 47 76 42 30 7 35 85 27 98 24 35 31 3 1 40 40 24 23 12 44 12 53 36 36 67 64 60 24 23 65 43 57 18 63 6 93 66 25 43 20 56 72 38 2 86 61 44 75 4 15 35 42 12 83 60 31 33 29 41 35 61 31
70 76 60 34 89 6 68 74 54 78 92 16 71 68 88 5 32 35 53 73 62 24 21 69 18 65 72 38 92 71 80 17 98 30 92 35 12 60 6 25 5 27 3 27 16 89 70 37 42 89 2 38 12 38 47 3 80 74 81 78 16 69 16 53 84 17 71 94 46 84 52 69 54 54 65
8 9 16 64 29 42 85 36 70 88 92 56 48 48 46 15 29 29 42 45 68 62 12 67 36 56 45 94 37 91 28 19 93 9 17 42 40 56 39 18 45 98 87 85 73 19 58 58 92 20 71 3 5 14 98 18 84 41 76 21 77 93 14 23 62 74 75 66 21 57 95 61 14 73 39
68 84 34 70 46 94 42 36 18 17 16 32 97 44 81 59 48 97 68 69 97 11 5 56 46 66 80 27 2 10 67 10 86 31 28 18 44 43 97 12 90 66 41 3 43 87 29 32 26 26 13 25 44 7 85 57 60 93 84 90 41 63 36 2 12 19 25 47 17 47 76 58 4 71 62
91 17 7 92 1 52 37 51 18 84 75 58 84 66 4 97 79 61 92 35 37 85 59 46 81 67 77 17 86 27 14 79 86 13 92 1 70 77 95 38 33 9 28 30 97 14 35 88 67 85 72 40 1 45 42 98 74 26 86 40 17 1 35 57 56 70 27 75 78 3 38 26 31 3 71
41 92 30 36 13 29 74 26 89 38 53 20 6 45 63 23 5 81 9 61 18 86 94 23 21 39 30 12 61 94 81 65 64 82 46 79 4 22 47 7 68 83 1 66 59 42 77 96 71 82 93 68 45 77 91 74 83 29 86 4 71 59 88 31 14 11 84 70 50 38 19 49 17 16 4
95 41 44 59 70 76 59 28 37 2 47 74 68 6 15 84 28 4 76 89 79 79 60 65 12 56 40 5 70 72 77 82 42 19 2 11 98 22 55 48 70 69 43 59 93 62 40 25 8 34 50 59 4 70 53 62 96 8 43 94 89 12 6 47 30 1 41 44 93 42 68 15 15 71 6
43 61 4 9 27 60 40 87 33 24 56 11 46 61 51 67 46 69 49 78 95 25 57 46 81 24 41 10 52 29 45 89 9 12 12 86 35 57 99 48 94 48 95 91 78 10 41 6 67 40 73 94 71 73 85 4 84 81 41 39 31 54 15 85 56 44 86 11 87 59 19 31 16 71 14
31 84 67 91 61 1 47 95 78 96 32 23 13 79 58 11 41 75 14 3 77 60 13 11 15 52 30 35 71 47 31 5 92 10 24 22 27 88 51 53 67 40 98 17 66 29 46 45 64 76 92 42 90 31 13 51 92 45 72 13 70 6 10 14 64 55 16 76 26 21 35 5 45 70 84
36 63 97 56 88 64 14 32 64 74 6 63 91 24 35 92 27 48 14 75 92 66 54 60 22 51 32 10 87 60 34 88 62 19 98 40 20 46 42 76 97 34 37 56 96 57 59 56 42 65 99 36 67 35 82 30 89 11 43 52 36 79 24 12 53 47 79 53 31 43 64 51 78 86 62
37 73 92 40 24 94 80 27 54 26 56 22 6 2 93 85 2 60 59 28 38 6 98 4 40 67 58 29 93 15 18 70 99 99 42 58 91 85 73 3 70 30 72 82 36 55 29 91 35 46 86 20 14 39 64 4 72 66 18 92 94 89 29 82 4 85 6 99 29 80 65 82 13 6 83
84 64 88 35 58 49 18 36 75 76 17 60 16 83 12 89 45 26 59 25 53 53 4 70 15 51 79 43 19 16 28 29 54 38 6 10 39 80 79 71 91 11 22 59 25 5 15 64 28 56 62 17 2 92 25 81 52 76 16 37 21 30 83 3 44 67 75 50 46 54 63 36 37 93 6
52 69 64 85 3 79 83 36 11 49 40 8 92 25 89 26 11 99 70 10 91 36 16 86 78 70 20 42 6 71 61 56 91 56 63 80 13 59 62 74 47 50 93 61 76 75 84 77 67 4 41 59 13 29 64 93 69 88 67 69 65 70 27 76 54 10 51 27 48 90 59 41 39 6 22
27 69 61 70 13 73 77 14 64 34 14 21 78 22 88 67 74 46 25 20 99 19 28 89 22 41 17 22 92 52 34 74 17 96 12 57 74 21 19 21 19 9 25 11 78 1 5 68 68 49 74 42 92 79 81 31 24 24 12 81 52 6 55 64 37 70 69 77 60 16 36 28 75 6 96
30 81 11 48 49 54 64 28 51 84 98 32 5 34 13 6 45 90 40 1 31 13 97 81 26 58 67 11 86 96 83 60 96 80 65 41 66 26 69 65 52 14 88 61 75 59 64 88 63 82 94 39 8 51 27 12 64 75 6 80 96 74 68 23 36 24 98 4 37 90 29 10 29 10 35
14 59 96 72 85 16 8 32 56 11 24 19 67 20 17 42 99 54 12 31 90 2 46 70 42 32 51 21 71 77 78 37 14 34 25 3 50 78 52 10 58 72 77 93 21 73 43 21 15 88 32 44 58 70 26 36 75 76 17 36 53 14 65 18 66 38 41 46 81 41 57 17 74 35 9
71 30 73 68 43 79 57 1 47 15 62 87 26 72 61 22 83 26 43 19 7 45 59 87 68 54 11 51 66 79 79 77 85 52 71 68 89 2 66 22 90 47 27 47 71 39 61 20 85 15 44 26 51 91 61 94 51 94 72 6 66 25 51 62 75 2 7 58 53 19 67 96 6 93 69
80 92 4 33 20 73 74 6 69 67 32 14 91 82 43 38 1 16 71 54 28 87 40 36 51 64 66 91 7 28 84 75 5 16 76 44 51 56 55 82 10 64 88 72 50 9 81 19 72 20 21 48 87 28 88 10 53 52 99 11 24 47 24 70 41 41 58 62 22 93 68 87 71 97 45
12 67 36 59 36 52 84 57 99 36 36 31 88 60 91 33 46 25 21 34 62 90 71 4 77 9 95 99 20 38 39 12 11 52 10 99 18 13 31 99 42 25 63 42 57 51 2 30 72 75 94 47 41 62 60 78 64 40 57 88 87 47 83 72 5 62 82 17 41 8 46 28 19 83 58
53 52 46 76 85 77 77 51 80 3 92 56 86 42 2 44 8 96 77 78 80 65 54 46 45 89 74 61 70 30 58 14 84 25 48 62 47 84 71 65 90 73 87 89 3 50 35 77 2 79 26 11 13 51 49 88 50 37 92 26 82 47 51 41 79 45 16 14 30 8 72 57 71 20 15
40 18 71 67 99 21 58 27 78 64 38 32 46 37 1 81 18 9 96 76 53 40 64 59 30 10 59 19 89 30 6 93 38 7 67 22 32 56 32 3 63 33 64 1 87 90 30 37 67 36 7 66 24 79 73 31 31 32 52 13 63 86 13 47 73 30 58 30 63 28 52 73 48 88 81
55 59 62 19 12 50 25 54 56 21 27 72 30 48 81 95 27 67 22 82 36 88 28 60 13 79 1 7 20 32 32 31 94 33 99 26 58 61 61 45 18 85 24 60 33 68 19 85 92 80 60 43 91 69 52 9 63 63 32 32 69 82 92 11 41 78 83 99 43 54 29 49 91 18 60
6 5 60 64 98 30 54 41 95 9 60 37 46 78 92 8 39 4 24 13 25 81 55 53 82 67 20 52 59 92 87 52 82 85 26 82 83 36 77 93 95 69 26 94 85 3 87 64 35 35 39 83 28 71 37 55 81 61 26 85 29 72 75 27 40 50 15 62 60 4 18 43 93 29 74
2 25 3 51 79 63 58 61 8 56 67 73 7 17 61 2 41 15 89 52 93 44 22 75 14 87 73 12 20 32 78 14 57 3 56 22 72 47 6 74 33 72 35 7 88 52 12 5 77 13 73 24 63 23 11 32 90 92 29 65 83 55 47 3 11 26 33 56 96 8 28 83 39 76 52
63 91 24 66 70 34 54 47 95 54 63 71 92 31 53 3 68 42 41 45 15 76 20 28 56 24 54 32 34 51 36 86 81 29 28 71 50 7 98 32 42 92 87 9 24 13 83 4 51 51 45 91 31 53 29 63 33 21 34 1 7 45 83 55 21 69 43 1 39 30 49 22 16 99 4
56 24 63 62 14 69 95 14 42 28 68 90 69 5 28 34 48 26 65 43 33 83 96 27 53 27 93 75 69 7 92 5 5 49 79 41 24 94 60 71 20 22 49 25 18 70 96 29 52 17 34 51 22 19 11 88 70 74 37 89 55 25 84 59 66 49 30 59 93 42 54 20 71 84 83
70 12 21 89 53 70 72 12 66 62 62 42 38 89 71 85 44 1 30 42 90 48 13 86 5 87 76 85 33 38 74 87 26 45 55 96 11 43 82 86 5 42 71 91 76 3 24 75 45 20 60 1 67 67 54 76 13 32 15 75 60 41 50 57 22 87 66 6 22 39 73 4 23 98 20
8 55 57 34 19 3 27 98 74 71 58 64 48 99 48 31 3 24 69 23 73 36 85 37 52 91 70 33 40 61 5 42 43 28 76 71 85 41 64 26 10 25 51 38 89 17 66 55 11 2 50 19 11 12 11 26 55 69 93 41 21 66 38 22 49 94 18 19 91 24 24 13 68 96 58
18 78 86 15 2 83 81 59 91 4 94 18 19 48 72 31 71 45 89 18 34 89 3 74 4 39 35 28 17 76 3 30 68 29 67 21 68 82 52 62 36 64 76 3 31 41 43 86 85 71 41 64 31 46 13 15 89 53 44 46 50 86 93 3 7 70 42 52 53 93 54 42 74 87 18
87 99 62 61 12 23 82 70 13 38 40 34 41 94 2 72 93 63 85 56 5 1 12 63 90 66 83 75 10 89 24 72 11 97 19 19 73 91 84 91 48 89 63 34 11 1 82 93 57 6 89 35 71 43 93 52 38 13 85 1 48 12 44 13 23 1 7 38 27 60 8 67 83 25 88
19 29 53 29 54 83 31 38 49 98 16 63 83 13 54 84 74 98 80 81 67 1 53 58 95 73 3 30 95 94 19 8 35 52 76 59 28 45 3 14 38 86 36 56 58 86 58 24 80 21 39 84 61 1 57 3 72 89 74 26 85 59 36 21 36 50 48 70 76 65 72 78 66 51 36
57 5 46 28 32 12 41 86 4 85 18 97 51 12 77 83 36 63 59 98 50 70 95 57 79 16 62 72 71 25 66 78 68 59 39 19 23 63 33 92 68 60 71 87 72 95 23 60 13 89 49 85 36 38 1 72 50 27 12 87 62 73 48 19 2 62 75 76 36 45 88 41 85 64 21
49 19 68 34 49 39 9 3 41 96 55 74 78 16 28 22 82 46 15 62 86 93 28 7 82 95 78 14 5 98 43 86 18 68 39 7 19 74 21 79 82 51 29 51 4 47 40 18 45 65 82 32 42 71 66 66 14 99 98 8 26 16 44 45 69 71 49 91 14 17 84 96 36 60 33
25 98 28 15 3 5 97 24 19 1 8 5 79 36 31 12 78 65 84 9 20 25 47 22 98 54 34 82 16 21 36 27 31 53 66 12 19 75 69 25 73 58 77 56 26 28 66 94 52 85 3 72 60 90 35 76 36 34 47 48 43 50 54 31 17 52 26 97 36 72 22 82 5 91 70
6 8 65 95 42 70 47 51 69 21 35 50 19 51 2 90 14 91 89 23 16 81 27 99 64 49 65 53 70 66 41 19 38 73 8 5 40 32 48 28 57 3 6 58 71 22 58 23 72 65 96 72 89 10 83 74 38 16 16 78 86 28 15 86 28 34 41 78 5 50 13 82 35 85 19
17 39 56 18 55 85 21 13 34 77 37 93 93 46 69 39 61 13 3 10 51 45 53 27 43 67 96 55 19 6 36 90 99 29 25 23 34 62 68 5 5 44 62 51 28 23 8 28 32 4 31 17 99 41 11 42 66 68 98 56 49 44 65 30 63 7 38 13 44 74 78 39 90 55 11
57 58 23 45 73 76 25 91 34 13 41 99 91 80 62 99 43 9 55 59 60 28 85 58 83 2 3 45 50 64 80 79 22 25 99 8 63 37 75 88 87 19 10 28 47 91 43 11 46 9 50 81 39 56 28 97 98 24 34 12 58 12 21 82 66 35 45 73 96 48 89 98 90 8 11
34 32 83 32 23 49 97 40 56 16 81 94 69 56 44 34 88 97 10 12 13 62 10 94 56 27 94 23 24 37 41 23 69 88 93 99 29 25 98 64 77 91 15 44 91 15 83 66 23 35 32 81 71 38 44 65 65 6 26 31 89 26 59 40 3 4 18 57 14 24 78 18 98 31 14
54 51 1 17 20 2 71 68 5 46 52 61 58 69 13 21 8 94 8 44 54 63 43 69 51 90 98 43 2 62 97 88 86 70 24 94 65 81 93 71 43 1 50 22 11 57 88 60 79 84 15 20 95 22 86 17 7 78 95 89 64 10 40 32 31 59 17 91 97 44 3 32 81 87 43
55 35 48 35 64 11 54 82 43 21 14 53 29 7 32 26 43 47 41 97 53 44 40 27 36 66 26 33 57 65 76 25 46 13 37 73 65 26 95 46 39 35 10 18 70 73 71 5 28 72 81 65 48 10 85 3 62 89 59 74 94 84 38 17 60 5 44 67 73 76 24 76 12 1 40
66 30 85 45 57 21 38 60 2 14 75 15 45 94 67 7 82 68 31 91 50 64 99 79 95 46 10 61 82 4 55 1 28 31 61 28 65 81 78 31 96 89 59 14 13 27 80 97 58 55 61 74 93 3 58 81 89 87 60 26 91 11 11 91 40 55 64 52 18 19 35 42 1 30 62
50 42 1 46 32 87 81 61 43 8 60 57 87 27 54 7 76 28 90 42 20 4 74 16 78 89 72 26 8 48 60 39 79 90 96 88 60 71 33 8 68 44 53 48 52 46 99 29 78 26 5 29 8 15 81 9 61 15 41 42 7 9 85 92 26 26 32 38 4 99 45 99 26 18 40
4 91 84 98 55 41 50 61 26 81 40 96 82 40 85 54 85 28 3 35 15 52 26 34 54 91 78 71 7 9 45 66 96 41 31 70 8 52 63 93 65 66 4 54 10 45 36 23 88 39 36 76 93 35 74 19 10 38 47 35 77 23 83 39 1 96 97 68 89 93 54 77 29 90 98
32 49 32 68 17 88 35 42 80 93 72 96 8 25 36 4 34 11 97 45 69 2 68 45 30 69 64 78 13 2 33 34 4 72 70 78 31 68 99 60 24 86 66 19 86 48 20 15 17 20 19 11 78 15 26 23 60 77 4 75 16 50 49 17 78 53 53 78 91 54 33 58 65 25 39
60 89 85 29 36 18 14 93 81 92 46 63 81 25 13 6 14 10 44 98 58 72 52 71 13 10 85 36 41 57 35 78 18 12 43 29 64 60 22 58 85 29 13 89 8 90 54 32 28 73 65 50 46 29 32 92 14 87 35 86 5 64 48 49 98 97 16 87 30 35 84 42 14 11 62
39 69 33 92 67 47 86 24 43 56 56 50 41 54 79 89 27 30 18 14 14 25 36 19 26 78 44 6 71 53 84 97 55 8 29 35 89 49 38 92 39 37 70 72 12 96 93 44 60 16 86 48 14 29 76 1 83 59 29 78 64 25 53 54 76 94 1 52 88 30 90 50 24 87 72
76 47 27 18 33 58 84 16 46 5 99 33 13 20 10 42 21 32 23 80 22 91 74 20 58 58 3 46 59 98 36 1 21 31 34 59 16 26 34 58 58 38 86 69 34 2 15 87 95 87 3 84 37 60 82 84 67 49 51 13 34 95 7 45 51 28 29 21 81 27 13 43 60 52 98
78 26 30 32 71 90 81 48 44 39 30 84 39 52 29 40 81 48 7 51 2 80 29 8 26 4 56 85 17 24 77 75 22 29 19 37 15 94 16 10 94 93 4 11 66 55 76 68 19 51 49 62 39 99 96 33 85 98 83 40 48 79 38 50 68 82 89 32 1 98 68 7 55 10 55
71 98 21 29 16 4 64 71 32 97 37 66 18 15 12 66 50 48 10 32 26 3 79 49 41 29 4 4 18 98 99 18 95 32 37 27 36 23 22 38 90 65 28 48 6 29 83 53 47 79 61 44 73 19 13 58 20 67 87 45 46 52 88 22 78 60 54 41 5 30 54 3 68 97 59
19 93 35 48 31 33 15 19 21 60 45 76 55 85 5 91 78 62 25 86 74 64 37 64 6 19 73 27 14 45 4 95 11 88 28 80 79 15 90 70 51 56 24 49 53 88 78 71 84 97 52 26 36 31 1 76 16 85 80 93 93 76 48 69 72 42 71 20 22 41 40 56 14 45 50
82 29 29 35 38 81 50 54 37 71 1 68 4 10 67 1 26 98 46 48 2 35 61 43 11 30 86 21 51 20 7 92 33 85 78 57 13 14 42 61 80 41 94 70 16 4 71 46 94 75 57 40 13 46 81 50 53 5 35 13 69 38 55 52 1 31 70 88 45 8 52 65 82 65 40
76 39 1 30 13 47 11 87 84 36 87 79 57 80 76 54 86 65 90 9 84 51 16 25 81 21 39 28 37 96 87 43 4 12 91 13 51 28 66 12 58 98 48 49 40 13 18 12 33 66 39 16 7 43 33 21 27 16 53 31 81 54 59 70 79 5 77 96 91 35 97 99 52 36 64
61 80 40 26 92 80 62 83 85 5 72 99 90 29 31 63 3 80 70 97 59 19 40 39 49 81 43 9 79 51 36 2 3 66 61 65 75 70 41 95 22 63 58 36 15 51 56 60 45 5 87 32 27 13 69 7 12 88 21 59 82 17 44 95 99 11 85 34 64 43 45 27 26 86 78
54 76 46 96 98 66 46 54 3 6 55 35 64 72 6 69 83 56 5 17 50 24 97 97 84 52 57 39 74 66 17 35 31 53 88 31 23 56 42 18 33 76 59 65 56 51 99 68 14 76 64 44 73 40 14 9 26 96 20 18 80 87 52 92 23 29 90 85 96 93 15 90 42 23 71
98 32 39 95 40 67 38 1 27 6 23 4 97 70 96 21 32 36 67 21 81 59 6 51 14 26 78 96 42 37 29 5 50 40 54 84 55 30 48 42 16 79 41 4 59 80 11 92 78 73 25 47 93 10 42 52 74 99 62 74 88 18 83 84 1 41 31 34 51 14 33 91 41 6 36
16 9 69 59 16 51 54 33 76 67 23 65 40 28 91 51 20 33 53 89 75 52 16 11 6 30 4 10 68 53 1 78 57 12 30 40 10 32 72 39 26 70 85 30 74 24 18 65 19 20 12 66 59 69 76 79 12 59 37 99 83 81 35 36 11 62 74 16 35 37 95 46 52 62 33
93 22 29 14 34 97 56 93 6 75 34 53 60 68 4 77 18 55 56 29 49 46 99 64 93 1 40 92 40 31 31 60 47 68 54 25 95 14 9 95 85 97 39 79 79 83 14 37 34 50 95 92 9 3 72 12 34 18 5 75 13 77 10 86 25 92 18 53 88 8 4 6 13 32 35
41 58 24 21 62 13 30 54 98 98 15 2 13 22 73 22 74 75 65 94 72 91 22 68 39 61 65 72 95 26 84 30 16 72 10 21 5 84 3 76 35 97 56 48 84 24 4 75 60 38 30 87 8 87 7 35 15 82 32 48 43 98 34 87 27 64 22 12 67 95 25 6 51 74 67
77 60 45 2 92 39 43 72 98 69 13 50 45 92 47 19 24 14 34 33 55 44 92 42 28 83 31 59 97 35 17 93 50 38 58 55 97 61 2 86 59 64 7 15 75 44 74 26 39 54 95 60 64 54 12 68 44 64 4 91 23 49 5 98 83 73 27 21 34 95 43 37 30 22 87
16 11 12 81 97 30 23 9 36 72 43 62 12 46 75 59 81 77 48 97 14 1 8 15 39 66 56 13 96 44 8 33 7 2 95 57 99 73 56 47 42 20 18 49 34 8 50 95 6 12 72 68 20 26 57 53 86 36 72 3 97 41 40 2 72 51 86 11 21 16 42 32 75 80 8
94 63 96 71 71 32 67 37 53 72 20 50 64 77 90 98 92 53 72 75 12 67 51 69 23 76 30 35 71 39 81 43 27 1 47 22 56 18 35 77 29 30 37 58 54 34 67 67 33 38 91 35 45 54 73 25 10 18 96 77 17 30 90 54 67 60 8 60 29 85 86 19 75 24 53
99 15 35 67 26 59 72 14 95 32 60 67 27 12 17 12 69 11 29 87 44 10 45 17 11 7 29 43 21 18 35 73 88 62 80 4 76 60 92 22 95 69 6 75 25 77 55 79 90 83 51 91 15 1 86 32 1 43 26 18 54 47 32 67 15 12 53 46 73 75 56 6 36 77 68
81 52 80 90 36 9 52 29 76 86 58 50 47 10 58 40 9 7 47 57 45 42 99 2 91 73 25 24 83 77 86 82 34 43 5 68 45 57 49 24 24 23 46 37 27 50 64 6 70 56 73 96 72 41 80 71 80 27 61 95 81 46 40 95 85 59 67 20 57 21 42 83 21 90 43
84 46 15 1 20 43 62 42 56 91 56 7 40 34 34 57 39 11 51 33 79 56 71 33 89 58 69 97 5 40 40 96 92 71 27 74 88 59 58 87 41 50 19 79 58 31 2 82 87 15 22 17 43 90 82 46 31 83 78 77 11 39 34 35 93 61 82 53 32 16 49 89 46 95 1
3 92 98 63 85 1 29 13 18 26 14 22 41 93 36 17 59 22 4 92 55 51 40 77 93 16 94 35 42 26 81 77 2 5 66 66 72 32 34 68 77 66 95 14 85 52 21 24 89 41 82 97 60 88 1 64 10 68 13 17 32 73 49 23 61 80 52 8 1 28 11 12 70 50 57
57 78 58 37 77 36 68 11 17 74 26 89 96 6 62 38 54 21 35 3 69 28 99 93 99 90 70 75 41 99 46 89 62 74 63 94 10 35 58 75 97 93 77 53 64 31 39 45 23 82 13 36 83 48 2 56 36 16 71 3 34 40 85 30 79 34 30 52 91 22 19 26 43 20 97
29 39 7 13 94 32 44 94 12 3 45 15 11 16 53 19 10 48 27 47 34 19 48 83 80 12 6 34 76 29 51 84 33 94 86 34 27 24 63 31 46 33 16 39 83 97 87 48 59 96 79 32 62 89 66 71 29 8 25 7 88 52 64 95 65 16 49 74 44 50 46 7 59 12 4
55 91 60 56 90 56 95 13 6 3 48 72 13 59 46 20 71 57 21 65 35 79 3 69 64 33 95 68 54 15 89 41 31 21 97 93 83 86 43 47 21 46 49 42 12 4 64 86 6 89 37 19 12 89 73 32 37 70 42 2 4 54 63 48 49 70 65 99 70 30 74 79 2 11 24
1 88 23 58 82 68 23 9 52 54 76 79 36 53 44 6 89 80 34 66 4 3 65 44 12 26 13 37 87 80 50 52 86 47 70 77 81 17 5 41 58 65 37 3 64 44 83 8 86 20 56 95 84 42 8 25 61 29 71 30 78 27 79 27 69 3 11 74 61 50 50 4 54 94 82
51 92 50 46 21 79 32 41 39 78 72 43 28 96 65 43 76 8 6 35 45 68 76 15 39 16 54 18 14 37 53 6 44 96 88 61 92 52 90 58 45 59 46 75 62 98 15 37 58 97 61 32 49 81 64 52 56 10 68 48 63 22 12 35 37 55 52 66 39 64 32 78 76 50 70
96 89 50 73 33 48 50 46 29 33 36 61 14 94 37 39 14 81 59 73 50 63 21 26 43 85 52 87 68 97 62 58 36 67 33 30 23 48 26 60 34 52 29 40 11 2 6 56 57 88 85 58 66 27 88 90 60 85 34 42 55 2 81 52 23 35 22 76 6 7 48 18 97 96 66
97 45 87 38 92 80 96 56 17 34 16 78 37 89 96 69 93 62 28 28 88 49 86 53 97 41 67 28 7 14 98 47 80 52 81 20 80 17 72 35 65 17 53 41 45 72 46 86 63 2 45 72 50 49 49 75 58 11 21 81 9 95 88 23 64 70 40 57 66 70 65 28 2 78 92
41 52 92 66 54 38 11 3 93 66 41 37 27 53 29 95 97 92 46 98 97 69 28 50 2 51 74 46 30 9 8 28 55 22 2 47 33 63 10 76 87 4 7 15 66 12 98 71 60 13 62 45 23 86 88 53 90 9 68 83 1 2 99 58 87 63 23 73 89 85 71 80 51 64 8
14 58 18 82 62 16 40 1 72 6 8 78 54 88 97 22 27 91 32 35 10 2 53 34 5 62 21 76 81 64 87 66 9 32 30 23 22 62 98 65 26 71 80 22 76 92 53 86 84 48 41 85 56 9 3 88 60 72 4 24 86 67 66 93 39 38 35 36 24 53 94 80 7 11 88
60 35 64 49 58 70 73 8 35 36 8 7 64 30 35 51 4 57 37 61 51 10 88 18 58 33 12 71 15 51 54 59 14 50 50 16 27 28 99 96 41 67 91 34 1 1 7 84 96 13 92 63 5 50 75 58 58 40 67 92 98 5 59 60 6 5 44 66 30 79 68 75 95 80 71
91 12 58 60 68 59 10 41 40 82 7 28 71 42 7 20 97 27 7 96 52 41 76 10 44 64 83 45 79 89 4 69 83 71 44 86 62 47 70 52 43 48 68 71 35 86 30 21 65 56 28 61 6 43 93 35 17 34 64 89 11 62 30 69 99 60 33 87 72 28 60 56 24 4 82
29 58 95 35 91 35 14 66 34 77 93 92 75 23 37 41 20 7 98 63 71 84 32 7 81 60 45 74 4 59 74 98 58 55 56 88 24 31 23 68 31 6 81 48 58 92 63 34 64 69 39 21 23 82 31 20 34 90 50 48 12 96 69 97 56 2 78 65 83 17 23 93 33 55 8
60 93 68 19 72 81 27 90 47 87 47 23 67 85 44 1 85 29 52 22 91 35 94 3 1 34 4 89 6 38 78 38 42 23 27 62 46 30 60 40 2 3 92 82 85 44 34 57 10 76 62 1 29 58 78 78 34 50 96 28 26 28 32 83 88 79 4 52 27 78 97 26 25 36 53
32 40 36 52 48 59 73 78 72 82 68 63 34 32 71 27 42 78 26 71 34 62 67 34 42 71 98 58 24 38 49 2 99 88 3 63 71 43 21 84 3 72 99 49 16 40 6 81 69 45 45 90 34 93 73 50 60 62 36 41 21 49 89 36 60 89 15 53 81 99 97 94 76 3 38
26 65 44 47 89 67 98 68 1 11 58 82 44 64 38 35 81 65 64 54 40 72 25 56 3 79 47 89 34 12 26 87 8 83 84 10 52 8 72 74 11 62 43 97 79 96 64 57 20 27 63 15 45 40 24 1 96 64 46 52 87 13 10 33 47 68 49 75 34 39 73 43 36 12 9
83 63 97 79 88 18 40 64 98 40 12 25 85 85 63 43 38 88 29 78 46 14 91 54 3 75 98 55 24 30 81 7 65 67 25 21 91 13 65 26 49 29 85 54 66 73 10 73 56 29 25 47 64 50 74 24 2 61 50 97 94 9 36 74 39 79 62 96 1 8 8 68 9 98 35
14 44 4 27 82 35 98 45 7 78 21 74 42 36 27 74 81 88 81 33 42 75 74 42 68 54 78 68 19 32 34 25 45 98 45 92 95 68 48 95 11 27 18 35 6 59 14 39 78 19 48 47 17 74 70 81 83 14 40 39 61 57 50 32 31 39 7 62 8 26 72 46 27 19 27
70 26 48 38 71 56 30 15 5 72 47 13 45 41 45 59 36 25 41 26 99 8 30 55 84 1 59 59 89 56 93 19 40 97 16 68 58 40 73 69 87 10 25 20 82 82 18 43 13 81 22 82 73 23 98 73 19 9 61 72 24 28 9 91 46 78 30 78 83 47 98 40 81 66 58
3 26 12 80 35 9 55 69 9 57 63 78 32 47 23 77 66 33 73 35 63 66 73 55 13 23 36 85 6 80 16 57 32 24 71 73 1 16 13 61 23 1 96 84 22 57 38 64 94 2 26 22 91 25 70 89 78 69 70 46 2 78 18 91 86 97 58 21 81 72 46 20 50 99 66
77 25 31 81 33 81 69 30 26 21 39 68 94 88 82 37 19 70 60 72 32 77 47 8 27 87 87 12 92 7 67 3 22 71 49 79 23 32 94 68 59 14 96 89 42 40 76 62 14 89 41 23 73 56 7 58 33 14 46 70 44 98 31 52 34 37 77 13 83 29 8 46 53 51 80
66 86 53 39 22 99 83 23 34 80 82 36 89 22 56 51 7 21 99 41 61 99 1 53 66 85 59 20 16 99 75 77 19 22 7 20 76 47 86 22 76 28 7 99 5 57 57 32 21 89 50 14 9 80 21 33 78 23 59 35 62 23 70 70 50 33 34 71 75 60 67 14 2 46 86
20 60 75 83 88 40 37 94 87 48 12 76 9 36 55 3 33 59 48 80 30 83 56 17 45 50 50 31 59 78 16 26 72 48 64 17 14 22 66 51 20 64 60 5 83 72 73 98 37 94 98 33 13 65 60 5 31 1 61 4 28 46 16 83 75 86 54 83 61 78 25 2 98 60 23
67 92 42 72 16 63 13 95 8 59 31 17 93 26 11 7 67 41 75 92 7 48 82 33 96 11 30 49 52 73 81 5 88 23 24 98 53 78 74 36 69 50 46 3 5 4 93 94 75 69 8 6 79 33 13 95 39 12 42 62 73 96 34 89 91 41 20 58 64 29 78 26 85 66 22
64 81 41 47 68 45 28 36 87 70 4 40 67 26 55 46 80 25 65 45 6 60 93 69 22 21 34 71 25 85 34 64 11 18 39 68 47 62 95 94 84 70 41 60 86 11 33 54 28 80 70 45 76 38 58 63 5 62 21 42 77 65 25 95 24 48 76 34 11 77 19 87 94 91 58
57 8 34 63 33 93 36 54 14 94 62 27 85 1 2 16 36 9 78 76 50 58 47 89 39 37 24 51 52 2 94 95 16 70 26 7 11 5 25 20 73 65 22 92 21 94 61 8 50 11 84 52 85 77 64 56 15 1 6 66 65 81 13 73 2 59 1 57 19 62 10 87 14 45 55

Demandas:
0 0 0 1 0 0 0 0
0 0 0 1 0 0 0 0
0 0 0 0 0 0 1 0
0 0 0 0 0 1 0 0
0 0 0 0 1 0 0 0
0 0 0 0 0 0 0 1
0 0 0 0 0 1 0 0
0 0 0 0 0 0 1 0
0 0 0 0 0 0 0 1
0 1 0 0 0 0 0 0
1 0 0 0 0 0 0 0
0 0 0 0 0 1 0 0
0 0 0 0 0 0 1 0
0 0 0 0 1 0 0 0
0 0 1 0 0 0 0 0
0 0 0 1 0 0 0 0
0 0 0 1 0 0 0 0
0 0 0 0 0 0 0 1
0 0 0 0 0 1 0 0
0 0 0 0 0 0 0 1
0 1 0 0 0 0 0 0
0 0 0 0 1 0 0 0
1 0 0 0 0 0 0 0
0 0 0 0 1 0 0 0
0 1 0 0 0 0 0 0
0 0 0 0 0 0 0 1
0 0 0 0 0 1 0 0
0 0 0 0 1 0 0 0
0 0 0 0 0 0 1 0
0 0 0 1 0 0 0 0
0 0 0 0 0 1 0 0
0 0 0 0 0 0 1 0
0 0 0 0 1 0 0 0
0 0 0 1 0 0 0 0
0 0 0 0 0 0 1 0
0 0 0 1 0 0 0 0
0 0 0 0 0 1 0 0
0 0 1 0 0 0 0 0
0 0 1 0 0 0 0 0
0 0 0 0 0 0 0 1
1 0 0 0 0 0 0 0
1 0 0 0 0 0 0 0
0 0 1 0 0 0 0 0
0 1 0 0 0 0 0 0
0 0 0 1 0 0 0 0
0 0 0 0 0 1 0 0
0 0 0 0 0 0 0 1
0 0 0 0 1 0 0 0
0 0 0 0 0 0 1 0
0 0 0 0 0 0 1 0
0 0 0 1 0 0 0 0
0 0 0 1 0 0 0 0
1 0 0 0 0 0 0 0
0 0 0 0 1 0 0 0
0 0 0 1 0 0 0 0
1 0 0 0 0 0 0 0
0 0 0 0 0 1 0 0
0 0 0 0 0 1 0 0
1 0 0 0 0 0 0 0
0 0 0 0 0 0 1 0
1 0 0 0 0 0 0 0
1 0 0 0 0 0 0 0
1 0 0 0 0 0 0 0
0 0 0 0 1 0 0 0
0 0 0 0 0 0 1 0
0 0 1 0 0 0 0 0
0 0 0 1 0 0 0 0
1 0 0 0 0 0 0 0
0 0 1 0 0 0 0 0
1 0 0 0 0 0 0 0
0 1 0 0 0 0 0 0
0 0 0 0 1 0 0 0
0 0 0 1 0 0 0 0
0 0 1 0 0 0 0 0
0 0 0 0 1 0 0 0
0 0 0 1 0 0 0 0
0 1 0 0 0 0 0 0
0 1 0 0 0 0 0 0
0 0 0 0 0 1 0 0
0 1 0 0 0 0 0 0
0 0 0 0 0 1 0 0
0 0 0 0 0 0 1 0
0 0 0 0 0 1 0 0
0 0 0 0 0 0 0 1
0 0 0 0 1 0 0 0
0 0 0 1 0 0 0 0
0 0 1 0 0 0 0 0
0 0 0 0 0 1 0 0
1 0 0 0 0 0 0 0
0 0 0 0 1 0 0 0
0 0 0 1 0 0 0 0
0 0 0 1 0 0 0 0
0 0 0 0 0 0 0 1
0 0 1 0 0 0 0 0
0 0 1 0 0 0 0 0
0 0 0 1 0 0 0 0
0 0 0 0 0 1 0 0
0 0 0 0 1 0 0 0
0 0 0 1 0 0 0 0
0 0 1 0 0 0 0 0
0 0 0 0 0 1 0 0
0 0 0 0 0 0 0 1
0 0 0 0 0 1 0 0
0 0 0 0 0 1 0 0
0 0 0 0 1 0 0 0
0 0 0 1 0 0 0 0
0 0 0 0 0 0 0 1
0 0 0 0 1 0 0 0
0 0 0 0 0 1 0 0
0 0 0 0 0 0 1 0
0 1 0 0 0 0 0 0
0 1 0 0 0 0 0 0
0 1 0 0 0 0 0 0
0 0 1 0 0 0 0 0
0 0 0 0 0 0 0 1
0 0 0 0 1 0 0 0
0 0 0 0 1 0 0 0
0 0 0 0 0 1 0 0
0 0 0 0 0 0 0 1
0 0 0 0 0 1 0 0
0 1 0 0 0 0 0 0
0 0 0 0 1 0 0 0
0 0 0 1 0 0 0 0
0 0 0 0 0 0 0 1
0 0 0 0 0 0 0 1
0 0 0 0 0 1 0 0
0 0 0 0 0 0 1 0
0 0 0 0 0 1 0 0
0 0 0 0 0 0 0 1
0 0 0 0 1 0 0 0
0 0 0 1 0 0 0 0
0 1 0 0 0 0 0 0
0 0 0 0 0 1 0 0
0 0 0 0 1 0 0 0
0 0 1 0 0 0 0 0
0 1 0 0 0 0 0 0
0 0 0 0 0 0 1 0
0 0 1 0 0 0 0 0
0 0 0 0 0 0 0 1
0 0 0 0 0 0 1 0
0 0 0 0 0 1 0 0
0 0 0 0 0 0 0 1
0 0 0 0 0 0 1 0
0 0 0 0 0 0 1 0
0 0 0 0 0 0 1 0
0 0 0 0 1 0 0 0
0 0 0 0 0 0 0 1
0 0 0 0 0 1 0 0
0 0 0 0 0 0 1 0
1 0 0 0 0 0 0 0
0 0 0 0 0 0 1 0
0 0 0 0 0 0 0 1
0 1 0 0 0 0 0 0
1 0 0 0 0 0 0 0
0 0 0 0 0 0 1 0
0 0 0 0 1 0 0 0
0 0 0 0 0 0 1 0
0 0 0 0 0 0 1 0
0 0 0 0 1 0 0 0
0 0 0 1 0 0 0 0
0 0 1 0 0 0 0 0
0 1 0 0 0 0 0 0
0 0 0 0 0 0 0 1
0 0 0 0 0 0 0 1
0 0 0 0 1 0 0 0
0 0 1 0 0 0 0 0
0 0 1 0 0 0 0 0
0 0 1 0 0 0 0 0
0 0 0 0 0 0 1 0
0 0 0 0 0 0 0 1
1 0 0 0 0 0 0 0
0 0 0 1 0 0 0 0
0 0 1 0 0 0 0 0
1 0 0 0 0 0 0 0
0 0 0 0 0 0 1 0
0 0 1 0 0 0 0 0
0 1 0 0 0 0 0 0
0 0 0 0 0 0 1 0
0 0 0 1 0 0 0 0
0 0 0 0 1 0 0 0
0 0 0 1 0 0 0 0
0 1 0 0 0 0 0 0
0 0 1 0 0 0 0 0
0 0 1 0 0 0 0 0
0 0 0 1 0 0 0 0
0 0 0 0 0 1 0 0
0 1 0 0 0 0 0 0
0 0 0 1 0 0 0 0
0 0 0 0 0 0 0 1
0 0 0 1 0 0 0 0
0 1 0 0 0 0 0 0
0 0 0 1 0 0 0 0
1 0 0 0 0 0 0 0
0 0 0 0 0 0 0 1
1 0 0 0 0 0 0 0
0 0 0 0 0 1 0 0
0 1 0 0 0 0 0 0
0 0 0 0 0 0 1 0
0 0 0 1 0 0 0 0
0 0 1 0 0 0 0 0
0 0 1 0 0 0 0 0
0 0 0 0 0 1 0 0
0 1 0 0 0 0 0 0
0 0 0 0 0 0 0 1
0 1 0 0 0 0 0 0
0 0 0 0 0 1 0 0
0 0 0 0 0 0 0 1
0 0 0 0 1 0 0 0
0 0 0 1 0 0 0 0
0 0 0 0 1 0 0 0
0 1 0 0 0 0 0 0
0 0 0 0 0 0 0 1
0 0 0 1 0 0 0 0
0 0 0 0 0 0 0 1
0 0 0 1 0 0 0 0
0 1 0 0 0 0 0 0
1 0 0 0 0 0 0 0
1 0 0 0 0 0 0 0
0 1 0 0 0 0 0 0
0 0 0 1 0 0 0 0
0 0 0 0 0 0 1 0
1 0 0 0 0 0 0 0
0 0 0 0 0 0 1 0
0 0 0 0 0 1 0 0
0 0 0 0 1 0 0 0
0 0 0 0 0 0 1 0
0 0 0 1 0 0 0 0
1 0 0 0 0 0 0 0
0 0 0 0 0 0 0 1
0 0 0 1 0 0 0 0
0 1 0 0 0 0 0 0
0 0 0 0 0 0 0 1
1 0 0 0 0 0 0 0
0 0 0 1 0 0 0 0
1 0 0 0 0 0 0 0
0 0 0 0 0 0 1 0
0 1 0 0 0 0 0 0
0 0 0 0 0 1 0 0
0 1 0 0 0 0 0 0
0 0 0 1 0 0 0 0
0 0 1 0 0 0 0 0
0 0 0 0 0 0 0 1
1 0 0 0 0 0 0 0
0 0 1 0 0 0 0 0
0 0 0 0 0 0 1 0
0 0 0 0 0 0 0 1
0 1 0 0 0 0 0 0
0 0 0 0 0 0 1 0
0 0 0 0 0 0 0 1
0 0 0 0 0 1 0 0

Capacidades:
4 3 3 2 1 3 4 0
4 1 2 2 0 0 1 4
0 2 2 1 3 1 0 4
4 1 4 1 4 3 4 3
0 3 0 1 3 3 2 2
1 0 0 0 0 3 3 0
3 1 1 3 2 1 0 1
0 2 1 4 1 1 2 4
4 3 2 1 3 1 3 1
3 4 4 1 4 0 2 2
4 3 0 1 1 3 2 4
4 2 3 3 0 1 0 0
4 3 4 0 3 0 4 4
1 0 2 1 2 4 4 3
1 0 1 4 4 4 4 2
2 2 2 0 1 2 0 4
3 4 1 0 1 2 1 3
3 1 2 0 3 3 3 2
4 3 4 2 3 3 1 4
1 4 0 2 3 4 0 2
2 0 1 3 2 1 1 1
4 2 2 4 4 4 1 1
3 4 3 1 0 1 0 2
3 3 1 1 0 3 3 0
0 3 0 0 3 1 4 3
0 2 2 4 0 1 2 3
3 3 4 4 1 1 0 3
4 1 2 1 4 0 3 4
4 2 2 4 2 2 1 1
1 1 3 2 1 0 1 4
0 3 0 3 4 3 3 3
0 1 0 4 4 2 3 4
1 0 3 0 0 0 3 3
4 0 1 4 2 4 1 3
2 4 4 2 0 4 2 4
4 0 1 3 2 1 3 1
4 2 2 3 2 2 0 3
3 4 3 1 4 4 4 0
4 1 3 0 0 1 1 3
4 1 1 1 2 2 3 4
4 0 4 4 1 2 2 3
4 3 1 1 2 4 3 3
1 3 4 1 1 1 2 1
4 0 4 4 1 1 0 4
1 1 0 2 3 1 3 0
1 3 2 3 4 4 0 1
4 0 4 2 3 2 2 3
1 3 2 4 3 0 0 2
0 4 2 3 4 3 4 2
2 3 0 2 1 2 0 4
0 0 4 3 4 3 4 3
3 3 1 4 3 3 0 4
3 1 4 4 0 0 0 0
1 1 1 2 3 1 1 4
1 4 4 3 3 1 0 2
3 4 0 2 0 4 3 2
0 2 3 3 0 0 1 0
3 0 4 3 0 0 0 3
0 3 4 4 3 1 3 4
2 3 2 4 1 3 3 4
2 4 0 3 3 3 3 3
4 0 3 0 0 4 1 4
0 1 4 3 3 0 2 4
0 1 3 2 1 1 4 3
3 1 1 2 3 4 3 4
2 1 1 4 3 1 0 2
0 4 2 3 3 2 2 0
0 2 1 2 2 1 3 0
0 2 3 2 1 4 0 2
0 3 1 3 3 0 0 1
2 4 0 1 0 2 2 1
4 3 0 1 2 1 2 4
3 2 2 4 3 1 4 4
1 0 3 4 0 4 1 4
0 1 4 0 3 0 1 0
