m: 250
n: 50
k: 8

Distancias:
44 7 12 8 6 42 46 79 35 21 37 37 63 31 20 11 35 63 64 19 43 17 68 65 19 9 11 34 76 11 44 17 96 71 83 50 61 46 83 51 45 96 66 96 11 38 44 78 82 4
71 6 24 83 47 67 98 83 45 1 80 52 96 2 90 75 97 67 87 15 45 12 8 24 17 36 2 96 2 73 61 86 34 24 14 16 99 62 15 8 46 51 44 96 14 3 74 71 46 74
59 34 21 42 83 51 73 43 76 40 14 53 62 84 11 47 80 81 44 58 43 52 56 21 80 49 42 18 99 47 50 13 87 3 11 46 4 94 12 70 4 9 3 31 9 45 72 31 23 69
21 35 89 87 25 3 27 98 38 47 41 22 42 23 48 66 28 44 95 24 90 19 99 77 54 27 9 6 50 32 83 14 30 27 28 11 22 82 89 22 95 20 77 81 46 77 98 44 36 56
84 4 73 23 81 60 79 10 75 5 36 77 63 29 73 72 63 92 3 25 82 10 90 75 77 92 63 74 66 16 69 10 48 40 68 48 56 28 72 38 22 40 89 58 51 72 41 67 19 14
24 55 56 54 77 7 52 43 68 99 12 50 63 97 40 57 79 36 67 43 76 11 35 74 5 75 4 40 76 90 12 32 59 23 29 19 22 42 43 75 23 94 48 39 56 51 74 98 12 79
6 46 62 45 17 40 7 80 7 24 57 79 71 61 65 40 7 69 73 96 87 73 85 63 14 5 95 53 84 22 38 63 70 16 61 86 66 65 77 21 4 98 14 54 14 87 24 43 56 11
14 52 30 93 15 25 94 52 31 72 14 94 46 94 22 1 32 7 37 50 79 72 68 52 19 79 32 46 93 47 15 59 36 34 26 33 4 12 78 57 41 98 14 18 50 23 11 36 98 22
75 18 16 10 37 56 28 24 11 26 33 73 35 31 89 83 59 88 53 80 25 34 9 61 63 23 73 82 72 79 78 11 5 65 95 45 51 42 47 50 91 45 58 15 81 33 78 32 62 91
16 53 76 80 37 97 31 1 59 77 72 49 88 77 87 45 8 20 13 16 99 10 83 73 21 77 77 49 50 59 34 82 22 67 45 68 73 34 82 24 65 5 73 38 70 75 22 81 1 28
73 21 86 47 65 85 52 1 91 83 35 27 48 35 45 84 15 14 10 70 35 2 74 51 78 38 52 64 47 1 24 3 44 19 86 23 31 48 45 22 77 8 25 96 19 2 35 56 80 51
32 98 36 23 90 87 24 52 41 27 87 40 42 30 98 97 29 81 59 87 99 57 23 79 91 95 80 44 34 58 80 93 51 52 92 98 33 99 98 17 23 53 47 58 13 70 73 52 72 71
13 11 1 75 29 52 82 53 55 72 87 29 95 42 63 20 8 43 20 12 99 43 67 26 56 25 14 35 93 46 37 33 19 71 12 60 82 52 64 63 65 17 67 56 62 13 58 74 63 68
12 80 32 56 33 59 1 73 16 46 67 5 28 88 71 57 52 96 46 93 49 41 42 18 63 46 27 59 38 8 47 86 1 79 89 32 12 41 83 18 39 94 22 83 26 22 74 66 73 26
9 89 15 97 68 77 91 79 77 65 23 56 82 89 97 59 3 51 52 98 93 84 90 83 54 61 64 82 47 27 83 43 52 45 62 73 44 29 71 31 98 80 65 13 15 77 17 99 13 72
84 35 88 34 85 55 95 30 23 92 78 16 48 65 47 36 91 14 37 55 59 67 69 94 57 27 64 48 4 63 3 50 65 52 11 27 68 21 38 9 99 54 21 17 44 91 58 32 34 62
15 29 74 75 62 67 13 72 18 62 97 3 10 40 32 1 42 26 72 5 6 42 71 54 7 43 35 23 95 82 95 51 56 49 94 54 16 58 69 50 78 56 88 24 53 16 49 22 57 22
69 1 97 93 93 88 71 78 41 65 33 88 54 70 1 19 67 53 70 62 75 1 14 89 75 12 72 25 25 89 14 61 61 39 53 95 11 40 59 66 8 62 96 85 33 2 89 95 48 52
93 27 93 68 43 87 25 67 46 36 24 41 91 94 7 2 86 10 14 28 65 50 9 46 51 70 42 87 91 92 1 12 19 83 92 53 96 36 87 39 32 19 56 45 37 95 68 55 76 69
34 71 77 12 68 6 61 30 62 53 97 77 26 9 97 98 20 98 20 79 65 15 35 60 44 24 98 36 49 83 42 99 45 68 99 59 38 12 49 4 13 40 74 68 54 53 74 41 65 96
73 16 54 92 83 68 68 28 68 1 73 42 58 63 69 90 59 62 24 96 74 34 61 61 67 80 84 62 76 57 93 87 65 36 84 51 9 25 62 79 81 1 93 28 78 25 78 15 5 63
18 70 80 90 72 41 69 68 37 48 54 25 52 84 71 56 23 66 67 1 37 73 91 91 5 68 52 21 97 28 71 86 71 99 62 45 42 48 98 2 97 17 1 39 88 36 74 78 49 33
12 26 18 99 98 98 34 87 81 77 19 10 17 47 57 3 49 35 35 26 36 39 7 52 99 51 80 80 83 93 93 37 72 77 8 29 90 27 68 64 92 86 76 96 29 54 80 58 69 18
47 61 25 13 39 16 39 13 90 48 12 20 54 84 7 53 18 46 89 62 49 10 38 24 49 8 2 56 29 7 39 75 28 4 4 25 39 79 31 81 94 25 56 78 88 17 94 10 91 44
27 46 98 73 5 17 58 27 35 80 22 70 31 95 3 87 5 99 91 32 88 55 11 30 4 75 55 67 59 55 29 13 97 76 31 91 18 48 64 10 57 41 9 78 20 3 39 22 55 81
31 12 19 99 80 84 67 8 84 45 3 97 11 54 6 87 4 9 2 56 79 56 57 99 18 65 52 59 28 23 13 90 12 9 46 75 75 57 6 55 52 19 49 33 50 34 89 23 49 4
16 77 78 32 24 8 66 65 23 87 98 22 70 3 19 83 54 48 41 77 91 25 30 50 21 11 73 84 70 6 20 90 49 12 40 35 96 54 27 53 67 68 93 84 9 63 27 71 67 39
4 47 29 82 78 40 4 81 15 92 76 35 71 57 1 54 5 97 75 53 74 19 45 64 75 20 92 80 62 82 46 50 52 43 30 23 21 71 63 96 73 94 92 24 24 48 32 16 12 28
68 89 95 71 8 61 87 49 53 48 18 83 74 6 21 37 73 83 54 48 79 4 70 92 51 22 93 38 2 61 12 7 38 85 95 12 47 72 10 43 93 72 56 52 8 15 21 41 29 95
16 14 36 86 78 48 92 8 37 53 76 61 31 81 42 12 38 2 5 46 24 73 80 37 70 4 3 6 70 4 54 84 73 62 81 9 17 54 79 24 14 27 90 34 68 28 71 1 31 53
15 32 29 80 83 2 15 86 12 45 47 10 60 94 80 72 31 53 51 89 18 97 92 22 15 1 9 26 20 34 3 3 80 3 57 54 84 24 18 77 40 84 77 12 60 60 13 33 51 8
31 74 16 89 83 62 98 80 87 86 73 89 88 87 56 9 73 85 24 41 15 59 83 38 87 45 56 11 34 6 78 12 60 43 79 26 41 95 25 48 2 30 73 71 91 46 71 69 23 4
86 60 84 41 82 5 89 67 13 54 17 57 95 8 32 67 83 88 94 38 87 30 54 2 38 17 70 71 61 68 8 51 3 48 83 14 7 11 12 15 33 79 14 93 92 59 29 3 72 88
58 25 96 83 27 29 48 96 1 88 95 73 79 91 79 64 66 30 35 8 72 5 91 97 25 84 34 12 87 98 27 36 40 24 80 16 45 33 96 34 29 42 16 16 9 93 3 73 1 7
55 6 48 99 66 22 39 7 95 66 26 9 26 33 81 71 67 62 80 44 45 91 61 58 94 48 16 6 24 1 77 74 28 28 66 9 81 54 55 20 89 95 10 95 63 83 20 50 21 67
40 82 71 51 68 56 38 23 30 67 83 67 69 96 62 95 28 61 3 23 95 16 88 45 71 46 75 7 81 73 88 32 72 82 74 44 54 6 29 10 91 84 32 8 99 97 15 4 63 89
27 81 11 99 50 92 92 5 69 13 67 63 60 24 13 27 21 69 15 63 91 64 84 30 13 46 43 41 36 5 21 26 16 39 39 18 16 81 30 8 6 40 15 2 88 99 58 50 77 65
46 51 39 9 50 18 65 48 52 8 81 80 89 38 24 70 2 32 64 97 46 13 55 10 38 52 27 75 96 31 67 29 23 96 22 6 32 28 53 84 65 64 85 71 43 58 41 96 3 67
28 78 82 88 94 57 47 30 27 42 16 49 41 58 35 81 44 99 31 75 45 93 23 38 59 4 2 14 94 46 45 7 37 74 23 76 87 17 11 85 85 20 74 44 44 77 19 13 19 74
24 84 31 5 37 54 65 8 24 30 55 9 56 36 33 14 56 9 17 43 44 51 74 21 72 12 92 84 71 87 86 34 99 37 83 42 73 87 16 73 32 39 82 83 27 60 86 81 48 65
40 95 23 88 14 66 61 43 70 58 80 28 67 23 19 19 41 43 7 26 44 20 84 93 45 67 37 33 48 63 39 5 11 50 66 8 94 51 44 47 49 27 53 60 9 61 82 70 62 19
81 24 52 95 19 37 16 98 39 70 64 2 36 84 66 46 30 78 70 63 74 76 10 73 61 5 80 76 83 26 65 94 52 38 78 94 53 47 10 9 32 81 60 94 89 14 30 6 96 79
38 81 24 27 77 86 45 79 20 42 77 66 70 25 78 53 73 96 50 93 87 34 57 26 85 7 59 16 78 1 42 38 32 78 19 90 54 44 13 72 30 11 98 39 73 44 63 42 18 34
62 87 38 37 26 10 12 81 87 74 2 61 16 33 80 64 99 90 16 96 46 44 68 95 87 80 90 93 62 99 12 19 37 15 8 88 62 7 21 10 42 12 53 98 76 16 84 95 53 58
44 93 2 83 11 95 36 91 1 69 10 28 79 92 25 88 97 31 43 15 75 79 57 36 34 46 77 26 24 2 19 14 69 40 28 28 10 16 16 33 80 76 14 9 72 70 98 92 8 90
33 11 63 40 21 60 27 47 4 83 29 51 76 53 66 33 71 35 27 89 38 40 26 61 10 21 12 43 1 20 73 39 42 49 30 68 43 73 58 36 78 85 95 48 53 56 42 41 35 14
76 51 34 97 32 4 7 26 83 54 13 77 19 41 80 60 57 68 55 72 46 58 8 72 92 38 87 29 66 37 85 60 61 93 90 50 98 22 50 65 25 27 88 43 5 37 43 43 69 41
63 3 84 28 3 28 90 82 70 78 2 47 82 41 63 66 58 66 51 73 8 25 12 33 12 66 73 95 86 69 35 61 49 77 71 18 54 93 10 7 30 62 11 14 86 16 8 8 68 72
94 43 58 87 96 93 48 46 36 18 92 71 65 57 96 93 62 41 54 8 89 18 55 4 97 5 18 75 10 21 27 95 81 39 77 42 91 50 12 49 64 42 74 18 90 68 82 63 68 22
14 82 34 44 5 50 41 11 34 68 78 14 84 44 93 55 75 79 7 79 97 44 80 18 92 2 68 11 98 12 13 85 24 36 9 29 28 74 30 68 22 34 21 99 85 10 75 81 89 49
32 88 45 92 68 68 98 6 61 9 53 25 66 52 23 88 56 52 29 1 88 7 96 88 47 70 68 87 9 60 46 61 37 62 48 43 49 34 21 13 92 9 87 2 41 74 57 24 73 49
65 1 28 39 11 3 57 94 90 23 22 69 16 19 81 37 8 71 70 88 60 49 51 22 23 37 41 36 96 8 58 65 77 95 20 28 87 21 41 65 49 12 59 84 68 71 51 78 71 20
77 4 7 3 66 93 53 90 93 23 66 70 81 78 32 44 25 30 81 87 27 48 99 1 36 15 2 90 62 96 33 38 75 3 79 93 57 21 87 76 67 75 24 22 59 86 64 36 78 57
3 47 80 62 13 16 63 3 98 75 10 69 24 12 40 59 89 83 35 84 87 82 59 21 28 41 90 23 13 70 39 86 48 36 61 86 66 73 40 5 11 60 39 77 91 28 66 33 66 22
25 84 15 83 77 69 54 1 2 1 36 56 59 24 34 78 57 45 14 51 74 92 95 73 87 80 46 12 17 67 20 28 90 37 93 20 38 36 76 41 36 13 72 85 17 77 45 8 12 30
64 34 64 81 76 47 98 31 58 96 9 22 33 85 13 87 60 54 21 15 24 29 18 68 39 95 40 59 98 96 52 37 33 24 35 9 92 62 33 38 41 12 79 99 65 26 2 9 4 21
36 53 11 93 23 50 98 42 44 58 86 11 63 73 54 36 41 45 41 52 50 47 81 10 93 56 37 53 90 82 70 73 52 59 63 75 7 55 44 53 97 12 73 39 63 68 81 45 57 88
84 78 41 60 62 4 28 1 3 11 82 95 28 25 38 6 50 6 98 59 62 9 1 24 83 42 21 54 98 67 58 3 61 2 48 84 23 7 25 86 51 18 60 48 15 77 56 10 15 59
57 3 69 42 92 80 36 33 22 98 29 91 17 18 43 27 69 80 96 26 86 67 53 87 18 45 41 54 20 59 48 70 20 58 54 76 16 6 63 1 85 84 16 91 28 11 68 20 11 73
30 46 89 29 48 60 19 29 14 57 24 97 78 17 87 48 95 17 83 2 43 38 59 4 66 70 14 90 13 55 59 15 61 44 95 66 37 85 58 73 27 12 49 65 52 99 52 49 37 11
4 51 16 43 5 85 57 10 32 12 61 12 15 67 38 16 82 75 8 33 58 19 90 67 84 98 49 50 73 48 29 40 7 22 32 88 95 44 18 49 45 86 54 2 27 88 82 6 92 1
99 4 73 52 14 90 54 56 41 77 3 24 11 53 69 33 17 11 7 81 78 35 14 64 31 13 23 47 92 53 67 1 97 65 37 13 96 8 77 44 5 54 77 74 58 88 44 25 83 39
24 38 78 29 10 13 36 72 44 51 68 74 47 91 78 93 56 23 10 68 12 3 98 10 6 82 71 36 43 37 60 18 7 49 11 96 81 29 46 11 34 87 52 69 75 45 37 79 33 44
56 94 74 86 24 68 93 58 69 55 46 6 2 97 33 35 28 37 60 19 16 1 28 43 40 66 32 19 98 97 84 13 19 26 55 24 6 22 63 28 97 68 24 5 15 80 89 68 61 20
97 14 87 69 15 18 17 85 57 60 25 7 83 59 53 89 27 52 56 19 5 46 82 4 83 57 83 5 83 44 98 64 9 38 54 36 2 93 92 69 29 70 42 29 20 73 83 20 53 45
41 99 53 69 94 14 88 10 97 86 39 97 12 84 11 66 3 74 97 9 41 64 49 52 25 46 51 34 14 46 97 76 10 25 74 52 50 71 95 26 35 68 22 58 60 42 65 73 93 41
87 75 3 78 59 70 95 31 14 40 89 88 34 34 80 21 10 55 59 42 96 5 86 35 32 79 30 18 52 48 52 54 47 48 62 77 62 99 67 6 11 57 28 91 8 56 14 33 91 8
3 45 69 42 1 7 65 75 52 25 16 76 7 36 16 20 22 84 10 74 9 29 49 69 4 83 18 80 74 70 33 23 60 65 63 43 88 91 86 95 22 94 23 89 6 24 85 24 98 30
64 85 37 69 23 8 56 56 79 17 41 69 22 18 96 63 92 23 40 84 89 25 42 27 8 59 36 39 3 69 90 85 80 83 64 94 8 99 44 32 86 58 14 93 46 15 85 88 85 67
8 99 6 95 51 73 96 82 92 16 90 3 27 41 49 94 3 38 18 54 74 55 15 18 88 63 85 86 6 45 42 70 75 33 3 37 57 82 70 54 44 67 94 88 47 80 22 16 91 79
82 75 98 42 93 32 50 20 27 19 59 53 52 88 45 61 79 43 41 56 5 70 46 57 36 37 67 61 8 42 60 59 47 18 12 12 26 77 85 81 93 96 93 26 15 40 91 49 75 93
27 37 30 92 92 99 14 59 1 38 46 18 83 18 16 85 61 53 43 12 99 89 18 44 60 50 74 42 36 87 75 26 47 75 36 82 3 44 46 81 56 12 69 33 13 48 21 27 14 68
24 31 5 41 51 96 60 50 54 16 12 56 94 84 65 79 66 46 7 67 6 26 38 17 94 35 44 80 30 65 71 13 47 79 47 92 49 80 66 49 19 69 60 95 86 71 94 64 88 63
53 21 12 52 97 9 12 77 28 91 94 71 84 95 52 23 14 46 5 55 89 57 1 35 99 50 73 87 44 98 50 63 91 60 7 63 17 60 64 71 3 48 33 49 21 79 15 19 85 56
88 24 5 18 23 95 80 76 26 5 97 31 43 15 68 58 71 17 34 39 27 57 46 98 40 89 63 27 60 8 98 99 78 47 13 55 31 26 76 33 83 46 67 27 63 66 33 30 72 30
22 50 6 46 48 73 3 70 16 26 68 96 64 68 37 32 99 34 67 69 55 42 94 64 84 41 11 55 32 65 38 74 87 43 89 10 70 69 31 29 58 78 37 77 61 9 9 92 34 1
47 27 68 48 86 90 22 25 28 68 25 74 48 18 60 79 40 83 66 87 82 8 37 35 84 49 33 34 45 66 6 49 19 3 79 58 18 17 92 12 8 81 2 7 12 92 57 59 56 18
71 3 19 88 81 14 25 95 37 72 37 10 53 74 68 11 60 37 47 63 18 84 52 73 2 49 4 60 36 12 12 43 17 34 80 52 1 5 49 69 43 49 72 95 38 51 97 92 73 55
62 60 62 95 9 60 2 46 37 76 27 40 40 15 96 77 5 28 9 11 93 24 6 85 14 11 10 69 65 89 65 14 20 83 84 63 3 68 85 76 48 50 86 70 14 75 10 31 48 32
63 18 55 52 87 38 53 56 28 99 2 9 40 84 93 77 4 20 15 64 54 36 16 20 20 28 2 36 33 22 11 45 33 79 28 54 44 99 62 17 32 59 56 50 32 25 70 53 73 85
73 46 3 88 47 54 2 88 77 83 73 68 91 93 98 34 4 23 50 19 66 52 9 89 66 43 26 86 96 93 24 11 36 48 69 51 15 88 46 90 60 61 7 62 88 61 85 22 5 47
82 85 51 19 38 9 36 65 14 53 35 28 22 22 88 20 76 46 48 63 47 17 85 84 58 97 74 89 52 88 55 40 4 4 33 23 19 23 62 38 28 45 42 64 55 74 77 69 98 8
82 86 47 78 4 34 82 52 44 54 61 8 33 93 21 86 73 15 70 18 72 40 70 89 5 59 71 57 62 17 90 49 98 1 53 38 1 18 62 43 5 45 54 75 78 45 41 54 30 72
34 9 85 66 61 49 22 63 75 49 35 31 43 61 47 54 97 56 79 49 7 20 13 70 79 26 84 70 58 27 98 49 53 39 69 11 81 56 35 13 70 38 20 20 95 62 21 67 55 88
83 24 81 69 27 5 16 24 89 17 23 79 15 57 40 13 84 52 86 72 1 89 77 59 25 45 85 97 36 48 45 28 88 93 68 43 25 29 35 34 8 98 35 83 38 36 13 67 42 14
74 79 65 72 67 99 29 29 31 99 64 70 60 65 69 21 75 56 56 21 35 55 27 63 41 39 65 90 77 93 13 83 47 2 54 58 98 98 21 25 78 16 14 90 91 55 56 99 13 29
5 69 4 72 99 2 92 72 70 99 19 72 33 77 13 75 87 25 78 16 89 14 88 1 40 59 60 83 18 41 84 78 67 88 40 13 11 21 77 47 84 87 48 93 66 48 61 98 24 32
77 5 10 26 31 84 51 82 73 53 53 31 47 49 12 18 62 8 22 51 54 57 44 59 80 38 78 41 74 38 22 63 68 62 73 47 97 54 69 28 82 84 16 71 81 64 27 42 35 2
55 46 15 5 56 70 64 95 62 90 33 47 84 64 68 17 29 3 32 33 80 14 66 10 78 16 91 1 94 65 42 30 81 18 54 71 71 91 81 41 35 59 13 95 29 99 13 46 77 31
9 57 8 51 94 68 14 35 20 8 27 49 76 72 14 34 96 9 6 57 73 19 45 95 79 65 16 60 87 61 17 2 81 95 26 8 6 49 72 99 37 6 76 58 53 55 31 40 39 60
39 13 34 33 10 96 49 20 28 29 10 40 47 57 29 44 9 24 24 53 2 27 24 59 21 51 64 16 99 89 10 65 31 62 41 88 15 11 1 71 30 90 63 49 76 15 10 99 2 55
68 47 79 16 30 5 50 70 5 32 16 94 45 56 7 2 9 67 62 15 47 42 71 27 55 72 46 14 41 74 98 77 25 96 1 61 78 70 36 59 14 63 85 49 36 10 88 25 38 59
66 76 55 92 82 28 13 13 59 89 90 55 84 65 80 14 58 3 93 36 41 41 90 79 74 20 32 62 74 9 46 40 60 72 99 34 60 15 34 63 28 30 29 80 62 13 51 85 22 72
81 38 38 36 92 96 55 70 80 59 86 39 81 1 43 36 77 62 37 35 95 31 18 47 1 51 37 64 89 85 60 30 46 61 34 26 75 76 20 30 39 62 89 78 61 58 63 22 94 91
17 58 71 45 71 73 39 25 19 7 65 33 67 23 85 14 28 64 79 22 57 27 80 59 6 93 77 66 4 72 79 85 1 19 24 19 3 50 25 35 70 13 29 60 51 51 49 25 64 77
27 22 5 58 18 55 58 46 52 81 77 13 44 69 96 1 37 73 48 29 28 85 4 74 77 93 76 2 70 65 12 69 65 80 45 4 32 59 47 19 51 45 83 9 37 37 50 73 40 59
37 42 50 17 66 49 18 9 72 33 20 27 31 44 77 81 20 74 65 52 72 77 66 39 86 13 92 29 34 64 3 21 65 3 21 94 27 96 30 38 66 5 76 29 24 91 71 80 77 8
59 92 43 27 23 13 37 1 88 45 25 85 96 18 53 7 51 73 26 7 55 1 20 37 58 74 82 25 12 38 54 78 87 92 43 88 80 97 53 67 99 73 93 99 45 95 39 39 56 95
79 20 87 22 98 65 37 24 36 17 5 5 16 38 92 58 25 89 44 44 50 26 96 64 6 13 79 26 96 79 75 65 86 30 4 96 7 95 93 24 76 87 1 86 76 21 30 45 59 6
5 77 21 89 86 16 13 53 67 7 8 66 69 89 40 96 72 38 73 35 7 99 66 52 6 16 10 66 46 92 21 74 79 38 40 38 36 78 6 6 57 66 7 59 74 25 13 52 86 37
51 53 23 69 40 73 58 92 68 79 33 14 80 71 18 95 10 70 47 17 42 2 97 41 48 59 96 78 28 16 67 42 85 65 90 25 16 79 2 13 9 72 69 79 4 63 45 56 22 78
81 46 8 73 38 87 89 24 58 34 51 21 92 65 1 68 72 40 37 66 30 15 8 48 64 48 46 40 17 9 80 87 75 85 49 80 9 7 59 7 80 37 66 59 84 4 13 69 62 15
23 53 86 1 69 98 96 62 69 97 99 28 45 69 76 14 69 5 33 86 49 28 79 12 30 19 7 88 2 86 2 12 95 27 25 7 51 44 12 22 38 6 15 44 94 11 26 47 29 35
96 87 25 89 30 20 27 75 86 26 73 85 65 74 23 16 94 66 54 81 38 21 21 85 83 94 75 74 70 74 20 76 58 20 20 17 50 95 56 1 66 82 12 98 83 27 95 76 53 50
76 57 49 68 50 26 22 14 68 37 69 70 54 14 42 9 47 59 1 52 98 80 18 10 69 91 61 24 3 84 87 58 72 99 22 23 89 97 35 43 3 56 48 96 72 87 86 74 23 77
72 59 16 41 8 85 30 34 93 42 65 4 3 65 44 13 63 79 6 20 66 9 9 55 91 91 46 38 64 94 16 62 83 11 51 8 99 94 59 26 35 92 56 84 69 79 37 9 49 50
64 2 49 17 8 9 7 14 38 3 1 60 61 99 83 55 98 17 91 43 84 53 24 85 13 89 2 95 56 15 81 26 14 78 17 23 54 33 6 76 97 38 30 64 42 10 20 74 38 94
92 41 54 41 50 40 70 55 77 49 51 36 20 55 34 97 76 89 6 30 91 86 24 20 72 39 41 73 26 40 43 69 85 45 66 88 90 32 41 97 12 7 63 54 5 25 48 58 72 6
11 26 51 74 58 33 60 42 25 88 1 99 48 79 24 22 56 31 24 80 18 98 7 28 83 39 91 5 35 75 50 15 49 50 22 81 62 54 7 19 57 40 11 15 54 62 93 56 18 13
77 32 99 36 28 58 22 28 59 12 13 22 22 18 64 86 56 88 23 20 50 53 13 15 34 35 72 98 40 13 83 16 79 66 10 72 4 32 39 41 95 91 3 57 51 68 32 18 35 32
41 22 6 63 16 27 88 11 85 15 45 84 99 82 85 73 49 41 93 8 99 31 78 81 66 43 67 92 61 13 41 76 28 95 77 76 50 51 16 87 52 87 81 63 53 86 91 71 59 47
51 25 68 72 74 38 71 20 69 28 14 63 39 90 16 24 22 55 30 58 87 23 91 24 14 54 34 38 62 41 78 97 57 62 5 52 18 59 80 99 50 4 83 8 1 64 72 80 90 66
40 68 73 94 8 57 39 50 21 71 32 38 54 56 32 70 98 14 60 20 2 99 19 57 41 83 19 76 65 99 47 2 97 39 62 78 14 22 77 40 70 50 58 52 54 69 24 24 27 53
43 87 54 86 36 43 52 16 84 26 70 55 95 28 93 54 90 52 61 10 91 98 45 79 25 46 48 54 35 30 32 54 11 70 27 34 88 1 42 48 81 4 50 45 30 14 38 64 91 31
91 74 81 32 47 2 11 17 63 93 29 5 23 97 57 4 81 8 21 92 74 62 2 40 93 1 22 53 47 76 50 95 18 36 84 42 54 58 28 16 4 68 26 98 86 17 94 48 25 55
90 5 5 25 87 63 49 13 23 10 70 29 13 66 58 67 92 80 42 21 20 29 64 95 13 54 37 63 99 94 71 36 77 75 66 96 12 89 99 25 87 81 94 50 26 58 22 53 81 44
32 17 22 43 65 65 39 44 21 56 58 91 74 53 8 22 44 56 31 27 95 49 6 11 33 16 57 63 51 42 23 40 2 22 27 34 64 76 19 54 19 66 87 80 83 6 99 74 14 25
77 81 82 47 83 40 17 29 61 52 90 69 36 16 5 12 30 18 74 85 99 61 31 32 48 76 28 48 75 48 22 34 12 11 18 93 4 50 14 45 23 86 7 12 3 14 87 45 10 71
32 16 38 81 36 16 88 14 12 13 5 50 20 60 98 20 57 99 65 57 9 84 52 46 21 63 99 63 17 16 36 52 56 34 28 89 29 32 17 99 76 61 35 30 21 61 86 45 50 3
2 97 77 54 62 92 91 15 93 52 93 28 9 31 56 25 99 95 87 45 70 76 54 66 72 46 22 99 21 88 65 54 63 1 38 96 10 34 98 12 62 3 88 83 95 91 80 31 71 55
16 88 21 73 26 82 28 94 70 69 49 72 40 90 31 34 8 36 54 31 43 10 52 30 50 84 46 17 81 20 30 64 18 70 95 57 21 59 82 74 59 76 30 10 71 19 67 20 35 14
32 20 48 63 73 85 11 12 42 9 41 72 59 32 94 39 86 94 76 39 18 60 95 24 38 74 56 94 54 44 40 59 31 82 28 59 48 77 46 46 33 55 8 28 52 71 97 30 17 44
29 40 57 2 53 45 86 29 20 49 55 30 1 80 83 28 78 38 75 60 96 94 54 43 96 79 51 11 26 10 86 78 2 41 3 89 99 14 13 72 25 75 82 31 48 2 11 11 85 77
53 63 12 89 91 68 32 13 54 85 55 65 67 45 12 61 79 75 14 31 12 31 36 37 81 72 56 40 37 51 73 12 82 83 2 10 57 5 93 15 53 9 46 23 64 80 37 31 79 86
38 72 78 89 9 54 52 39 79 9 69 74 77 46 38 13 89 31 38 62 33 64 32 70 75 92 8 62 78 48 33 16 4 89 78 40 84 48 47 74 14 91 56 35 37 17 45 85 43 72
13 91 97 26 53 70 79 76 61 51 33 22 13 23 40 41 73 2 79 33 28 98 50 95 17 31 31 64 56 81 61 46 81 12 13 12 27 14 89 30 75 53 32 73 27 96 67 17 99 24
28 63 31 82 24 35 12 50 32 31 74 80 25 99 14 21 30 52 60 54 82 14 86 58 84 58 48 50 42 80 78 38 4 45 6 6 61 56 52 40 98 10 95 97 83 68 55 22 98 57
45 62 71 71 78 76 70 23 2 61 96 87 11 1 62 64 56 79 13 2 2 75 45 12 54 43 91 60 8 40 53 37 66 38 83 34 25 68 4 77 13 82 13 56 61 6 42 39 7 26
27 11 29 4 52 63 53 33 91 5 78 41 6 80 75 8 77 65 93 10 38 62 92 10 86 22 89 49 98 77 93 1 3 6 8 30 87 96 95 18 42 56 28 69 8 42 29 91 5 78
78 7 89 24 12 4 8 9 44 66 83 21 82 32 74 20 44 62 21 18 17 55 23 50 76 45 20 68 64 40 54 35 67 54 92 31 17 8 80 3 61 77 46 37 95 2 27 85 57 12
54 57 59 17 79 43 33 18 30 27 4 6 79 61 65 38 35 37 33 49 69 69 20 83 30 92 5 19 98 2 78 93 66 23 25 3 70 71 99 5 89 75 84 14 62 59 87 21 68 43
2 98 92 40 83 19 92 62 7 42 4 77 66 5 18 19 41 71 29 2 32 48 94 91 28 71 59 22 55 4 26 25 27 1 93 86 40 92 39 45 23 9 32 96 30 15 36 6 47 14
62 92 3 61 99 72 88 66 23 53 32 35 91 30 88 3 95 21 99 75 74 39 97 97 45 85 26 86 10 64 96 36 1 43 19 33 10 26 45 89 11 28 39 72 18 65 63 13 1 49
59 53 9 91 31 21 61 75 5 93 83 93 77 89 76 41 61 99 66 48 10 30 53 3 43 25 13 2 74 37 81 66 16 23 11 41 3 9 74 14 3 77 48 45 29 86 3 46 69 29
37 97 17 63 88 58 78 64 56 9 46 35 92 47 75 3 84 11 3 24 40 76 84 73 22 45 34 33 66 24 58 36 40 22 42 12 81 30 4 5 70 23 34 88 19 38 13 87 73 78
41 84 92 2 20 58 31 78 81 40 58 12 52 95 5 87 69 19 52 66 86 77 97 17 86 55 17 28 83 41 23 48 84 16 98 46 46 73 79 32 43 9 26 14 81 75 78 50 3 77
65 96 67 54 66 72 32 34 27 72 58 27 54 31 44 40 56 2 16 41 11 3 47 15 23 64 89 77 30 7 60 91 33 19 98 58 80 28 96 82 22 4 73 53 55 51 21 51 51 66
18 69 99 66 55 19 40 36 19 79 12 98 86 2 77 28 30 25 9 8 91 80 20 68 99 97 53 70 15 30 27 89 96 35 81 52 93 19 45 67 88 84 32 27 28 34 71 29 8 82
94 90 94 8 40 96 94 9 75 46 75 59 70 21 67 68 29 52 84 79 1 61 88 89 27 64 79 67 60 98 71 33 66 70 45 55 25 82 66 45 98 7 77 95 80 78 43 23 79 29
38 42 77 29 52 7 1 98 18 55 88 21 41 93 61 47 35 78 61 33 87 13 6 96 59 10 99 5 46 43 33 18 85 65 10 18 20 27 97 87 3 62 10 29 67 89 2 41 23 4
12 42 75 24 18 30 44 77 92 70 51 50 94 29 25 36 43 46 64 25 11 44 33 32 33 95 9 55 53 40 85 13 92 3 34 51 32 9 8 81 90 34 47 29 95 15 52 69 3 62
30 69 12 28 67 73 58 4 21 8 61 60 44 50 37 27 42 26 45 27 60 93 83 28 69 25 27 28 8 86 12 50 6 43 68 98 87 46 46 57 63 27 52 13 64 92 74 79 57 47
65 84 65 56 73 26 67 30 59 15 5 68 7 21 25 40 68 43 66 10 62 84 59 60 49 51 35 12 35 31 12 53 20 44 65 1 94 42 20 50 59 32 85 28 18 18 75 30 57 78
92 35 58 35 34 14 19 97 90 16 37 22 86 4 33 79 91 35 92 48 1 89 84 67 8 5 86 46 39 15 1 87 29 15 24 48 13 80 29 41 60 57 5 20 71 28 8 72 36 75
73 17 28 35 25 36 25 36 12 30 16 78 2 86 33 36 81 10 56 86 70 96 43 10 29 90 42 25 94 34 84 48 39 95 2 29 33 20 84 72 53 20 79 20 50 68 6 1 14 35
45 57 38 42 54 43 91 70 98 5 13 42 60 18 85 54 10 6 13 70 96 79 68 3 47 2 15 83 57 58 23 45 87 45 87 6 93 31 50 37 10 7 54 32 35 99 83 83 53 68
63 50 66 66 18 24 56 52 90 41 46 55 15 18 79 23 46 99 73 75 94 88 56 11 55 41 72 56 67 40 19 19 33 16 33 97 44 81 47 22 85 83 24 4 34 71 83 70 47 86
66 98 88 67 42 96 84 68 54 47 48 21 41 81 99 22 12 49 64 33 12 32 36 12 22 30 3 41 28 31 43 2 81 97 27 83 48 12 69 5 36 61 96 11 20 48 36 91 85 15
95 87 33 42 84 46 33 94 79 31 17 45 72 67 80 84 65 15 32 24 53 71 49 1 19 32 9 56 16 78 27 99 11 63 20 51 52 56 96 93 21 79 36 19 39 66 46 61 98 50
92 61 25 46 73 96 66 39 17 26 55 89 21 41 49 37 87 67 29 87 77 35 86 88 15 42 48 47 58 58 53 23 23 46 2 56 63 45 39 2 1 78 29 91 39 73 28 58 8 43
73 24 52 21 51 92 49 15 93 54 75 79 77 33 68 82 5 54 39 58 16 2 81 46 22 17 21 94 7 24 86 52 80 51 76 38 73 11 94 14 15 37 94 93 80 99 12 22 87 4
17 79 68 80 35 85 76 45 18 24 38 85 67 67 5 5 2 67 22 76 37 75 63 77 82 72 9 42 70 96 26 40 87 5 46 38 87 25 2 94 10 52 20 75 11 81 57 32 84 34
95 59 72 19 87 16 31 74 4 46 58 43 22 54 69 64 52 27 25 3 16 36 38 39 9 57 64 12 38 64 71 5 51 39 18 31 83 79 3 17 55 29 34 96 44 74 49 1 58 94
10 90 95 36 73 7 43 98 28 57 83 72 45 9 56 23 97 49 25 81 51 11 2 60 69 80 76 52 29 71 32 86 79 87 44 71 33 3 92 18 57 57 17 74 1 27 42 23 11 46
34 71 62 99 22 54 38 52 38 67 9 80 20 77 29 34 99 48 97 8 14 7 20 36 99 38 52 57 41 51 88 31 73 91 99 44 64 21 52 97 79 9 60 91 68 91 66 74 70 27
56 66 48 24 21 36 26 49 57 90 99 91 57 60 52 13 21 41 76 84 23 36 28 80 42 82 84 21 79 75 53 17 91 80 41 75 10 36 2 15 42 81 7 75 5 82 83 75 92 63
94 15 26 96 11 44 37 87 70 21 41 9 10 39 10 84 7 45 48 89 47 47 71 19 99 38 6 46 23 43 53 43 38 18 50 68 81 19 22 15 68 42 91 52 2 88 59 51 11 6
69 91 17 52 96 70 48 39 96 96 59 76 89 94 99 79 70 24 23 79 86 67 86 87 65 44 66 18 20 19 1 16 12 81 22 1 16 18 8 28 42 38 44 32 48 95 70 88 44 40
49 77 51 12 88 92 47 76 77 16 66 61 20 21 54 43 74 40 68 40 34 14 34 76 99 94 80 64 70 67 93 64 66 5 31 32 61 97 54 89 81 80 26 35 35 78 77 85 15 30
51 57 57 63 75 14 26 16 89 68 50 5 7 82 45 79 1 40 17 51 66 60 21 63 77 61 76 31 9 2 20 11 21 68 52 30 73 59 61 50 75 61 93 8 70 38 53 34 10 35
65 29 73 25 16 18 53 64 97 20 96 38 46 40 27 45 86 72 32 43 24 56 77 1 60 97 10 15 66 33 12 97 90 79 9 37 78 90 62 73 43 94 44 98 41 35 83 37 11 21
11 35 78 22 86 28 41 89 63 53 64 2 67 82 91 4 30 9 91 89 8 44 71 96 8 29 86 25 57 41 17 19 73 95 6 78 59 68 59 85 14 58 5 33 4 1 67 43 69 32
77 82 41 89 37 62 37 65 49 45 57 67 47 73 60 35 36 67 31 76 71 58 26 34 59 43 79 97 79 13 3 66 20 79 31 29 97 88 58 39 81 63 60 99 27 93 93 72 78 56
40 82 37 80 94 68 40 97 36 76 58 21 95 89 32 25 41 33 40 9 7 77 99 6 36 58 37 23 90 32 8 10 79 1 65 23 43 19 54 67 70 67 74 1 31 76 64 90 6 72
47 37 51 51 96 67 28 85 61 23 34 44 7 47 21 80 58 96 14 53 1 83 84 89 61 79 86 87 20 83 95 2 95 59 44 79 45 98 6 35 2 64 11 51 22 84 71 51 47 42
74 66 54 91 13 11 86 61 57 28 25 94 98 15 34 29 85 48 85 26 5 4 91 4 53 70 73 10 61 60 64 52 52 63 96 74 34 64 5 4 53 63 89 96 91 28 53 75 9 68
99 60 12 50 17 46 1 88 46 31 17 16 81 87 57 53 70 11 34 68 32 32 73 46 17 16 40 62 10 23 59 84 59 47 34 85 50 57 13 87 6 59 59 78 64 30 68 66 68 47
86 60 75 55 81 20 83 41 60 15 67 24 90 53 46 22 45 58 92 96 88 89 77 27 23 20 74 39 52 42 63 27 5 43 97 24 9 80 94 38 84 8 12 68 57 79 26 75 71 33
19 75 4 34 53 58 4 18 59 10 17 30 7 30 20 18 70 54 58 93 66 23 97 42 97 96 99 55 89 1 58 49 46 20 8 88 9 34 7 61 57 65 28 87 45 85 90 79 87 82
25 89 76 19 11 9 37 82 41 77 29 89 97 34 53 70 55 84 64 1 13 95 26 58 67 97 34 98 1 70 86 79 87 2 78 54 92 72 33 35 96 51 94 20 13 25 22 49 39 31
47 13 51 56 72 13 85 5 23 61 24 28 14 30 51 61 69 57 82 9 10 1 69 83 92 29 68 56 20 2 27 74 86 1 41 56 26 25 12 35 67 47 13 43 74 26 44 73 88 24
99 18 62 15 9 2 20 76 77 6 27 18 12 36 70 56 45 30 28 94 30 14 58 17 79 96 47 69 70 35 78 74 81 82 51 51 55 64 31 25 34 70 34 19 62 97 79 76 70 93
26 2 58 67 19 61 94 21 36 34 21 26 73 93 12 83 46 20 70 51 66 31 97 48 26 40 85 43 77 25 67 38 56 46 1 10 79 37 99 39 19 77 63 7 63 98 76 94 78 19
27 41 67 51 1 62 86 53 98 62 33 83 17 18 14 72 87 69 70 46 17 78 42 66 15 30 79 54 26 37 46 49 59 16 53 81 75 28 29 11 90 97 15 38 38 69 40 88 26 15
44 78 41 34 69 7 22 94 39 14 68 97 1 10 45 9 80 76 99 50 49 94 68 59 77 35 22 84 4 59 46 59 70 12 53 66 36 80 55 4 36 22 10 61 43 93 17 67 17 30
84 2 77 3 15 98 9 78 27 80 94 82 30 48 18 84 74 40 13 53 75 41 96 16 83 91 31 16 15 18 51 34 64 72 8 25 68 36 6 4 31 24 10 28 87 29 68 70 14 7
8 51 59 65 1 93 35 23 20 4 19 66 60 49 75 67 27 36 87 59 17 63 5 92 55 40 89 2 15 60 85 52 77 88 27 53 60 45 14 92 74 99 2 81 29 44 65 19 84 94
74 24 12 15 29 83 54 78 86 39 94 24 63 18 82 9 70 58 73 85 63 96 8 71 88 92 12 86 75 81 17 94 30 56 94 63 18 67 3 25 51 33 76 51 32 17 12 52 93 74
51 71 4 92 43 29 84 58 64 51 13 34 8 41 49 62 17 19 98 39 63 30 34 63 63 23 77 38 84 48 27 13 78 26 76 75 71 39 43 39 54 90 73 70 2 56 11 24 69 76
87 46 47 26 54 25 63 56 49 60 75 16 90 11 5 60 85 59 60 88 24 88 14 91 13 31 75 58 55 11 41 43 54 10 4 59 65 57 35 72 9 10 59 8 93 50 14 68 33 27
66 67 14 64 29 74 59 65 31 77 93 59 93 68 56 82 72 4 41 92 35 39 64 31 39 15 34 47 18 82 93 22 44 17 50 3 61 29 49 85 19 11 32 26 28 91 6 81 66 73
66 78 66 77 81 48 55 29 67 99 31 64 68 2 94 84 27 5 87 52 5 65 64 18 22 43 15 60 27 10 35 45 41 19 59 45 92 62 16 69 82 99 38 35 67 49 17 67 65 25
50 82 56 73 96 75 1 58 67 66 52 62 47 96 2 77 8 78 3 80 49 9 12 44 99 43 25 79 8 67 69 40 30 6 94 10 40 85 62 96 5 27 26 94 80 60 43 61 6 42
5 13 7 45 64 20 60 85 56 35 76 80 55 8 7 49 70 18 99 58 99 94 61 59 54 76 27 26 5 39 22 16 6 82 28 30 20 3 17 94 41 48 49 11 97 68 27 40 34 75
15 37 25 51 98 30 84 54 24 23 81 71 97 1 3 29 35 29 95 2 26 24 22 75 26 93 80 56 82 68 4 31 41 62 50 17 68 12 40 5 42 3 19 48 17 56 63 6 33 15
33 41 64 59 7 66 94 6 47 35 66 79 33 48 88 6 22 93 30 25 61 17 37 58 30 59 39 72 21 78 65 63 83 47 67 65 9 10 16 32 77 71 20 16 78 43 52 63 63 85
5 54 22 89 32 91 74 38 89 7 14 64 37 52 57 48 12 72 94 57 64 84 28 93 79 36 95 25 15 17 13 3 21 2 65 17 14 85 72 49 19 49 72 48 53 17 41 93 43 26
76 31 12 92 24 72 90 23 63 62 57 72 27 93 93 55 85 85 30 28 24 13 51 72 56 32 45 55 92 76 83 85 46 38 39 53 68 33 79 72 28 54 51 78 94 77 63 93 92 5
32 35 27 46 53 64 93 69 74 95 61 1 60 29 68 51 92 95 30 64 62 20 60 74 85 98 9 62 85 39 4 52 9 20 77 18 94 47 54 59 10 67 58 26 39 21 3 58 85 54
81 52 93 45 14 15 97 6 90 1 85 94 41 42 78 10 28 59 52 76 67 82 92 75 28 87 14 62 8 75 62 98 77 42 79 77 54 89 46 83 65 4 32 51 83 29 39 86 10 72
21 67 85 94 34 57 30 4 55 10 38 74 14 19 93 17 78 22 98 37 71 42 47 17 31 33 79 50 70 14 12 31 87 71 94 84 15 79 52 97 12 24 79 29 75 52 43 24 75 99
30 24 18 24 13 40 83 66 93 74 8 36 2 62 12 61 41 82 51 89 76 71 94 54 94 74 54 28 42 38 15 72 57 24 80 1 63 38 60 43 27 57 27 32 71 98 1 14 14 27
98 7 15 20 68 7 24 84 55 39 76 64 79 71 36 27 54 90 88 16 86 57 76 35 17 97 86 88 56 5 78 43 36 29 26 56 59 18 15 45 28 95 4 80 48 90 86 34 64 56
63 74 37 19 1 3 69 28 24 21 33 32 74 80 61 85 62 10 60 89 57 33 1 51 79 54 55 77 95 85 11 29 25 93 62 83 7 53 76 94 28 17 29 54 61 60 85 27 59 47
72 57 79 88 49 95 79 38 87 66 72 77 17 43 27 10 30 99 81 32 59 33 21 67 64 19 72 9 61 13 14 26 86 57 16 60 87 80 79 63 9 10 28 27 77 33 54 62 63 36
64 46 46 66 2 93 42 9 76 92 34 66 4 89 65 57 17 77 79 37 54 94 97 20 53 66 24 38 56 59 52 82 35 3 53 37 62 95 23 76 92 15 37 84 83 77 46 18 81 87
71 11 43 61 44 60 53 67 91 29 83 43 56 26 14 20 93 98 55 82 40 56 30 66 65 65 16 48 13 50 23 24 39 33 47 99 57 46 43 58 31 67 79 67 70 64 46 64 27 39
64 59 48 28 54 95 44 71 95 76 24 51 56 55 4 40 31 68 26 13 18 85 69 20 3 80 83 73 22 13 1 69 35 6 20 1 55 41 69 11 15 46 3 92 22 34 46 55 66 25
70 15 29 56 14 88 54 27 95 29 86 6 27 67 67 21 30 10 59 12 73 67 92 84 17 65 37 25 94 36 1 70 68 86 39 61 75 36 8 7 78 44 90 80 49 96 4 81 1 24
43 68 93 97 32 58 61 88 24 76 5 27 30 54 67 55 35 9 41 71 25 16 52 62 2 97 2 18 79 21 68 1 21 3 96 8 71 25 19 50 74 55 93 73 56 16 59 64 36 48
53 12 60 86 20 1 57 38 88 76 35 47 35 5 99 36 32 68 62 24 69 74 17 71 96 26 84 34 75 71 86 28 58 57 5 54 84 97 58 41 29 82 41 83 61 83 46 66 91 98
40 79 81 91 15 81 38 4 28 22 93 38 66 45 16 79 52 59 15 27 74 12 76 1 4 4 64 90 15 23 9 73 94 27 67 46 22 90 6 77 26 77 45 77 62 83 36 79 50 70
31 32 45 6 64 13 71 53 1 46 33 67 5 50 42 86 88 77 5 83 45 4 60 26 61 77 60 56 64 17 5 29 92 49 45 80 50 98 24 79 68 89 9 97 96 78 10 88 25 90
52 51 45 64 82 10 18 58 55 50 33 28 80 18 82 66 35 53 86 47 43 41 55 84 27 39 22 71 91 1 13 71 93 69 98 18 58 30 93 25 89 58 73 40 69 44 34 14 95 28
54 75 68 40 39 46 70 79 63 53 51 68 16 90 90 68 92 62 36 39 10 41 96 3 13 21 88 83 87 77 3 39 97 29 48 95 68 77 22 71 98 67 91 73 74 97 43 5 33 48
44 70 57 64 7 34 36 23 83 39 78 87 93 15 12 83 20 88 93 1 19 86 16 12 2 21 71 90 80 59 9 28 27 88 19 99 2 87 75 89 77 17 46 78 74 71 67 42 34 45
30 42 94 3 55 80 24 64 45 55 8 53 57 54 21 75 26 69 22 72 52 17 35 43 57 28 60 51 16 95 40 57 81 25 61 47 30 8 15 94 56 42 4 9 87 78 11 42 67 99
72 96 71 68 85 22 19 48 89 97 10 89 24 54 68 7 74 55 9 34 13 54 89 66 20 19 2 13 21 92 53 4 44 75 17 18 41 98 47 89 99 38 63 51 50 26 71 23 9 21
75 74 73 94 62 81 12 85 29 54 24 57 87 25 53 61 20 30 16 40 31 33 22 88 52 85 88 82 7 71 94 91 11 92 65 63 7 92 84 78 59 91 70 49 92 24 14 32 71 23
82 50 75 51 70 83 49 46 86 28 58 44 49 84 71 71 66 64 15 65 78 61 39 79 73 37 52 79 29 52 20 40 90 3 28 30 15 28 63 37 88 44 32 8 88 25 7 44 75 31
30 67 20 65 53 36 72 12 27 77 40 60 86 82 18 68 41 21 65 52 80 23 86 22 98 46 43 90 33 94 90 92 93 10 32 78 16 11 24 23 13 32 56 94 74 2 30 27 54 71
43 37 31 59 16 18 74 22 66 25 24 53 73 13 18 15 53 59 99 9 71 61 47 48 60 2 85 6 23 54 28 25 65 98 9 28 3 88 89 96 52 15 56 70 12 74 2 61 14 58
29 72 8 55 35 36 12 54 91 33 61 92 91 80 89 58 57 33 70 46 90 74 93 1 51 50 10 53 89 58 98 61 24 83 16 76 97 66 30 64 34 67 33 98 48 56 59 9 99 55
72 46 11 81 20 54 21 2 21 51 40 14 31 64 81 87 15 22 44 27 42 92 96 14 38 12 91 59 71 5 39 98 1 10 50 53 55 4 74 57 24 72 10 42 7 42 91 60 3 4
74 82 99 5 33 57 20 95 42 16 87 20 11 79 7 48 46 38 17 24 69 46 7 47 33 50 69 52 47 48 87 81 79 78 78 58 64 10 41 34 97 21 91 20 97 34 10 20 93 16
75 38 40 82 9 66 85 65 86 36 5 55 89 15 67 39 63 72 30 52 90 89 89 37 29 96 65 33 42 40 49 65 49 63 23 54 31 53 56 89 3 74 22 49 53 68 75 4 8 71
19 87 74 57 55 91 73 13 74 18 79 36 85 8 20 18 55 41 85 43 77 20 44 72 92 64 86 12 31 25 26 27 98 50 98 74 96 69 86 95 7 59 76 28 64 43 37 55 24 40
48 27 10 40 75 27 11 88 6 51 84 67 79 81 5 24 12 35 13 45 10 3 98 20 79 65 66 33 93 32 22 36 99 84 50 22 99 70 9 66 75 11 38 93 91 3 53 60 49 51
54 24 77 65 93 26 19 20 2 35 97 8 40 61 93 2 24 70 56 41 7 74 62 33 78 52 37 23 63 33 44 70 50 47 16 86 64 4 15 39 64 59 32 20 12 9 90 60 25 96
21 95 60 82 34 44 63 54 94 56 26 49 27 96 59 36 28 63 36 31 60 94 25 97 46 87 46 84 54 10 85 93 57 4 18 4 96 59 88 50 36 77 16 25 29 56 9 12 80 11
80 83 64 74 72 12 66 53 79 65 4 99 30 99 13 69 14 49 54 41 57 68 92 57 15 85 38 83 65 24 56 1 43 14 22 67 69 93 7 88 90 66 92 94 9 92 88 32 57 15
64 81 19 26 50 4 28 54 87 56 13 42 29 17 71 89 52 4 85 76 63 27 60 12 77 82 80 58 52 35 20 74 62 52 8 59 16 79 88 27 47 37 3 25 27 25 87 65 85 86
91 75 13 83 59 68 20 97 53 24 35 58 26 96 36 77 33 70 60 40 47 28 62 77 59 44 42 56 96 78 31 4 22 73 64 57 66 90 99 51 99 67 2 49 15 56 64 17 48 53
59 35 65 33 4 97 60 84 10 1 21 67 78 89 65 17 65 6 95 83 36 63 99 46 57 1 45 66 87 26 17 38 45 34 34 86 4 91 21 42 11 3 73 67 42 83 76 92 64 81
98 76 66 11 76 44 49 80 56 33 8 5 13 32 34 24 15 83 98 21 65 25 34 99 86 61 38 96 80 14 1 27 95 62 91 20 91 78 93 82 96 80 5 86 61 23 38 48 85 69
67 91 23 91 95 61 56 86 52 44 85 62 32 31 29 19 63 19 50 68 25 10 71 91 48 64 96 97 65 93 60 37 71 94 92 18 95 43 81 44 65 62 46 46 32 75 79 81 72 97
50 52 45 54 72 65 26 34 85 53 72 6 71 86 29 57 28 28 43 67 67 58 89 24 32 26 74 69 89 58 27 17 78 10 54 43 22 19 94 56 34 12 77 33 38 89 23 5 89 22
50 37 88 71 39 3 81 38 3 77 19 99 28 82 80 19 94 52 80 87 2 79 86 3 36 68 32 81 27 51 32 85 93 39 27 12 83 51 74 76 40 12 10 46 51 40 75 78 64 47
83 22 77 65 32 21 57 53 11 90 12 22 10 3 60 22 71 18 20 23 3 52 33 9 98 88 59 56 3 52 87 34 52 21 75 50 49 15 68 18 77 76 98 94 71 80 5 83 79 38
82 24 52 92 99 32 15 64 95 64 74 78 20 82 99 43 60 5 27 24 22 80 21 62 22 9 49 95 18 61 13 64 62 29 43 48 98 26 40 2 39 6 35 11 52 67 5 14 43 60
93 49 36 69 87 64 67 32 24 57 78 58 63 16 74 85 23 14 86 98 49 18 33 64 65 39 1 58 71 79 25 77 14 81 99 86 76 87 43 3 28 44 92 28 72 34 4 34 92 88
10 92 25 64 97 43 29 16 23 8 23 76 10 6 38 47 65 38 67 48 28 82 99 4 34 25 58 49 72 50 46 72 99 56 3 85 10 99 76 48 11 79 32 57 17 20 89 52 35 71
54 52 88 2 24 70 52 94 54 21 64 83 35 74 31 99 10 27 93 20 56 33 12 51 65 19 44 32 88 20 9 49 74 6 94 62 11 62 78 3 96 54 5 7 76 9 8 83 67 45
57 34 15 27 63 60 93 43 64 81 96 7 16 90 28 87 6 98 95 58 79 2 59 77 94 3 71 41 50 80 70 20 46 70 88 36 80 80 83 14 45 32 17 26 11 30 41 23 25 71
40 61 12 61 72 52 95 43 94 71 56 73 13 8 13 62 83 61 69 51 7 67 23 3 64 93 16 12 23 70 92 79 22 51 2 81 35 10 31 81 47 93 24 51 65 97 12 5 90 27
57 61 10 13 23 16 14 60 24 59 5 49 9 83 95 89 55 65 29 99 41 46 96 65 3 70 97 98 3 38 40 4 86 23 72 46 23 17 79 56 67 1 72 60 89 71 81 20 2 94
4 4 61 74 32 59 45 11 15 52 51 59 65 81 34 10 74 16 6 61 43 50 43 52 90 9 85 40 66 7 90 76 84 63 83 30 44 89 70 7 14 72 96 92 72 70 24 10 54 42
62 93 4 25 26 89 25 90 41 97 97 25 27 41 69 26 85 23 41 9 96 14 18 70 38 26 12 86 75 44 57 50 4 99 75 31 72 73 67 89 64 56 1 60 64 45 32 32 31 48
10 20 93 30 36 39 67 82 42 65 58 39 38 30 15 85 16 5 92 73 19 16 9 66 45 17 34 62 95 17 84 34 31 11 7 93 79 17 6 77 55 59 80 56 67 66 44 81 66 4
41 28 28 68 25 54 96 80 13 73 82 97 3 61 90 50 87 98 72 68 62 58 45 88 59 44 88 33 88 49 4 15 53 53 27 98 94 84 61 68 28 50 14 54 59 49 86 70 96 95
77 75 75 31 16 25 90 18 28 14 46 22 77 51 1 93 78 16 71 22 79 28 2 82 57 69 81 7 35 72 82 25 71 5 92 9 21 76 1 92 42 21 75 26 97 99 70 66 34 41
6 61 23 67 16 18 4 2 63 81 11 16 99 87 45 41 19 34 50 8 56 75 80 52 23 53 60 17 87 74 91 1 1 81 11 63 57 18 13 40 92 97 17 78 22 62 84 25 76 78
83 46 42 82 75 85 84 60 67 22 44 21 35 89 5 80 65 16 30 42 10 18 17 74 5 18 27 50 30 47 65 21 45 1 57 25 91 54 43 75 24 46 96 27 63 30 86 90 22 96
50 54 37 50 68 59 64 43 71 97 23 18 36 18 3 7 9 84 78 16 76 16 28 9 31 29 46 79 23 22 78 4 86 62 50 46 68 94 55 64 71 70 65 51 66 96 44 38 14 37
58 30 76 56 53 70 18 61 13 33 53 95 65 96 83 22 87 93 2 7 45 96 40 47 4 32 84 98 72 49 95 61 59 48 81 25 83 62 39 27 5 65 88 31 50 59 91 53 39 33
87 11 60 61 12 83 7 55 65 48 42 55 6 88 73 10 89 63 9 49 49 78 97 7 7 15 11 45 76 81 86 80 71 95 54 19 31 31 37 23 67 27 66 91 66 27 58 28 58 25
94 78 52 8 54 80 74 93 52 13 20 87 73 83 94 52 5 70 89 61 86 10 84 66 39 32 41 53 34 5 20 82 88 37 5 45 60 27 81 14 53 8 43 97 53 34 30 66 89 86
77 70 91 6 59 48 54 94 6 32 8 68 44 88 45 21 37 66 14 44 96 65 3 27 9 4 66 28 39 46 49 58 27 35 19 7 46 2 25 27 6 69 20 5 78 43 29 49 86 15
29 86 98 18 47 47 58 82 14 8 78 80 5 69 13 15 43 86 23 3 19 75 4 7 64 65 38 58 81 31 54 49 62 77 66 6 80 67 6 67 20 70 42 54 92 9 89 13 28 28
6 5 24 48 78 27 59 74 81 67 32 74 83 30 36 20 94 14 49 82 46 89 91 68 33 12 18 19 61 95 94 87 85 88 99 36 43 86 13 74 93 71 46 19 1 99 95 45 28 83

Demandas:
0 0 0 0 0 1 0 0
0 0 1 0 0 0 0 0
0 0 0 0 1 0 0 0
0 0 0 0 0 0 0 1
0 0 0 0 0 0 1 0
0 0 0 0 1 0 0 0
0 0 0 0 0 0 1 0
0 0 1 0 0 0 0 0
0 0 0 0 0 0 1 0
0 0 0 0 0 0 0 1
0 1 0 0 0 0 0 0
1 0 0 0 0 0 0 0
0 0 0 0 0 0 0 1
0 0 0 0 0 0 1 0
1 0 0 0 0 0 0 0
0 0 0 0 0 0 1 0
1 0 0 0 0 0 0 0
1 0 0 0 0 0 0 0
0 0 0 0 0 1 0 0
0 1 0 0 0 0 0 0
0 1 0 0 0 0 0 0
0 0 0 0 0 1 0 0
0 0 0 1 0 0 0 0
0 0 0 1 0 0 0 0
1 0 0 0 0 0 0 0
0 0 0 0 0 1 0 0
0 1 0 0 0 0 0 0
0 0 0 1 0 0 0 0
0 0 1 0 0 0 0 0
0 0 0 1 0 0 0 0
0 1 0 0 0 0 0 0
0 0 0 0 0 1 0 0
0 1 0 0 0 0 0 0
0 0 0 0 0 0 0 1
0 0 0 0 1 0 0 0
0 0 0 0 0 0 0 1
0 0 1 0 0 0 0 0
0 0 0 0 0 1 0 0
1 0 0 0 0 0 0 0
1 0 0 0 0 0 0 0
0 0 0 0 0 1 0 0
0 0 0 0 0 0 1 0
0 0 0 1 0 0 0 0
0 0 0 0 0 1 0 0
0 0 0 0 0 0 1 0
0 0 1 0 0 0 0 0
0 1 0 0 0 0 0 0
0 1 0 0 0 0 0 0
0 0 1 0 0 0 0 0
0 0 0 1 0 0 0 0
0 1 0 0 0 0 0 0
0 0 0 0 0 1 0 0
0 1 0 0 0 0 0 0
0 0 0 0 0 0 0 1
0 0 0 0 0 0 1 0
0 0 0 0 1 0 0 0
0 0 0 1 0 0 0 0
0 0 0 0 0 0 0 1
0 0 0 0 0 0 1 0
0 0 0 0 1 0 0 0
0 0 0 0 1 0 0 0
0 0 0 0 0 1 0 0
0 0 0 0 1 0 0 0
0 0 0 0 1 0 0 0
0 1 0 0 0 0 0 0
0 0 0 0 0 0 1 0
0 0 0 0 0 1 0 0
0 0 1 0 0 0 0 0
0 0 0 0 1 0 0 0
0 1 0 0 0 0 0 0
0 0 0 0 0 0 0 1
0 0 1 0 0 0 0 0
0 0 0 0 0 0 0 1
0 0 0 0 0 1 0 0
1 0 0 0 0 0 0 0
0 0 1 0 0 0 0 0
0 0 0 0 0 0 1 0
0 0 0 0 0 0 0 1
0 1 0 0 0 0 0 0
0 0 0 0 0 1 0 0
0 0 1 0 0 0 0 0
1 0 0 0 0 0 0 0
0 0 0 0 0 0 1 0
0 0 0 0 1 0 0 0
0 0 0 0 0 0 0 1
0 0 0 0 0 1 0 0
0 1 0 0 0 0 0 0
0 0 0 1 0 0 0 0
0 0 0 0 0 0 1 0
1 0 0 0 0 0 0 0
0 1 0 0 0 0 0 0
0 0 0 0 1 0 0 0
0 1 0 0 0 0 0 0
0 0 0 0 1 0 0 0
0 0 0 0 0 0 1 0
1 0 0 0 0 0 0 0
0 0 0 0 0 0 1 0
0 0 0 0 0 0 0 1
0 1 0 0 0 0 0 0
0 0 0 0 0 1 0 0
0 0 0 0 0 0 0 1
0 0 0 0 0 0 0 1
0 1 0 0 0 0 0 0
0 0 0 1 0 0 0 0
0 0 0 0 1 0 0 0
0 0 0 0 0 1 0 0
0 0 0 0 0 1 0 0
0 0 0 0 0 0 0 1
0 1 0 0 0 0 0 0
0 0 0 1 0 0 0 0
0 0 0 0 0 0 1 0
0 0 0 0 1 0 0 0
0 1 0 0 0 0 0 0
0 0 1 0 0 0 0 0
0 0 0 1 0 0 0 0
0 0 0 0 0 0 1 0
0 1 0 0 0 0 0 0
0 0 1 0 0 0 0 0
0 0 0 0 0 0 0 1
0 1 0 0 0 0 0 0
0 0 0 0 1 0 0 0
0 0 1 0 0 0 0 0
0 0 0 0 0 0 1 0
0 0 0 0 0 1 0 0
0 0 0 1 0 0 0 0
0 1 0 0 0 0 0 0
1 0 0 0 0 0 0 0
0 0 0 0 0 0 1 0
0 0 1 0 0 0 0 0
0 0 1 0 0 0 0 0
0 0 0 0 1 0 0 0
0 0 1 0 0 0 0 0
0 1 0 0 0 0 0 0
0 0 0 0 0 1 0 0
0 0 0 0 0 1 0 0
1 0 0 0 0 0 0 0
0 0 1 0 0 0 0 0
0 0 0 0 1 0 0 0
0 0 0 0 1 0 0 0
0 0 1 0 0 0 0 0
0 0 1 0 0 0 0 0
0 0 0 0 0 1 0 0
0 0 0 0 0 0 0 1
0 1 0 0 0 0 0 0
1 0 0 0 0 0 0 0
0 0 0 0 0 0 1 0
0 0 0 0 0 0 1 0
0 0 0 0 0 1 0 0
0 0 0 0 0 0 1 0
1 0 0 0 0 0 0 0
0 0 0 0 0 0 0 1
0 0 0 0 0 0 0 1
0 0 0 0 0 0 1 0
0 0 0 0 0 1 0 0
0 0 0 0 0 1 0 0
0 0 0 0 0 0 0 1
0 0 0 0 0 0 1 0
0 0 1 0 0 0 0 0
0 0 0 0 0 1 0 0
0 0 0 0 0 0 0 1
0 0 0 0 0 1 0 0
0 0 0 1 0 0 0 0
1 0 0 0 0 0 0 0
0 0 0 0 0 0 0 1
0 0 0 1 0 0 0 0
0 0 0 1 0 0 0 0
0 0 1 0 0 0 0 0
0 0 0 0 0 0 0 1
0 0 0 0 0 0 1 0
0 0 1 0 0 0 0 0
0 0 0 0 0 0 0 1
0 0 0 0 1 0 0 0
0 0 0 0 0 0 1 0
0 0 0 0 1 0 0 0
1 0 0 0 0 0 0 0
0 0 0 0 0 1 0 0
1 0 0 0 0 0 0 0
0 1 0 0 0 0 0 0
0 0 0 0 1 0 0 0
0 0 0 0 0 1 0 0
0 0 0 1 0 0 0 0
0 0 0 0 0 1 0 0
0 0 0 1 0 0 0 0
1 0 0 0 0 0 0 0
0 0 0 0 0 0 0 1
0 0 0 1 0 0 0 0
1 0 0 0 0 0 0 0
0 0 1 0 0 0 0 0
0 0 0 1 0 0 0 0
0 0 0 0 0 0 0 1
0 0 0 0 0 1 0 0
1 0 0 0 0 0 0 0
0 0 0 0 0 0 0 1
0 0 1 0 0 0 0 0
0 1 0 0 0 0 0 0
0 0 0 0 1 0 0 0
0 0 0 1 0 0 0 0
0 0 0 0 0 0 0 1
0 0 1 0 0 0 0 0
0 0 0 0 0 0 0 1
0 0 1 0 0 0 0 0
1 0 0 0 0 0 0 0
0 0 0 0 0 0 0 1
0 0 0 0 0 0 1 0
0 0 0 0 0 0 0 1
1 0 0 0 0 0 0 0
0 0 0 0 0 0 0 1
0 1 0 0 0 0 0 0
0 0 1 0 0 0 0 0
1 0 0 0 0 0 0 0
0 0 0 0 1 0 0 0
0 0 1 0 0 0 0 0
0 0 0 1 0 0 0 0
0 0 0 0 1 0 0 0
0 1 0 0 0 0 0 0
0 0 0 0 0 0 1 0
0 0 0 0 1 0 0 0
0 0 0 0 0 0 0 1
0 0 1 0 0 0 0 0
0 1 0 0 0 0 0 0
1 0 0 0 0 0 0 0
0 0 0 1 0 0 0 0
0 0 0 0 0 0 1 0
0 0 0 0 1 0 0 0
1 0 0 0 0 0 0 0
0 0 0 1 0 0 0 0
0 0 0 0 1 0 0 0
0 1 0 0 0 0 0 0
1 0 0 0 0 0 0 0
0 0 0 0 0 1 0 0
0 0 1 0 0 0 0 0
0 1 0 0 0 0 0 0
0 0 0 0 0 0 0 1
0 0 0 0 0 0 1 0
0 0 0 1 0 0 0 0
0 1 0 0 0 0 0 0
0 0 0 1 0 0 0 0
0 1 0 0 0 0 0 0
1 0 0 0 0 0 0 0
0 1 0 0 0 0 0 0
0 0 0 1 0 0 0 0
0 0 0 0 1 0 0 0
0 0 0 0 0 1 0 0
0 0 1 0 0 0 0 0
0 0 0 0 1 0 0 0
1 0 0 0 0 0 0 0
1 0 0 0 0 0 0 0
0 0 0 1 0 0 0 0
0 0 1 0 0 0 0 0
0 0 1 0 0 0 0 0

Capacidades:
2 2 0 1 2 2 2 4
2 1 2 0 0 4 3 1
3 2 3 2 4 2 4 0
4 1 3 3 1 0 0 3
4 2 3 4 0 4 1 0
4 1 4 2 1 4 2 3
2 1 1 2 2 0 1 3
4 4 2 3 3 0 3 1
3 4 1 4 2 3 2 1
0 2 0 4 0 1 1 2
0 1 4 0 0 2 1 4
2 0 3 2 0 2 1 0
3 2 3 4 3 0 4 3
2 4 0 1 2 0 1 2
1 4 3 3 2 1 1 1
3 3 0 0 3 0 0 0
3 3 4 4 1 2 4 1
2 0 1 1 3 2 4 4
4 0 2 2 0 4 1 0
3 1 2 1 4 2 1 0
1 0 3 4 0 1 1 3
3 2 0 4 1 1 0 4
3 1 2 4 2 2 3 0
4 0 3 1 3 0 0 4
2 1 3 1 2 2 0 1
1 4 0 0 4 4 3 1
0 2 0 1 0 0 3 4
1 2 4 0 0 2 3 3
3 2 3 4 1 0 1 4
2 3 3 0 0 0 2 0
2 3 4 3 3 0 1 0
4 1 2 2 0 3 4 1
4 1 4 2 1 2 4 1
2 3 4 2 3 1 4 2
1 4 2 0 0 1 0 4
0 2 3 3 4 2 0 2
1 1 0 0 2 2 4 0
3 1 2 0 1 4 4 2
1 3 4 3 1 3 1 2
4 1 1 4 1 2 0 4
2 0 2 2 3 4 3 3
0 0 2 0 0 3 0 1
2 0 2 3 0 1 4 2
2 4 4 3 4 3 2 1
2 1 4 1 3 1 3 4
2 0 1 1 1 2 1 0
1 0 4 1 2 2 3 0
0 2 0 1 1 2 4 1
1 0 2 0 2 4 3 4
3 3 4 2 1 1 2 3
