m: 100
n: 20
k: 8

Distancias:
43 78 27 2 91 18 7 76 30 86 71 21 23 38 10 49 77 40 28 48
7 55 83 84 44 46 42 31 27 17 82 3 17 96 45 76 24 45 66 2
65 20 54 80 19 83 57 67 83 28 49 93 46 4 12 42 4 37 58 67
12 34 72 56 58 29 28 80 28 80 92 59 23 64 13 79 66 74 24 59
17 20 26 27 61 81 81 75 43 27 73 59 72 87 90 95 53 38 74 20
96 91 53 94 60 21 72 22 60 1 17 99 25 80 39 80 26 9 62 32
89 30 98 74 50 98 35 49 90 88 34 46 14 30 24 67 86 19 79 4
46 32 37 24 83 59 53 63 32 56 27 53 31 76 24 61 67 40 69 36
99 37 64 28 7 83 99 9 18 24 2 17 87 57 28 98 44 68 48 62
28 14 22 85 44 6 49 47 30 57 54 75 99 18 49 63 71 21 73 74
57 40 60 17 6 6 15 12 99 74 2 32 90 77 44 65 51 97 53 5
35 53 50 68 21 98 4 63 48 76 57 3 67 22 42 52 63 94 66 75
34 7 40 83 62 88 36 51 58 51 24 32 4 81 26 21 33 51 72 58
80 60 54 96 31 61 85 13 76 4 77 7 75 92 74 13 80 49 94 80
13 11 83 31 18 99 43 10 25 64 57 83 45 89 81 56 24 71 45 51
70 93 57 67 18 57 74 25 28 13 89 86 5 87 55 23 58 78 56 63
66 51 73 21 42 92 64 85 80 12 44 85 33 15 71 22 88 87 98 28
3 61 36 65 99 13 55 46 12 47 49 7 87 47 48 5 75 61 97 99
11 55 20 69 48 16 32 49 95 14 50 94 82 72 34 16 71 67 97 39
75 67 72 78 50 38 52 33 30 49 30 14 37 24 77 83 89 80 51 2
17 36 81 60 97 60 21 58 24 89 36 65 4 93 47 73 52 3 39 17
39 98 91 50 19 5 79 81 24 44 60 4 74 78 24 74 25 92 33 95
90 75 37 32 76 49 92 72 62 49 81 20 8 9 10 69 25 53 61 78
63 91 79 19 96 29 31 87 43 78 52 66 48 61 64 45 90 18 1 31
48 87 33 33 25 72 75 84 12 3 70 9 11 13 72 69 11 79 8 75
3 37 40 31 99 45 33 15 32 64 14 43 26 25 8 46 57 57 34 66
76 77 49 90 26 89 49 77 74 21 46 60 1 95 23 63 25 32 9 64
79 46 50 63 55 11 82 44 69 61 90 55 30 15 77 69 27 20 67 10
20 86 50 27 7 50 13 21 68 31 6 40 76 15 53 30 54 44 23 52
74 58 63 85 16 95 28 82 39 4 50 70 58 67 52 9 38 40 49 20
42 58 19 27 56 41 60 71 79 13 12 63 33 18 12 34 96 32 76 85
59 87 81 7 60 25 47 80 93 91 68 28 85 82 98 24 3 59 7 20
15 92 21 24 72 21 78 62 34 50 98 91 99 1 30 44 81 55 3 42
61 81 23 82 72 6 66 53 89 54 62 85 60 71 2 34 2 62 46 78
40 75 34 37 81 9 18 79 88 13 10 22 46 27 62 91 9 21 86 64
6 23 63 94 10 90 10 33 84 54 13 90 64 5 79 76 79 59 26 3
6 28 4 30 87 79 45 19 75 78 90 85 92 50 23 79 28 65 98 51
72 24 92 94 14 52 66 90 43 78 46 29 61 57 39 15 11 35 38 70
19 84 63 58 77 7 50 67 37 98 25 31 65 37 51 78 66 12 22 54
39 99 81 35 40 67 94 66 51 6 27 17 42 18 1 84 41 37 79 48
92 18 94 33 14 74 3 85 50 46 30 49 59 44 41 63 20 65 97 43
62 63 19 79 67 68 47 45 91 82 10 76 92 2 62 92 52 4 63 39
51 47 17 27 51 7 48 32 5 7 96 63 24 53 30 24 54 11 66 48
71 33 54 15 69 29 4 43 80 84 83 95 23 94 15 75 9 61 6 36
91 40 54 49 25 42 37 63 57 22 28 34 89 2 2 61 96 23 35 57
99 98 92 92 50 27 28 44 48 7 16 2 30 76 50 87 18 21 47 15
99 87 31 38 39 97 59 55 95 85 45 88 30 23 12 85 7 3 26 10
72 33 24 34 62 45 21 71 23 78 39 82 94 36 98 13 88 15 64 13
19 59 65 61 67 36 29 80 3 65 49 7 35 13 27 72 42 60 51 95
31 45 31 17 55 53 81 22 88 97 18 23 82 34 30 28 16 37 62 10
19 18 90 46 15 91 60 78 5 36 50 61 13 95 99 42 69 34 55 95
70 21 70 56 29 94 64 20 87 44 67 21 77 77 17 54 60 67 46 5
71 10 47 30 41 32 34 97 66 43 54 34 28 44 67 99 33 83 44 90
33 22 26 13 81 78 23 21 64 77 33 74 59 95 47 75 93 7 14 43
59 22 80 85 66 73 45 58 63 44 59 98 17 69 35 88 37 75 24 42
55 33 23 62 82 77 30 13 59 75 3 68 64 70 18 28 1 82 38 52
87 28 20 99 65 3 14 54 65 98 34 57 75 27 8 33 49 25 47 22
34 44 63 48 34 80 67 79 41 19 79 85 34 89 18 42 87 18 46 44
68 73 19 92 83 23 22 7 71 78 61 17 72 95 8 52 50 79 12 45
44 71 78 46 99 33 47 21 12 18 54 51 63 71 94 8 1 84 10 33
49 26 94 47 10 96 11 92 18 62 87 41 75 76 37 37 54 39 80 10
30 83 76 19 66 36 34 24 78 77 91 72 35 69 23 26 36 17 97 11
90 64 42 4 95 29 63 24 57 72 89 50 22 23 81 97 23 14 65 36
94 49 21 6 92 71 39 66 28 95 10 85 66 20 35 58 6 79 48 35
31 45 93 66 30 73 86 11 44 36 97 94 5 75 71 74 23 35 62 97
79 64 98 74 21 42 42 38 98 66 12 68 95 36 22 73 99 15 44 82
36 8 77 18 95 89 79 90 14 90 93 74 38 33 72 71 75 15 37 60
38 98 58 8 46 6 23 7 84 34 25 72 3 81 21 88 23 91 41 55
44 75 81 18 25 85 54 96 26 43 68 8 33 49 18 24 3 29 95 39
65 47 82 49 11 2 47 94 74 14 77 75 19 4 8 53 55 2 11 74
4 40 3 69 46 31 91 70 64 46 34 19 83 37 21 31 34 71 33 87
49 75 6 55 70 42 92 60 98 86 33 93 81 95 76 42 27 51 95 89
74 91 69 40 55 31 94 42 67 68 36 45 5 76 24 46 50 61 37 25
96 17 59 26 77 68 25 38 28 25 97 75 6 16 5 37 60 55 98 41
71 65 50 50 50 61 95 93 98 24 34 74 73 58 32 50 29 97 62 37
87 65 61 44 59 13 3 66 11 99 60 96 18 49 53 41 36 98 92 70
28 25 13 8 98 31 47 7 23 50 95 43 14 35 46 13 60 59 65 89
42 70 95 13 74 66 32 54 98 19 30 46 25 21 87 1 69 54 82 45
21 97 47 76 55 57 43 1 93 48 25 46 10 34 65 88 5 55 93 12
80 75 47 78 13 67 74 3 18 87 50 73 14 32 84 98 14 24 50 23
60 15 35 18 14 85 28 32 63 68 31 71 33 24 43 27 94 81 41 93
68 23 80 7 3 19 6 10 67 43 63 75 49 3 46 32 96 8 54 34
62 35 35 27 76 65 59 91 1 48 10 77 66 52 69 93 85 85 77 56
70 85 85 34 32 5 27 81 93 46 83 5 48 48 81 63 89 87 38 12
65 24 42 75 36 86 6 13 17 66 24 58 58 14 47 50 14 2 32 13
50 32 83 4 84 18 3 87 97 8 97 78 8 51 51 88 95 9 64 43
79 19 18 44 62 56 98 54 63 10 50 19 32 96 90 94 86 75 59 1
78 30 98 72 35 30 44 50 72 22 36 85 82 98 84 94 47 10 14 53
3 5 22 84 5 92 7 62 84 27 56 6 41 56 67 19 34 81 63 36
61 5 72 67 77 59 97 58 83 47 33 9 37 26 68 37 1 81 17 75
17 52 4 15 46 72 46 46 64 86 44 32 13 96 80 42 77 36 51 77
84 34 14 29 48 28 99 54 60 57 69 51 95 77 85 27 69 69 83 80
43 39 30 82 84 73 9 96 70 94 16 96 42 75 85 42 4 86 69 42
67 49 96 91 94 29 85 9 48 52 98 27 25 17 2 42 82 38 7 61
4 69 90 95 76 63 90 52 64 48 38 61 8 64 65 21 62 9 34 42
86 12 4 72 92 75 1 8 63 51 69 28 45 32 61 3 75 72 55 37
95 24 82 80 23 44 50 42 95 66 35 46 55 72 99 76 36 37 72 95
41 22 19 51 20 42 31 40 14 62 80 59 43 49 93 70 25 2 12 3
51 63 58 97 44 87 55 70 49 85 23 36 42 8 53 15 22 19 96 7
64 20 36 16 38 85 98 39 86 76 95 57 10 46 82 15 63 69 54 56

Demandas:
1 0 0 0 0 0 0 0
0 0 0 0 0 1 0 0
0 0 0 0 0 0 0 1
0 0 0 0 0 1 0 0
0 0 0 0 0 1 0 0
0 1 0 0 0 0 0 0
0 1 0 0 0 0 0 0
0 0 0 0 0 0 0 1
0 1 0 0 0 0 0 0
1 0 0 0 0 0 0 0
1 0 0 0 0 0 0 0
0 0 0 0 0 0 1 0
0 1 0 0 0 0 0 0
0 0 0 0 0 0 1 0
1 0 0 0 0 0 0 0
1 0 0 0 0 0 0 0
0 0 0 0 0 1 0 0
0 1 0 0 0 0 0 0
0 1 0 0 0 0 0 0
0 0 1 0 0 0 0 0
0 0 0 0 0 0 0 1
1 0 0 0 0 0 0 0
0 1 0 0 0 0 0 0
0 0 0 1 0 0 0 0
0 0 0 1 0 0 0 0
0 1 0 0 0 0 0 0
0 0 0 0 0 1 0 0
1 0 0 0 0 0 0 0
0 0 0 1 0 0 0 0
0 0 0 0 0 1 0 0
0 1 0 0 0 0 0 0
0 0 0 0 0 0 1 0
0 0 1 0 0 0 0 0
0 1 0 0 0 0 0 0
1 0 0 0 0 0 0 0
0 0 1 0 0 0 0 0
0 0 0 0 0 0 0 1
0 0 0 0 0 0 1 0
0 0 1 0 0 0 0 0
0 0 0 0 0 0 1 0
0 1 0 0 0 0 0 0
0 0 0 0 0 0 0 1
0 0 0 1 0 0 0 0
0 0 0 0 0 0 1 0
1 0 0 0 0 0 0 0
0 1 0 0 0 0 0 0
0 0 0 0 0 0 1 0
0 0 0 0 0 0 1 0
0 0 1 0 0 0 0 0
0 0 0 0 0 0 0 1
1 0 0 0 0 0 0 0
0 1 0 0 0 0 0 0
0 0 0 1 0 0 0 0
0 0 0 0 0 0 1 0
0 0 0 0 0 0 0 1
0 0 0 0 0 0 1 0
0 0 0 0 0 0 0 1
0 0 1 0 0 0 0 0
0 0 0 0 0 0 0 1
0 0 1 0 0 0 0 0
0 0 0 1 0 0 0 0
0 0 0 0 1 0 0 0
0 0 0 0 0 0 0 1
0 0 1 0 0 0 0 0
0 0 0 0 0 0 1 0
0 0 0 0 0 0 0 1
0 0 0 0 0 1 0 0
0 0 0 0 0 1 0 0
0 0 1 0 0 0 0 0
0 0 0 1 0 0 0 0
0 0 0 0 0 0 0 1
0 0 0 0 0 1 0 0
0 0 0 0 1 0 0 0
1 0 0 0 0 0 0 0
0 0 0 0 0 0 1 0
0 0 0 0 1 0 0 0
0 0 1 0 0 0 0 0
0 0 0 0 1 0 0 0
1 0 0 0 0 0 0 0
0 0 0 0 1 0 0 0
0 0 0 1 0 0 0 0
0 0 1 0 0 0 0 0
0 1 0 0 0 0 0 0
0 0 0 1 0 0 0 0
0 1 0 0 0 0 0 0
0 0 0 0 0 0 1 0
0 0 0 0 1 0 0 0
0 0 0 0 0 1 0 0
0 0 1 0 0 0 0 0
0 0 0 0 0 1 0 0
0 0 0 0 1 0 0 0
0 1 0 0 0 0 0 0
0 0 0 0 0 0 0 1
0 0 0 0 0 0 0 1
0 0 0 0 1 0 0 0
1 0 0 0 0 0 0 0
0 1 0 0 0 0 0 0
0 0 0 1 0 0 0 0
0 1 0 0 0 0 0 0
0 1 0 0 0 0 0 0

Capacidades:
0 4 0 0 0 2 3 4
3 0 4 3 3 3 2 3
3 1 3 1 3 4 4 0
1 0 3 3 0 2 4 4
4 0 1 3 4 1 2 1
4 2 4 3 4 2 2 1
2 0 2 3 0 4 0 0
2 1 0 4 2 4 1 1
3 0 3 0 4 4 4 1
4 2 3 2 3 3 1 0
2 3 0 0 0 3 2 4
3 0 4 1 4 2 0 2
4 4 2 1 0 2 0 1
1 3 0 0 3 3 0 1
2 0 3 4 1 4 0 0
4 0 1 3 3 4 3 4
1 4 0 1 3 0 1 4
3 0 1 2 4 4 0 4
4 1 2 0 2 4 0 4
2 0 0 4 0 2 4 3
