m: 100
n: 20
k: 7

Distancias:
47 18 48 56 32 71 7 35 95 80 96 27 54 21 52 31 28 48 82 83
28 47 44 46 2 88 5 26 8 10 20 57 84 70 56 53 8 73 88 16
17 83 55 3 96 86 47 13 87 79 80 23 28 66 35 13 84 48 8 32
65 3 75 57 85 13 64 22 78 56 75 73 61 67 52 82 96 63 61 14
47 66 80 13 25 97 55 82 62 45 70 41 31 99 59 33 51 68 28 25
16 50 41 59 81 98 66 78 66 67 18 77 18 21 97 61 99 48 2 93
5 88 60 48 90 52 6 1 54 27 32 90 85 80 76 77 68 43 57 95
99 65 17 85 2 33 73 19 38 73 90 20 75 26 90 41 47 81 96 61
41 30 11 64 25 27 81 25 70 65 43 48 60 28 27 95 76 59 86 32
52 45 81 79 63 83 24 27 37 3 64 94 71 45 91 56 72 60 70 22
98 91 75 98 9 91 78 68 48 99 37 89 44 39 25 81 15 14 12 63
49 98 5 3 14 26 37 25 25 3 82 62 37 68 92 62 15 26 85 75
38 49 14 66 30 80 94 38 67 66 50 89 74 37 5 96 12 97 46 35
4 6 73 16 93 78 97 98 94 21 15 94 5 46 85 80 59 45 52 37
56 43 64 47 21 17 56 98 18 69 25 68 50 74 57 59 68 3 83 36
70 50 43 32 91 58 88 46 29 67 64 85 34 7 76 4 62 44 72 44
45 14 38 20 58 32 91 63 25 20 5 67 21 33 58 10 17 88 11 24
64 27 8 62 10 7 62 46 58 37 77 32 91 91 30 44 33 50 32 72
64 83 70 75 28 11 16 92 68 75 18 85 16 59 4 43 76 66 67 7
67 56 42 9 64 35 60 48 46 84 23 28 14 66 99 23 95 25 62 96
1 54 15 50 68 9 73 76 98 30 73 16 15 85 45 71 73 49 59 80
89 50 54 4 60 4 17 4 60 20 33 45 34 77 95 36 51 23 61 18
20 55 83 20 79 53 33 35 66 33 50 74 67 49 83 43 45 90 5 4
50 36 88 49 43 16 72 39 71 65 72 32 82 95 79 86 23 19 82 81
16 49 15 26 60 45 24 23 60 4 33 68 3 1 54 49 7 93 33 64
12 32 87 74 59 31 61 47 93 90 97 97 98 77 42 32 14 59 12 48
92 89 85 59 50 64 37 56 79 19 6 10 2 18 52 95 72 68 93 15
91 42 54 19 44 66 95 37 55 41 23 53 74 81 99 82 78 28 92 85
4 84 20 2 31 35 43 52 24 7 56 90 14 36 8 21 48 14 31 59
70 64 63 13 14 29 85 5 78 46 29 38 72 55 15 80 55 14 50 12
30 93 3 84 51 15 40 49 29 94 35 5 35 33 59 70 2 60 32 72
37 11 72 97 44 99 75 27 89 57 79 15 56 94 59 3 66 14 97 28
31 60 10 5 84 98 99 87 66 3 15 79 27 59 11 69 49 1 1 62
77 9 96 66 74 73 9 94 94 13 28 1 79 45 61 69 51 96 78 81
67 79 16 83 93 95 34 93 92 94 74 53 80 71 94 83 96 22 42 54
66 17 45 56 91 34 92 53 23 37 81 30 40 76 63 97 96 39 12 23
83 61 93 49 96 36 85 72 28 12 45 20 83 64 33 4 40 19 24 55
48 22 39 11 53 24 69 54 95 86 83 80 51 21 60 55 69 81 39 82
26 42 31 22 20 4 19 38 65 66 91 51 90 9 53 34 67 54 90 62
50 76 76 2 56 54 53 85 40 62 49 49 65 92 23 66 78 65 19 70
15 50 65 83 1 4 62 99 33 62 15 84 79 78 18 33 78 33 52 34
85 1 37 59 49 2 78 45 81 78 41 69 47 7 29 89 26 46 10 48
44 13 86 50 74 23 51 56 44 84 61 87 68 94 45 84 63 89 37 15
75 24 21 79 94 47 65 38 77 31 76 24 41 9 17 6 14 63 45 37
42 23 72 97 29 45 36 3 7 19 25 5 25 10 72 94 5 37 75 44
28 96 7 98 32 64 33 4 75 98 57 29 27 69 52 35 38 6 30 14
50 87 21 87 83 97 11 33 36 17 49 44 85 75 12 69 48 10 79 52
25 5 39 8 81 1 97 25 43 61 86 49 57 39 81 31 78 95 48 41
13 75 75 74 55 19 93 40 25 7 95 76 89 85 36 55 75 45 55 27
16 23 27 24 99 27 56 44 65 24 71 15 70 73 81 37 2 20 19 33
76 51 79 59 69 33 2 17 59 57 17 41 90 63 46 16 49 4 15 8
38 34 89 75 18 3 12 78 74 98 32 31 36 40 54 30 24 15 89 73
12 53 63 38 74 36 73 95 51 11 37 89 90 82 62 2 98 41 98 29
90 34 30 88 81 27 38 75 49 58 66 35 48 57 24 52 83 36 29 3
40 18 73 19 49 83 31 75 53 26 22 7 35 67 76 53 33 76 27 45
14 19 74 23 83 23 85 50 92 98 58 26 37 48 96 63 66 86 77 13
85 46 84 47 90 83 77 41 68 18 20 18 54 78 42 4 83 49 61 73
9 98 20 16 56 60 41 5 30 55 42 34 11 94 5 72 59 12 30 17
40 15 19 76 86 38 23 33 93 51 96 68 69 4 16 36 46 17 2 32
67 79 76 75 30 65 85 22 10 6 29 62 61 67 99 76 71 99 89 47
5 46 92 48 49 87 22 18 48 98 8 80 19 81 54 62 46 78 15 89
22 95 58 86 55 51 47 67 52 57 26 29 13 66 14 48 78 54 83 21
88 79 11 90 85 62 31 55 52 79 25 87 78 15 68 13 16 77 87 47
95 12 41 8 45 59 98 53 7 25 97 28 75 83 30 25 34 49 83 94
72 10 90 59 93 49 5 10 3 51 58 53 71 86 64 93 25 86 12 17
16 78 25 71 51 70 37 98 82 14 58 42 36 49 25 34 22 24 24 63
95 42 79 35 20 39 60 70 16 51 75 73 74 69 81 73 86 47 23 42
74 64 19 58 70 18 82 56 77 10 50 51 5 70 83 98 26 22 29 11
29 66 3 91 35 10 40 69 1 48 7 61 50 74 70 86 79 27 4 95
52 71 19 90 31 13 85 92 70 3 78 96 10 57 81 40 61 69 36 38
64 18 38 28 12 57 50 98 62 47 51 58 25 6 21 49 49 21 98 17
76 1 1 24 21 27 69 40 97 27 93 39 65 88 76 97 50 66 56 7
77 73 54 80 6 67 46 4 26 48 77 57 60 44 50 92 88 4 64 64
73 95 3 78 24 41 11 68 81 8 8 33 98 51 45 3 71 40 87 77
83 68 13 47 62 84 30 88 48 70 5 16 70 74 19 4 91 2 88 15
2 47 40 14 62 87 74 66 59 49 62 58 74 36 98 91 3 31 71 24
23 36 59 3 49 65 66 7 3 14 3 57 91 42 21 1 83 95 98 46
14 35 85 20 4 69 18 90 98 31 9 33 57 28 54 16 66 23 61 65
90 94 35 94 97 75 86 40 37 71 18 53 30 50 24 19 82 87 41 15
17 70 45 6 89 9 88 64 59 90 57 46 86 68 51 84 28 48 48 50
30 23 99 77 63 41 96 14 25 75 28 1 76 46 46 89 92 19 34 49
76 44 21 39 99 70 48 96 44 2 95 65 91 56 20 53 25 33 39 13
76 52 48 17 90 25 63 13 1 77 89 15 62 11 3 20 13 64 54 20
83 25 73 61 85 35 41 38 95 91 95 16 85 41 44 21 48 28 95 46
51 94 37 6 99 51 57 55 10 31 20 60 91 80 81 57 29 4 65 33
74 40 49 4 24 38 4 13 82 98 7 94 97 74 49 72 42 88 17 67
10 15 58 29 65 95 97 82 9 90 93 76 18 90 7 36 46 13 44 24
21 76 5 93 96 78 99 77 1 18 89 75 8 85 71 98 75 90 49 7
16 92 73 68 53 67 11 30 21 5 25 30 38 54 7 85 80 99 34 23
87 69 25 5 90 17 66 38 50 70 29 55 15 51 64 65 54 62 20 86
58 40 84 50 66 76 59 56 16 56 93 49 85 99 78 22 52 47 39 65
98 58 70 39 44 6 13 70 55 46 10 52 18 94 70 91 34 69 77 33
85 87 71 49 1 11 94 71 72 73 20 16 65 70 2 85 46 98 29 73
64 82 52 97 44 45 53 54 36 50 51 56 3 29 1 18 45 10 45 28
2 99 99 53 15 6 33 26 27 40 3 82 47 94 93 22 66 18 98 99
85 8 2 7 1 18 75 37 6 87 65 11 85 8 63 85 45 43 92 98
35 97 66 47 41 58 3 36 93 74 50 98 14 41 47 10 59 85 83 62
44 15 26 18 95 25 95 98 40 24 4 89 13 31 54 80 50 63 23 6
93 88 1 74 95 73 78 23 10 73 5 60 74 94 72 87 10 27 4 47
78 20 29 35 71 87 6 74 24 1 23 31 32 97 68 11 76 66 98 97

Demandas:
0 0 0 0 0 1 0
0 0 0 0 0 0 1
0 0 0 0 1 0 0
1 0 0 0 0 0 0
0 0 1 0 0 0 0
0 1 0 0 0 0 0
0 0 0 0 0 1 0
0 0 0 0 0 1 0
1 0 0 0 0 0 0
0 1 0 0 0 0 0
0 0 0 0 1 0 0
0 0 0 0 1 0 0
0 0 0 0 0 1 0
0 0 0 0 0 0 1
1 0 0 0 0 0 0
0 0 0 1 0 0 0
0 0 0 0 0 0 1
0 0 0 0 0 0 1
0 0 0 0 1 0 0
1 0 0 0 0 0 0
0 0 1 0 0 0 0
1 0 0 0 0 0 0
1 0 0 0 0 0 0
0 1 0 0 0 0 0
0 0 0 0 0 0 1
1 0 0 0 0 0 0
0 1 0 0 0 0 0
0 0 0 0 0 0 1
0 0 0 0 1 0 0
0 0 1 0 0 0 0
0 0 0 1 0 0 0
0 0 0 0 0 1 0
0 0 0 0 0 0 1
0 0 1 0 0 0 0
0 1 0 0 0 0 0
0 0 0 1 0 0 0
0 0 1 0 0 0 0
0 0 0 0 0 1 0
0 0 0 0 0 0 1
1 0 0 0 0 0 0
1 0 0 0 0 0 0
0 0 1 0 0 0 0
0 0 0 0 0 0 1
1 0 0 0 0 0 0
0 0 1 0 0 0 0
0 1 0 0 0 0 0
0 0 0 0 0 0 1
0 0 0 1 0 0 0
0 0 0 0 1 0 0
0 0 0 1 0 0 0
0 0 0 1 0 0 0
0 0 0 0 0 0 1
0 1 0 0 0 0 0
0 0 1 0 0 0 0
0 0 1 0 0 0 0
0 1 0 0 0 0 0
0 0 0 0 1 0 0
0 0 0 0 0 1 0
0 0 1 0 0 0 0
0 0 1 0 0 0 0
0 0 0 0 0 1 0
0 0 0 0 0 1 0
0 0 0 0 1 0 0
0 0 0 0 0 0 1
0 0 0 0 0 1 0
0 0 0 0 0 0 1
0 0 0 0 1 0 0
0 0 0 1 0 0 0
0 0 0 1 0 0 0
0 0 0 0 0 0 1
0 1 0 0 0 0 0
0 0 1 0 0 0 0
0 0 0 0 0 0 1
0 1 0 0 0 0 0
0 0 1 0 0 0 0
0 1 0 0 0 0 0
1 0 0 0 0 0 0
0 0 0 0 0 0 1
0 0 1 0 0 0 0
0 0 0 0 1 0 0
0 1 0 0 0 0 0
0 0 0 1 0 0 0
0 0 0 0 0 0 1
0 1 0 0 0 0 0
0 0 0 0 0 1 0
0 1 0 0 0 0 0
0 0 0 0 1 0 0
0 0 0 0 1 0 0
0 0 0 0 0 1 0
0 1 0 0 0 0 0
0 1 0 0 0 0 0
0 0 1 0 0 0 0
0 1 0 0 0 0 0
1 0 0 0 0 0 0
0 0 0 0 0 1 0
0 0 0 0 0 1 0
0 0 0 0 1 0 0
1 0 0 0 0 0 0
0 1 0 0 0 0 0
0 0 1 0 0 0 0

Capacidades:
1 3 4 4 3 4 2
4 4 0 3 3 4 0
0 0 1 4 0 1 1
4 2 1 3 2 4 1
3 0 3 1 2 3 0
1 3 1 4 3 1 2
2 4 4 2 0 3 1
2 3 4 3 4 2 3
3 4 3 0 3 1 3
2 1 3 0 0 4 0
4 1 1 4 4 0 0
3 0 2 1 4 0 2
0 3 1 4 3 2 4
1 3 2 3 4 1 2
1 2 4 2 2 2 1
4 1 0 1 0 0 2
3 2 3 3 4 4 0
4 0 4 3 0 2 4
1 2 4 0 0 4 3
4 3 3 0 3 2 1
