m: 250
n: 75
k: 8

Distancias:
87 43 56 38 59 56 52 2 68 95 13 56 66 87 58 41 85 5 50 28 88 16 8 92 75 91 6 40 63 97 92 37 57 10 64 4 17 3 8 31 65 34 93 25 67 46 47 82 7 12 98 5 98 45 6 96 26 94 83 7 85 84 25 59 44 49 71 65 70 12 19 27 62 89 92
19 57 96 16 56 81 75 84 66 19 37 71 75 34 5 84 41 24 4 16 9 86 99 62 27 59 40 87 57 68 65 65 72 62 95 31 5 24 50 81 72 92 58 12 39 4 83 52 35 97 9 97 83 39 79 65 25 25 3 40 6 44 58 41 2 54 39 81 12 27 41 7 70 38 80
48 16 15 23 35 18 26 12 92 17 4 18 81 34 98 83 95 85 48 62 66 82 56 27 88 85 19 17 15 3 12 9 87 71 36 53 4 24 72 33 78 97 44 66 87 24 52 69 93 83 53 95 73 29 32 1 99 39 2 43 35 8 23 90 5 33 94 85 93 81 53 33 36 52 35
89 43 69 30 28 11 76 90 8 36 10 64 84 32 76 8 63 31 2 13 74 28 80 83 65 99 91 1 41 97 15 92 68 84 36 1 20 50 33 43 69 34 58 55 24 68 63 59 67 84 38 36 69 73 64 28 96 32 4 41 48 6 52 21 53 90 12 39 96 43 43 37 74 75 63
55 76 41 97 18 91 50 16 39 20 71 93 62 41 71 8 49 49 56 1 51 6 45 92 63 32 96 22 40 38 26 67 97 27 32 99 6 52 87 67 51 35 81 42 53 25 53 92 62 85 89 66 18 93 17 58 34 70 9 10 90 71 46 97 75 31 47 99 39 70 53 36 4 61 55
30 90 80 97 99 10 22 47 23 33 96 23 7 71 65 56 61 5 37 38 1 5 6 30 51 48 61 79 42 10 33 72 91 36 13 72 33 41 85 82 62 42 35 31 11 29 1 50 6 86 11 26 3 47 51 59 48 35 28 18 6 27 40 89 90 12 35 56 8 84 19 6 80 73 1
86 2 83 80 61 34 46 94 79 38 91 39 5 37 2 68 23 9 54 55 12 9 19 4 39 97 49 92 70 66 2 64 80 2 99 93 76 20 54 81 34 33 52 11 45 31 25 22 99 69 83 34 53 22 10 4 41 60 50 21 66 55 42 36 7 61 46 77 55 80 73 90 96 78 45
24 18 40 85 77 25 37 33 16 76 34 80 40 92 14 63 86 47 48 18 65 61 67 19 39 65 67 79 59 28 48 10 92 59 2 89 86 11 90 35 57 73 13 85 75 66 19 2 58 5 86 44 61 95 79 71 67 89 13 98 36 91 44 84 2 39 59 68 63 6 31 2 95 78 79
93 60 24 64 6 29 51 79 46 69 85 15 13 66 83 81 46 37 85 34 10 48 3 63 9 58 2 57 64 55 34 53 36 39 95 91 97 46 51 19 72 69 56 28 42 38 2 80 21 59 44 90 25 70 69 70 17 95 14 62 74 12 71 17 78 53 53 61 86 6 60 14 6 96 40
25 11 25 69 80 49 79 53 89 61 86 33 60 95 97 15 12 13 90 92 19 24 81 99 88 34 72 1 26 34 36 73 97 92 84 73 50 30 13 25 25 23 30 75 4 22 41 54 16 94 8 96 25 70 72 37 12 98 20 93 57 18 94 76 2 60 29 31 64 23 96 57 83 83 56
63 4 20 80 70 4 14 7 6 71 55 5 90 82 60 59 51 28 57 12 80 40 77 74 29 10 82 30 53 29 82 94 69 5 40 87 51 6 40 60 3 40 18 35 33 82 81 9 20 20 84 85 62 40 40 35 64 3 56 9 55 51 63 62 27 31 93 2 85 12 84 29 75 36 27
21 85 78 85 8 55 57 50 94 9 95 89 77 35 5 33 1 5 99 14 75 90 25 63 78 95 41 95 67 27 78 53 76 47 18 12 31 70 63 43 80 50 81 42 84 22 86 39 90 43 96 94 65 66 3 16 33 91 58 57 85 71 26 20 85 68 96 8 14 4 96 54 79 64 46
17 3 73 30 41 98 1 44 47 24 65 82 72 66 99 95 70 3 37 40 37 36 5 96 34 24 1 94 72 5 79 46 67 84 48 45 88 62 76 95 76 21 29 81 59 89 55 10 74 59 67 19 74 23 52 41 80 40 90 90 6 65 40 98 3 18 55 54 32 86 61 21 96 3 86
83 4 47 17 62 27 33 76 97 28 82 73 84 88 21 53 95 98 2 46 24 12 36 54 11 16 83 72 43 32 71 33 51 18 12 22 80 85 98 70 9 24 71 56 23 99 6 57 73 75 65 93 39 75 92 14 30 37 58 31 23 97 39 95 55 27 99 22 69 78 39 51 29 72 16
48 52 21 43 89 12 94 17 15 72 69 39 6 56 41 34 37 6 53 43 67 10 5 20 41 61 59 17 76 67 68 48 85 30 8 51 67 18 57 34 13 31 12 21 55 96 18 28 31 39 40 42 38 91 94 30 25 46 68 69 36 81 82 21 13 25 27 41 41 70 7 33 59 73 31
2 82 84 4 5 23 91 45 52 36 32 31 59 22 38 36 79 93 69 98 42 69 66 74 41 59 34 30 5 81 73 8 2 55 17 12 42 38 53 96 16 92 84 39 1 8 22 81 11 21 78 13 47 79 91 47 62 97 18 35 93 78 96 75 92 95 45 73 54 74 65 57 65 92 50
12 97 50 20 59 79 84 29 92 56 72 78 41 42 84 28 94 69 83 26 26 4 61 50 82 6 88 45 83 22 61 42 10 64 82 18 80 41 15 27 7 78 73 56 32 64 24 98 62 41 23 98 50 37 2 98 16 14 41 56 86 86 54 98 23 24 42 33 33 63 37 69 78 63 6
56 98 38 37 1 98 72 47 4 82 81 2 88 24 80 62 39 24 65 35 58 67 59 98 39 49 93 96 44 65 9 5 11 83 21 30 2 42 12 40 61 73 18 57 27 9 83 28 50 99 43 14 47 33 3 50 34 78 95 54 97 9 44 24 1 65 71 27 67 46 36 85 77 52 95
10 16 32 94 5 50 5 24 85 74 25 72 94 70 17 75 66 55 95 71 85 90 84 12 13 79 55 5 45 24 52 28 58 69 22 14 43 81 18 39 51 42 61 48 45 79 17 1 28 13 11 69 75 52 84 99 83 25 49 46 72 96 28 20 22 43 83 94 94 7 41 37 48 12 43
15 99 79 37 82 55 73 54 70 31 10 93 15 35 68 91 72 45 88 73 90 27 66 88 67 39 88 10 97 88 30 3 78 32 55 56 41 96 31 55 1 65 31 7 24 29 53 73 34 91 90 46 83 52 22 70 42 15 22 65 32 92 99 57 47 11 51 24 63 75 83 56 98 17 9
72 35 52 50 63 88 65 98 23 16 30 61 94 85 92 92 77 13 28 86 69 16 31 11 93 97 7 97 45 25 4 77 85 98 64 97 70 21 72 7 56 23 65 42 15 26 29 67 43 38 50 32 35 93 69 82 71 92 67 70 12 8 94 35 52 97 32 22 11 73 27 4 3 19 67
85 37 58 14 84 8 13 46 67 1 41 38 1 48 51 12 7 43 98 70 96 18 95 28 16 62 23 3 76 73 93 40 23 67 60 51 77 44 86 21 47 49 40 26 72 88 16 8 84 46 70 92 21 49 98 30 89 21 24 61 16 67 30 24 42 32 31 8 30 29 99 54 24 19 61
45 7 58 23 42 79 86 32 90 27 36 49 84 60 4 24 84 66 12 14 13 1 83 29 51 29 93 50 53 69 17 81 89 31 90 15 5 94 11 46 69 19 53 72 87 27 19 58 96 26 59 13 30 87 16 28 79 4 19 43 79 55 99 68 77 19 48 96 88 79 1 74 16 31 28
50 84 29 10 80 33 59 77 31 61 12 50 75 14 36 77 59 5 79 19 78 74 37 40 99 30 77 86 40 6 81 8 74 2 21 74 77 94 32 69 15 58 5 40 92 45 7 89 90 69 19 62 59 54 3 71 45 40 36 76 71 80 66 86 62 6 65 17 28 13 65 81 52 75 80
7 17 70 87 48 31 19 57 48 65 72 75 55 66 45 35 91 60 66 97 25 71 28 28 58 1 55 43 68 76 11 44 95 29 5 20 25 58 19 89 61 64 12 54 57 36 25 51 87 97 5 44 53 21 24 86 49 5 73 66 22 65 60 44 4 69 57 79 92 94 17 27 76 92 42
26 75 52 97 19 9 68 3 93 45 33 17 33 26 39 49 83 77 46 45 87 86 23 35 29 45 7 20 27 21 65 86 61 61 6 47 54 17 65 98 15 94 79 9 58 80 64 55 65 99 87 41 72 81 23 91 30 67 24 47 94 66 5 4 6 17 44 33 10 91 54 24 11 97 42
2 78 57 45 47 27 57 77 27 23 81 68 22 54 44 33 46 83 60 86 65 23 51 68 30 27 58 50 55 96 23 21 45 72 61 80 24 54 7 39 1 74 74 46 32 36 16 50 70 5 97 1 81 25 10 82 49 92 87 34 47 86 83 76 57 2 82 31 77 46 45 91 92 85 91
91 20 76 48 43 29 41 60 47 76 66 77 30 70 95 10 42 67 80 64 67 78 11 89 22 67 99 39 66 52 13 60 35 24 94 94 48 61 19 8 7 62 50 96 40 71 68 74 82 70 85 99 66 18 57 45 8 49 3 64 89 8 66 44 38 67 83 65 10 74 32 22 9 18 48
39 77 95 93 12 12 41 32 30 84 58 55 79 66 63 26 56 99 14 67 26 22 80 31 46 50 78 54 85 50 85 96 69 31 76 78 51 28 75 33 22 56 58 18 69 66 8 63 32 27 2 55 70 46 63 98 58 70 61 53 7 81 14 39 51 10 53 55 21 68 94 89 37 15 17
91 64 9 94 93 76 75 69 10 51 15 58 14 4 27 22 72 27 9 98 35 44 87 17 48 95 54 71 99 84 58 2 56 25 87 69 61 58 10 24 95 83 53 69 29 52 17 72 55 68 41 90 68 18 3 71 75 10 15 57 89 64 75 53 15 99 74 47 34 49 95 71 72 89 53
78 65 22 91 72 52 35 70 44 23 66 98 15 51 55 34 80 10 23 67 16 55 77 20 42 83 98 34 69 32 34 2 16 55 73 94 70 22 92 42 2 38 56 18 52 44 15 91 98 30 80 58 91 54 38 59 96 18 60 6 22 37 68 84 90 52 81 6 88 41 45 55 17 10 4
37 70 36 43 75 16 75 57 40 44 35 36 2 50 13 53 69 66 12 26 17 52 92 9 19 49 76 28 53 87 31 57 43 3 82 46 5 16 51 31 34 90 43 31 28 85 38 61 46 9 65 37 67 94 95 59 90 5 5 73 47 29 25 48 72 35 6 73 18 13 80 30 53 60 73
74 85 54 61 60 31 72 48 20 76 82 1 94 91 84 53 16 69 10 42 99 64 93 28 34 19 68 28 68 79 48 87 4 14 25 77 65 9 26 14 6 82 85 24 24 61 61 35 44 78 33 22 68 11 91 22 23 46 10 37 28 87 28 18 38 80 46 57 44 39 8 60 72 30 79
77 88 75 26 84 65 15 5 66 83 74 14 61 57 64 74 25 33 25 47 6 56 17 13 84 85 2 84 62 56 83 5 95 88 82 33 82 86 54 70 98 19 78 54 47 3 55 24 66 29 69 97 27 46 89 36 10 48 28 16 81 12 50 55 26 61 2 8 66 44 34 25 12 47 29
61 78 93 43 65 75 9 8 57 11 97 88 52 46 21 61 36 64 70 18 98 70 69 38 12 15 46 24 26 37 5 91 27 85 19 95 37 96 37 69 89 23 14 89 10 54 97 83 74 82 3 37 65 23 55 51 47 6 24 98 26 99 78 4 60 73 53 54 82 43 19 21 88 85 13
70 86 98 12 15 21 2 66 2 3 96 12 99 87 71 63 84 17 65 5 53 2 7 86 29 12 68 32 78 77 51 93 76 72 33 72 94 32 30 58 40 84 75 34 48 99 34 75 3 69 99 58 22 13 26 22 58 89 8 56 75 42 86 59 95 27 78 83 16 38 21 16 76 32 78
31 6 57 23 90 36 98 10 52 54 30 62 52 39 42 18 75 26 37 26 93 88 95 91 37 65 91 37 43 8 87 88 21 60 30 67 22 24 28 18 33 55 2 2 44 74 74 59 99 91 75 17 72 2 1 53 92 54 60 89 19 62 43 67 76 43 57 90 46 42 62 68 61 82 10
82 55 27 33 75 8 81 82 89 48 20 44 18 68 27 25 44 45 18 41 52 72 77 80 19 5 21 65 61 96 18 63 3 26 63 67 90 74 41 20 40 64 46 92 7 96 74 62 94 99 81 49 50 71 7 72 64 73 21 57 93 17 40 58 8 48 67 7 45 54 8 82 23 29 69
83 54 43 76 30 46 9 22 79 86 74 73 62 84 11 6 99 31 36 24 84 57 33 88 44 94 49 73 94 99 95 96 98 57 84 73 12 25 38 77 91 66 24 70 21 65 3 47 55 63 41 44 39 85 9 17 35 74 42 47 17 48 63 83 73 60 50 8 31 4 98 67 53 51 81
53 60 7 61 67 76 88 25 45 72 62 7 55 72 56 10 36 92 10 89 72 87 45 77 6 22 73 16 60 28 89 5 76 40 66 82 8 8 19 48 88 77 15 25 60 25 48 29 34 10 39 36 93 83 88 91 68 40 64 71 43 33 39 6 60 94 15 12 80 98 45 79 8 33 94
81 17 41 4 98 37 67 64 35 39 65 68 94 82 98 72 70 36 94 14 81 53 70 83 72 5 4 84 91 88 4 35 81 95 57 71 93 99 52 29 41 21 48 23 7 37 80 37 24 81 77 87 32 60 82 15 66 4 96 6 64 89 59 89 38 29 3 33 20 47 74 24 1 66 6
31 81 19 88 65 79 96 39 65 6 42 92 99 69 91 98 72 26 94 36 55 87 13 34 16 11 70 59 82 91 63 45 48 15 34 55 82 34 3 46 74 71 25 49 52 62 38 95 14 52 46 4 16 87 96 43 10 90 68 2 8 72 87 66 71 37 45 3 56 40 96 33 28 18 48
66 61 63 51 22 72 76 24 48 3 8 62 2 49 52 78 64 25 82 20 35 33 22 96 20 42 59 12 20 9 68 43 87 82 21 46 67 13 98 28 92 14 37 20 98 77 84 81 58 91 83 25 11 67 48 50 30 35 66 7 23 79 65 31 27 51 33 27 8 50 45 35 16 52 8
25 46 72 59 84 97 86 12 93 37 25 34 4 37 13 9 46 17 74 14 64 64 80 60 70 29 49 66 37 90 16 89 59 77 2 56 78 83 61 75 18 69 55 18 74 21 49 2 60 19 21 46 58 12 23 87 20 45 4 47 82 81 68 97 59 85 74 5 24 51 10 72 45 25 34
58 12 6 4 28 73 47 50 85 89 18 21 10 68 56 64 61 92 83 31 26 82 10 95 44 49 24 52 27 14 16 81 66 16 84 44 43 40 28 77 74 55 14 12 40 56 73 67 22 33 7 75 84 95 20 80 29 67 47 96 12 64 16 25 40 24 94 91 37 93 10 28 88 32 48
39 34 62 74 58 68 96 30 90 12 8 67 93 89 31 67 17 78 37 4 69 33 53 28 57 37 92 40 49 76 76 37 84 85 26 92 77 20 78 69 15 8 89 62 88 59 5 98 30 78 48 96 35 16 4 32 77 73 84 32 25 17 97 14 2 9 40 81 61 13 26 7 89 1 42
25 59 38 54 88 47 43 6 25 20 14 47 85 31 77 24 34 33 47 51 49 50 18 2 4 44 55 87 57 90 32 97 92 2 58 19 47 93 99 16 92 39 24 61 17 78 47 90 76 1 71 19 57 61 85 50 97 91 81 39 64 69 94 69 83 86 82 14 62 50 2 2 49 78 3
14 56 62 21 21 71 61 18 96 68 3 80 93 10 50 30 6 2 50 11 47 94 16 17 43 96 94 91 12 3 19 18 84 48 90 27 46 46 33 5 34 76 67 78 81 71 32 32 61 65 21 36 44 8 46 21 84 21 22 4 93 91 53 94 82 13 33 33 54 4 71 83 52 34 56
78 99 70 23 14 33 47 27 45 73 2 71 55 8 94 88 48 82 62 67 76 77 24 38 87 22 32 68 17 65 39 71 61 36 35 90 3 53 87 41 27 1 10 69 20 40 70 47 96 66 54 14 60 19 80 4 26 47 70 92 5 13 99 5 30 64 13 47 87 4 65 44 35 72 72
3 99 96 35 35 87 21 77 57 94 80 23 74 57 44 30 94 21 47 87 84 41 18 94 25 79 67 35 19 94 55 90 49 36 31 14 32 91 15 20 65 38 56 21 62 76 99 86 11 18 19 67 84 9 50 32 7 82 23 36 29 34 44 49 18 48 88 82 72 77 69 93 23 78 83
4 90 58 77 80 69 97 70 20 83 12 22 20 56 57 13 22 32 50 37 28 1 72 19 94 90 61 12 71 74 78 10 48 92 71 29 76 49 25 95 74 70 39 98 46 89 35 59 79 49 7 9 87 7 89 72 78 54 34 10 98 60 18 53 89 38 92 21 16 7 62 34 63 89 80
64 35 26 73 15 5 46 77 80 18 75 85 84 64 68 6 4 77 76 1 45 94 58 27 64 41 29 13 47 61 77 57 52 73 2 60 93 64 76 97 60 73 59 21 63 23 81 50 52 9 94 81 58 57 11 75 72 73 12 64 14 80 27 28 19 36 74 24 24 95 20 39 67 78 37
12 24 99 92 94 65 68 86 80 62 50 33 7 35 7 69 74 38 52 54 35 19 65 30 17 57 25 4 17 3 40 18 46 3 18 22 98 5 38 91 5 40 6 24 59 15 49 18 55 43 62 99 89 89 66 13 89 75 22 27 69 96 97 96 62 45 10 80 59 94 24 78 24 88 3
35 75 42 60 85 69 84 99 2 54 50 75 55 15 64 77 31 17 27 61 59 74 29 70 3 37 52 87 26 34 87 40 55 33 37 86 9 57 5 26 66 18 9 75 45 47 51 27 68 90 70 93 29 76 88 20 86 29 79 81 82 69 88 99 5 87 70 46 37 87 27 75 83 43 82
9 93 2 40 44 67 29 78 25 77 55 64 79 69 17 36 55 52 17 22 66 37 35 36 62 26 2 49 78 15 79 39 32 79 4 56 97 24 59 90 37 12 26 44 15 44 10 26 75 95 72 47 67 26 1 99 62 75 84 17 82 96 63 69 45 59 10 84 21 6 9 89 50 57 91
60 99 90 26 80 47 94 64 89 27 42 54 52 65 94 61 55 33 30 86 3 9 29 7 48 12 3 30 72 98 96 94 45 98 91 80 85 50 23 36 54 44 85 42 82 43 56 72 66 34 15 55 58 98 92 71 85 89 2 25 94 57 67 24 50 56 99 72 93 27 16 70 18 96 22
84 49 36 40 60 3 48 35 48 6 20 93 19 64 85 85 65 12 86 32 46 96 21 98 13 65 40 78 97 70 81 7 30 31 43 51 25 40 51 60 74 46 14 52 72 31 21 41 9 66 38 1 18 12 20 63 93 46 81 7 68 16 68 72 6 33 74 76 45 48 70 58 25 96 50
9 6 83 28 73 17 87 27 57 60 42 36 37 8 99 82 73 78 33 44 18 27 43 80 94 6 5 84 83 35 92 44 3 56 35 49 51 79 23 20 14 49 22 17 67 30 26 66 21 40 18 70 79 2 53 25 76 18 85 18 74 1 97 30 42 6 25 35 61 46 91 46 11 95 29
60 2 86 69 82 29 65 38 51 9 92 35 28 68 97 64 46 11 38 58 24 24 11 21 65 34 85 7 52 88 3 5 79 68 29 51 18 8 89 13 44 66 32 24 27 63 77 33 69 55 40 21 12 76 1 87 82 38 67 15 55 63 23 39 34 8 3 60 47 25 43 48 86 14 79
65 26 49 53 42 67 66 36 40 77 42 29 44 78 88 64 16 50 70 94 5 3 73 9 34 75 10 48 65 3 78 98 24 81 8 5 27 71 88 20 16 67 51 27 88 34 83 1 41 61 33 38 42 24 52 11 34 70 74 49 88 37 6 62 97 18 29 68 52 77 31 95 1 92 56
18 6 91 49 90 71 81 76 21 51 28 57 52 18 9 98 93 39 64 96 80 40 87 16 33 94 69 23 48 46 32 43 63 73 14 13 97 41 83 22 88 79 2 5 52 34 75 3 45 35 37 12 11 46 89 58 48 69 51 73 74 13 87 43 62 64 75 72 73 1 63 64 33 42 51
19 36 71 37 89 93 74 49 40 35 90 34 34 19 67 66 39 75 30 75 31 54 37 24 26 78 3 4 99 35 2 50 66 39 95 92 72 7 36 44 35 80 64 8 88 94 29 79 15 95 97 75 47 24 1 79 99 22 22 99 85 89 22 14 13 58 83 84 57 48 90 2 84 25 36
78 27 8 57 93 87 14 9 13 13 57 88 88 63 20 73 76 18 36 38 46 82 30 3 55 21 58 34 37 55 66 15 65 67 81 62 27 82 7 99 94 38 20 99 87 86 88 52 92 62 35 63 91 85 36 38 41 88 24 95 18 41 88 8 68 50 7 93 74 28 4 86 99 91 6
94 51 93 72 57 23 69 82 89 20 92 71 94 51 55 37 79 77 12 35 29 6 41 78 45 12 90 90 78 84 73 77 24 98 44 57 99 82 22 15 55 92 56 10 59 16 53 69 32 3 24 24 45 84 27 15 42 85 18 74 58 94 45 3 4 15 26 72 25 32 91 37 25 69 16
53 10 65 9 26 26 87 33 57 7 9 66 13 91 51 72 17 46 83 63 51 94 87 29 82 93 17 24 49 88 27 75 95 16 14 45 10 33 30 91 39 86 98 25 13 11 40 24 3 10 3 83 30 90 93 26 72 91 53 51 44 56 3 76 26 90 86 97 59 27 3 38 70 66 70
43 80 96 99 43 91 48 32 40 21 61 43 7 63 36 53 32 57 58 24 84 92 65 9 31 49 26 87 35 82 95 7 79 44 42 89 46 49 27 44 35 43 38 39 57 89 59 47 97 15 68 80 81 47 31 81 39 68 5 31 94 56 61 59 89 19 7 30 95 65 41 75 2 51 31
61 77 5 18 80 69 95 79 19 88 41 82 19 43 3 74 65 50 74 39 56 76 60 34 86 57 96 89 14 21 92 96 46 66 23 14 12 55 37 50 41 69 29 68 37 51 68 58 47 70 21 5 72 50 27 56 26 69 18 53 2 60 56 3 94 70 45 42 27 20 91 93 37 57 96
97 66 79 14 9 9 53 41 27 24 69 5 98 13 8 99 85 94 28 69 83 29 83 46 35 56 84 98 9 20 82 5 48 66 35 68 92 20 37 5 13 9 18 61 55 83 96 47 50 86 21 9 73 97 86 48 71 24 40 7 71 29 5 37 68 6 50 22 37 77 81 9 78 27 90
51 57 9 40 13 66 41 16 70 41 19 12 55 13 27 63 28 5 40 45 6 54 18 28 12 13 6 91 63 67 48 17 4 22 23 65 8 35 15 52 92 42 6 86 2 63 30 61 19 2 4 7 17 10 31 66 94 31 90 49 25 77 42 3 16 62 19 9 15 44 42 31 59 12 32
83 24 74 49 90 80 83 6 94 37 40 22 95 61 92 66 88 53 85 81 30 71 97 93 33 38 23 93 46 47 27 16 28 62 60 75 85 54 54 29 56 63 20 80 54 72 6 49 2 83 82 76 94 28 27 17 27 33 33 4 25 88 25 74 81 66 31 60 22 24 3 38 50 25 13
78 66 39 50 60 76 67 31 38 57 94 53 70 91 47 87 3 61 13 53 5 96 47 50 43 59 87 49 23 2 67 51 58 27 47 68 83 98 61 2 88 29 88 29 94 78 56 72 36 48 69 86 31 81 40 2 84 28 27 42 24 81 46 34 20 85 94 29 5 53 96 70 5 55 20
30 10 99 19 27 93 48 86 30 14 30 15 91 17 49 4 47 14 4 23 69 18 31 20 35 13 5 57 73 10 99 5 80 98 54 3 49 72 86 71 78 3 74 62 6 67 52 29 80 61 84 57 30 78 71 22 8 85 21 72 14 2 46 18 1 77 5 37 80 20 81 44 65 7 90
32 97 17 72 34 50 5 7 21 2 56 20 47 47 2 50 77 45 82 67 72 58 1 65 53 60 15 77 66 88 51 31 66 49 97 96 17 28 10 86 90 49 41 80 96 31 96 1 25 72 62 63 32 85 6 99 25 89 94 43 13 57 6 67 32 12 90 92 87 93 40 8 73 51 1
88 53 36 10 68 39 58 92 39 45 38 60 29 36 32 55 2 40 80 95 78 45 40 43 80 87 5 93 6 20 4 31 41 72 32 46 91 47 69 89 69 77 84 30 59 26 81 97 93 73 72 30 34 32 39 5 21 34 10 40 73 11 26 17 51 91 42 42 54 13 77 27 10 94 63
81 77 19 71 23 4 61 68 91 82 83 39 74 72 34 59 36 96 69 8 31 4 26 62 85 69 83 69 61 54 61 45 52 16 71 45 16 3 63 16 20 78 22 71 64 88 74 95 10 17 96 27 82 93 9 41 53 17 51 99 37 94 5 98 43 74 80 31 33 28 78 19 13 66 11
59 51 32 32 91 5 69 85 91 98 77 41 63 36 84 12 70 71 72 75 27 48 20 63 56 29 10 4 92 73 23 13 80 61 69 81 38 76 46 64 86 83 39 81 53 70 79 22 53 23 72 50 75 36 5 65 7 76 25 6 34 71 71 20 83 29 75 20 21 58 8 62 10 4 13
91 55 84 15 47 40 46 15 11 42 8 18 70 11 74 33 96 76 23 94 23 51 60 85 72 24 7 60 44 60 80 28 92 66 71 47 69 28 66 12 55 38 18 31 54 98 66 82 46 13 47 10 61 45 90 29 70 29 34 85 10 54 68 77 85 27 64 35 67 93 11 81 28 60 55
77 35 76 12 98 27 52 76 20 4 77 90 20 73 13 49 58 35 9 29 54 74 15 38 68 6 52 81 71 85 51 94 75 48 20 93 70 43 43 2 23 70 57 65 20 19 87 38 18 75 26 52 51 10 41 81 78 33 84 98 12 61 58 84 36 11 76 55 48 1 88 82 9 95 51
51 69 97 33 76 76 37 42 50 14 56 96 52 78 36 5 39 63 95 40 46 94 80 61 55 76 13 14 91 11 88 46 25 53 14 72 96 1 60 70 34 51 4 71 61 8 5 39 3 67 63 54 98 92 6 42 44 14 80 53 97 23 32 37 48 11 17 14 69 24 57 72 44 17 21
70 35 28 35 96 45 96 37 47 15 44 13 13 14 78 90 89 47 33 8 94 66 26 80 88 46 13 63 70 37 56 38 89 90 50 77 97 7 63 65 13 73 68 25 56 33 43 74 13 12 84 62 1 18 20 69 65 76 68 17 87 53 7 58 99 77 11 66 58 66 70 15 66 26 38
14 85 55 84 89 63 32 54 21 86 72 41 56 27 10 9 14 83 59 91 54 33 50 77 49 95 11 7 7 95 17 81 2 14 67 87 68 56 10 6 27 34 50 17 95 64 61 47 88 71 33 97 24 65 39 67 34 35 59 45 35 66 54 35 57 19 33 47 74 91 51 26 67 93 77
64 33 79 99 2 54 71 88 7 23 90 2 15 77 94 24 19 6 1 24 27 3 58 68 71 25 26 43 19 92 86 61 10 2 85 52 30 65 54 76 21 28 73 24 23 96 6 90 32 68 10 84 28 97 29 81 71 83 36 48 81 29 62 83 93 73 41 87 20 20 8 12 2 42 31
47 20 23 9 90 51 46 63 1 16 38 97 22 46 14 51 15 67 36 33 67 1 97 23 49 42 74 82 25 96 86 27 46 26 15 50 46 16 51 92 91 53 32 65 29 9 92 75 29 46 74 61 99 25 10 69 70 35 90 66 71 41 19 19 29 32 47 42 66 65 42 71 75 19 22
47 94 97 86 50 1 53 79 55 75 21 13 82 15 84 84 32 33 80 82 90 71 76 1 6 14 71 25 31 89 59 13 43 53 93 73 8 54 21 30 71 72 30 23 14 66 18 44 79 74 20 42 99 36 43 92 90 19 87 78 82 44 36 3 33 5 17 66 52 15 46 93 48 95 48
59 25 89 31 69 81 10 4 83 91 31 13 2 10 99 49 89 85 41 63 95 83 61 85 70 38 84 3 60 22 2 15 85 55 81 42 75 71 48 79 52 38 37 95 32 9 72 1 20 49 41 11 42 85 52 5 5 62 49 23 26 26 36 16 75 9 39 31 55 72 17 27 21 15 24
48 54 11 77 95 93 95 42 6 67 44 42 75 14 94 21 42 60 93 93 39 44 10 74 52 29 50 30 65 68 62 2 97 87 49 33 5 1 47 91 80 95 84 13 17 8 45 55 58 77 34 20 58 19 47 50 46 16 53 98 79 89 49 23 21 35 8 64 95 22 13 1 33 15 64
56 64 10 93 89 67 59 85 78 29 71 81 17 30 24 69 48 29 91 29 48 28 67 31 62 28 21 28 36 25 68 56 17 8 61 16 80 17 57 18 78 48 29 49 10 51 67 67 35 80 66 71 86 98 30 81 70 64 24 95 51 91 30 66 23 51 32 28 97 33 3 92 2 36 42
25 55 64 50 13 9 21 31 95 49 91 95 94 75 94 32 38 49 62 72 2 73 10 4 2 21 62 28 39 76 85 23 26 99 26 93 66 86 32 74 22 25 3 22 28 4 81 86 22 97 77 56 73 99 37 80 81 52 16 8 45 46 99 55 4 12 73 52 20 52 33 52 48 25 26
51 75 85 77 20 94 70 99 86 99 46 40 68 28 85 4 5 79 71 41 82 54 55 83 84 11 12 46 34 78 79 56 37 82 55 18 49 52 10 10 94 60 25 97 71 36 98 98 21 28 15 78 7 19 18 50 86 57 66 15 1 12 80 5 14 18 28 51 39 17 29 91 54 93 77
73 75 9 17 35 44 25 59 60 14 27 10 87 25 11 90 2 25 62 53 40 50 90 70 48 47 52 74 29 13 17 16 53 71 48 29 1 15 2 88 2 30 13 22 31 77 26 92 31 47 89 87 54 8 34 35 68 37 32 36 78 63 87 75 25 45 27 14 24 76 10 88 52 14 8
43 66 72 23 40 44 33 6 79 24 94 64 67 13 41 23 67 93 35 54 79 25 10 75 3 6 89 21 1 52 3 80 60 32 80 5 49 98 32 78 77 42 98 84 56 45 15 30 69 86 3 21 58 19 96 87 22 32 17 94 62 18 87 2 22 2 46 21 15 14 63 35 63 9 92
89 63 43 26 56 92 91 84 68 1 93 72 83 36 95 31 35 9 72 10 41 51 43 87 26 92 23 20 12 1 90 69 93 61 74 88 60 64 17 80 56 52 69 76 92 57 58 84 49 43 26 84 35 93 42 53 33 76 72 75 44 20 26 54 22 71 33 44 33 61 9 56 65 73 74
9 8 64 65 90 29 39 53 15 71 51 24 41 64 27 64 56 70 32 35 90 33 63 67 28 8 42 76 87 39 72 81 35 10 74 72 31 85 58 73 19 75 50 31 47 13 13 43 99 60 51 79 33 10 22 44 21 11 16 5 49 68 16 58 68 33 64 54 5 70 63 43 77 10 65
35 22 56 45 93 11 38 7 15 11 79 34 5 56 62 24 78 7 27 16 51 25 46 74 13 58 35 96 27 32 72 22 34 74 40 17 91 78 42 85 27 43 49 9 37 64 45 94 37 16 20 64 37 13 37 21 77 4 82 28 77 71 90 77 17 19 48 5 58 42 37 29 26 39 18
4 41 39 85 28 43 12 48 59 6 35 72 37 65 64 40 92 23 85 14 19 93 97 21 2 51 18 72 24 39 8 34 54 9 75 44 66 23 30 16 58 2 32 42 43 89 75 69 40 76 76 97 75 12 20 52 14 15 1 98 67 23 42 24 61 80 60 86 14 64 61 55 82 56 80
19 92 14 2 7 75 17 93 54 5 50 70 47 33 75 1 10 80 56 7 39 72 44 65 87 21 77 23 76 88 35 46 55 39 8 29 28 12 19 95 35 99 32 37 83 42 6 3 49 50 57 9 28 29 12 86 66 72 64 49 89 76 15 63 78 38 13 56 68 58 30 8 63 66 81
49 13 90 86 51 25 34 42 67 77 56 3 19 94 49 34 52 5 11 11 52 4 69 77 82 18 17 62 58 38 81 4 9 73 56 33 85 59 30 90 54 85 83 67 33 59 24 33 60 47 85 62 36 93 69 11 31 42 1 78 22 72 68 97 67 25 62 21 15 92 65 40 67 66 69
72 73 74 88 86 90 7 8 15 40 42 94 74 40 73 8 97 28 33 56 40 64 12 43 22 32 62 24 76 60 88 51 41 23 26 26 74 3 40 15 25 41 12 4 44 34 46 63 58 60 30 5 50 12 42 68 85 70 70 2 52 96 4 68 57 32 82 47 25 30 18 91 21 23 37
44 14 47 85 96 77 63 3 93 73 62 54 90 8 14 73 46 90 17 64 45 72 74 68 89 92 29 80 28 57 5 1 58 15 4 16 58 44 84 73 60 31 31 90 69 35 38 29 76 23 99 22 80 89 41 77 94 70 22 94 11 24 52 30 73 87 48 50 43 93 67 71 1 31 83
72 96 44 25 48 30 7 75 25 62 31 89 95 52 57 84 47 50 35 9 26 12 65 13 19 2 85 9 9 8 65 97 11 73 79 30 80 50 80 6 72 86 99 49 27 15 12 93 59 77 45 52 10 57 59 25 26 5 26 21 95 29 75 88 11 75 73 42 7 63 92 23 97 56 14
8 72 41 58 44 39 74 74 5 31 56 65 94 38 16 75 37 34 61 66 31 36 25 42 85 53 66 79 46 39 30 90 36 81 81 49 51 6 13 1 78 22 40 98 78 39 85 91 21 69 21 27 96 86 26 54 41 44 37 57 12 21 55 87 80 19 64 13 33 79 65 45 55 37 90
45 28 28 76 77 48 43 60 22 8 8 6 43 92 48 76 82 34 65 45 95 87 65 20 62 31 61 24 35 34 45 55 72 77 11 99 81 1 91 41 83 11 19 57 62 26 71 39 25 55 32 66 50 87 69 36 78 92 87 16 92 33 58 29 47 1 55 91 36 40 43 87 57 76 18
34 97 64 5 41 60 20 40 4 82 9 74 60 14 20 5 33 56 62 94 97 94 16 38 67 63 89 78 29 68 19 28 85 35 64 31 8 91 99 53 87 29 40 88 47 50 70 66 8 50 43 52 50 92 37 46 9 85 98 90 57 12 23 52 50 71 82 35 73 94 40 11 87 97 31
45 1 11 76 27 60 36 99 94 39 58 98 65 10 10 51 64 64 5 27 82 86 59 28 76 39 32 3 40 55 39 12 63 37 52 34 93 99 65 83 45 9 52 21 52 50 94 8 62 62 31 50 29 11 89 36 8 50 83 13 37 33 53 46 83 1 26 19 85 93 98 7 62 1 63
21 98 5 9 91 25 91 96 78 77 3 59 48 24 20 45 71 63 20 34 17 98 86 18 83 65 33 22 92 44 85 8 39 38 60 20 87 83 63 69 66 83 5 95 31 19 99 81 23 85 27 44 79 69 11 7 28 8 76 70 76 83 86 65 70 5 40 41 25 5 12 75 65 86 35
37 77 31 12 77 54 63 62 81 80 18 12 98 51 81 53 54 48 58 65 7 94 61 26 50 3 12 30 13 35 1 4 45 19 26 60 90 84 44 92 82 62 76 25 13 41 64 94 65 2 38 11 63 41 53 96 90 78 47 86 98 59 21 56 17 87 14 99 19 4 92 46 94 61 30
86 83 85 42 35 53 72 1 90 12 61 59 96 66 72 54 77 9 41 51 5 20 52 78 17 14 6 74 99 50 80 43 22 60 57 3 3 26 43 79 6 11 66 82 55 48 57 17 3 12 68 37 87 66 82 47 45 35 90 47 83 82 23 38 4 40 66 65 70 9 92 42 62 84 17
49 18 22 39 19 17 95 36 37 25 24 46 38 82 3 4 84 4 78 42 12 75 94 15 81 26 30 87 60 40 44 2 31 32 70 13 65 25 67 38 89 23 43 99 87 71 66 78 3 58 13 84 77 21 91 6 37 10 98 36 70 51 96 49 99 14 86 86 2 92 50 88 74 35 12
20 74 48 49 95 66 7 70 3 91 27 32 72 73 4 28 61 59 55 50 43 75 74 42 97 15 75 90 7 39 32 94 92 92 23 20 75 98 73 7 82 89 37 98 17 87 50 98 87 36 98 47 2 60 71 10 88 9 80 87 32 58 87 22 19 59 5 60 27 36 71 55 87 27 17
19 42 78 83 19 10 30 65 48 7 21 32 43 55 2 52 85 52 15 92 25 89 36 88 5 31 40 17 57 79 80 31 62 59 89 99 66 50 63 83 42 76 74 95 7 14 81 90 68 52 3 9 69 75 99 99 52 81 80 71 85 73 88 4 25 47 13 4 40 33 87 12 26 7 87
45 15 1 50 65 81 84 57 53 8 47 55 67 46 35 48 14 95 93 89 40 2 65 86 8 26 72 45 2 42 90 17 24 13 97 92 59 36 63 3 81 72 50 44 28 34 10 38 4 64 62 81 46 72 59 11 90 29 41 32 44 94 76 44 45 25 55 26 76 48 91 80 38 16 76
22 94 44 99 58 57 51 97 98 44 7 30 22 67 12 20 77 34 61 15 54 16 48 65 8 20 76 2 37 50 36 2 63 69 61 19 52 50 31 3 14 16 88 18 68 3 83 31 70 31 55 5 35 90 40 74 98 87 48 25 13 89 93 78 49 56 57 90 5 96 16 55 46 94 48
90 66 90 87 73 80 12 45 1 68 74 59 31 7 66 32 32 7 47 25 93 86 63 87 14 36 27 96 18 64 52 91 7 51 37 78 63 1 19 27 35 49 65 69 34 49 27 36 17 98 22 75 69 34 2 22 99 85 26 8 34 92 89 70 2 80 91 60 11 93 86 16 2 79 2
79 17 77 67 21 6 8 17 35 22 60 70 69 51 2 55 35 4 15 60 15 24 83 87 83 82 46 1 47 6 74 64 22 20 25 78 58 57 74 59 72 88 3 67 54 6 35 54 56 61 11 80 18 22 91 30 94 20 7 61 45 70 38 35 54 57 23 96 55 20 71 54 56 6 86
49 4 87 14 36 44 95 80 50 42 10 11 9 10 43 37 94 90 9 54 26 80 99 7 54 74 23 53 27 29 46 44 71 52 41 77 92 40 35 66 55 55 11 43 99 78 95 82 95 10 7 25 7 75 68 27 44 75 55 40 95 57 81 52 81 82 83 15 24 47 97 31 72 68 51
55 53 3 92 80 6 65 84 51 12 21 58 39 52 93 21 60 3 18 31 63 53 84 38 81 62 6 74 99 68 76 53 9 56 61 65 31 80 24 16 64 64 45 65 92 17 4 77 86 8 42 51 41 65 77 28 44 69 44 56 15 21 4 7 57 40 60 3 28 25 48 79 25 67 73
92 21 79 98 13 69 73 71 94 14 96 9 42 82 52 87 50 37 22 23 65 91 73 68 88 8 85 12 29 46 71 28 77 20 8 14 14 88 94 5 65 77 34 52 42 80 49 47 16 9 95 28 37 79 5 59 10 83 8 72 3 7 68 12 53 86 95 3 2 38 83 96 4 96 80
95 59 82 37 67 42 67 18 45 95 14 81 51 12 33 2 72 37 15 80 44 33 68 25 84 79 24 56 91 85 89 19 76 9 64 35 70 31 61 49 81 81 86 21 51 68 6 36 57 73 10 34 14 83 18 47 17 99 44 27 7 28 49 95 29 72 80 26 61 39 62 41 88 69 83
49 69 75 96 21 63 28 3 69 14 82 53 53 87 91 49 13 51 52 37 67 55 44 91 27 64 91 90 76 78 90 20 34 36 32 46 41 98 24 37 4 79 67 69 22 85 8 67 45 51 57 82 34 35 34 86 26 84 50 19 26 28 87 95 12 23 21 30 97 97 34 47 48 99 86
36 66 20 5 84 84 60 53 67 12 14 21 54 43 16 8 11 15 38 99 11 24 83 25 19 15 38 60 28 1 21 13 10 91 80 88 77 45 85 11 49 60 45 97 64 75 39 79 9 75 69 35 68 92 24 3 61 78 50 20 85 78 82 77 4 2 35 61 88 35 21 90 40 26 50
11 11 90 88 99 98 41 12 21 90 51 51 33 33 2 61 7 74 58 65 85 17 47 24 77 99 94 29 2 29 49 59 49 36 44 23 12 69 65 94 16 18 73 19 35 28 44 87 53 53 82 14 88 39 3 54 77 52 73 47 39 61 42 11 40 32 96 95 64 29 96 58 26 16 9
90 45 23 62 40 83 47 15 56 67 30 15 83 30 89 9 94 45 40 87 59 10 14 8 11 33 39 88 41 29 11 72 61 17 40 60 92 94 74 42 46 54 29 20 32 45 21 52 31 99 69 14 21 56 13 21 73 37 61 28 73 24 41 23 81 17 83 65 82 6 91 92 70 46 61
56 73 12 49 4 59 48 79 86 43 74 80 20 27 43 94 60 26 90 75 24 75 18 23 20 85 69 10 39 64 63 31 46 45 7 6 78 43 68 33 74 30 7 19 61 94 70 75 96 49 26 1 47 22 10 87 21 2 86 56 14 8 63 18 58 79 73 35 25 38 30 95 91 55 90
77 90 80 52 12 7 74 75 86 70 58 22 14 31 88 28 92 86 51 86 11 44 35 3 26 51 84 65 53 55 62 75 20 61 97 75 28 4 18 20 96 36 19 86 17 95 62 99 34 19 62 11 73 97 34 69 24 72 71 5 89 49 46 37 93 15 47 85 90 41 38 25 16 11 22
87 68 13 24 26 38 44 80 60 41 6 54 77 23 60 16 19 29 21 25 84 83 75 47 70 26 70 72 53 20 95 86 54 85 39 14 8 75 50 19 18 23 62 4 77 50 80 64 88 73 48 68 3 97 7 16 13 44 15 98 36 88 53 28 85 94 28 84 14 33 38 53 28 57 3
33 78 62 89 60 78 6 18 77 59 78 61 42 60 50 77 1 52 17 53 48 86 21 93 93 87 99 5 24 6 96 7 25 28 93 14 17 89 47 97 60 80 66 43 37 54 96 36 95 89 40 33 32 86 90 39 34 34 39 87 75 97 96 82 17 54 7 96 30 88 39 44 93 25 41
8 73 84 76 23 41 65 48 73 17 67 98 76 53 48 62 57 99 74 88 25 55 14 76 84 78 15 64 31 66 63 30 26 19 25 57 97 50 25 10 92 48 61 85 68 23 55 47 48 41 96 98 57 40 94 8 15 58 17 22 44 16 73 70 45 32 72 24 6 63 87 67 32 22 25
42 95 24 13 18 69 82 59 50 45 25 51 12 1 73 55 28 14 46 7 27 24 64 93 47 53 55 30 41 54 52 5 70 13 88 71 49 27 57 5 78 24 68 44 49 64 9 36 71 46 77 56 45 23 6 45 20 97 82 36 9 16 65 78 45 67 28 61 26 59 56 44 34 57 65
24 69 77 46 74 9 21 17 9 65 2 8 53 35 32 91 1 53 13 60 53 6 51 66 20 96 1 37 96 46 49 61 48 55 58 3 91 65 30 41 47 89 73 32 25 68 45 26 13 98 23 62 80 83 60 82 55 46 70 59 47 88 32 1 88 16 99 92 23 84 17 7 31 68 99
2 89 61 74 98 92 73 34 70 33 49 13 99 85 52 86 49 97 70 13 66 90 23 38 59 43 29 86 32 45 11 7 50 57 39 98 79 1 75 97 24 78 90 9 69 25 61 15 91 30 64 41 11 61 40 79 3 88 45 67 55 73 57 47 99 83 82 81 97 24 74 91 26 53 49
22 74 38 35 88 69 45 88 71 81 29 9 13 51 61 33 88 38 51 47 29 20 79 56 2 42 82 87 77 6 23 13 47 28 79 25 61 97 45 41 66 16 80 40 46 18 64 79 66 12 94 3 6 66 91 41 94 97 36 12 17 33 60 22 58 45 31 83 82 58 73 74 12 52 80
39 35 10 89 82 90 93 62 7 69 7 53 39 67 6 79 38 24 59 77 95 63 8 86 75 17 55 94 88 62 86 88 5 39 13 15 94 39 89 41 42 54 26 36 85 42 24 84 16 79 60 73 23 98 7 35 40 15 81 28 71 84 67 42 82 52 74 48 92 81 40 73 6 64 22
80 6 70 39 91 35 52 53 27 46 86 55 49 13 55 16 16 13 87 67 38 38 55 38 71 44 83 3 76 76 83 58 21 73 72 54 92 36 46 59 97 69 78 71 82 94 13 78 12 7 89 88 54 49 51 84 25 22 34 68 49 51 47 43 55 97 69 16 58 62 9 26 85 62 4
3 8 64 56 27 46 28 4 46 62 47 58 27 3 9 33 40 58 13 76 83 28 34 32 84 85 91 56 50 42 65 40 33 44 17 82 60 8 40 91 40 3 49 10 71 90 11 21 74 47 65 14 78 83 52 70 48 15 68 93 64 74 41 91 86 45 79 79 67 27 26 47 68 54 21
95 42 27 1 43 17 74 85 7 39 59 90 27 52 12 18 71 91 62 20 91 37 38 27 32 35 2 57 67 35 55 75 92 46 14 47 6 81 43 68 45 85 90 88 75 66 55 7 47 4 91 29 41 11 57 72 19 71 47 35 15 51 52 98 37 39 32 65 11 36 34 93 8 61 53
98 17 39 78 4 40 69 28 98 41 65 64 6 38 23 91 72 63 61 8 24 32 3 28 67 55 74 76 13 15 58 59 8 75 99 22 38 49 9 39 85 66 68 12 5 73 96 22 40 31 42 75 35 25 60 65 30 54 86 94 49 39 59 12 75 95 99 33 90 76 30 57 19 6 99
65 42 54 55 87 33 95 81 82 21 98 57 47 7 74 85 49 39 15 2 29 77 44 56 57 95 8 37 48 86 85 4 98 82 77 33 27 55 11 31 93 31 57 56 29 60 1 98 4 83 50 45 66 1 75 45 67 43 40 64 60 83 87 78 92 82 64 25 82 85 31 56 59 9 15
52 1 65 16 19 14 85 49 67 51 54 89 58 27 27 53 98 87 28 88 68 80 14 49 86 19 88 25 87 77 1 86 35 94 26 73 40 95 8 37 55 25 97 41 46 94 28 96 26 8 69 58 98 28 92 27 62 74 89 77 39 51 56 65 35 51 60 20 45 64 73 37 68 37 73
9 43 57 99 83 82 13 94 87 31 16 34 82 58 99 58 70 22 13 91 86 53 26 74 91 1 68 12 62 94 81 55 24 63 55 88 55 7 98 82 96 32 37 68 38 94 54 6 37 15 13 58 47 86 64 91 99 26 28 14 1 71 62 36 94 76 28 76 65 40 69 90 10 12 49
31 23 12 97 62 57 99 4 93 47 63 25 49 6 56 59 41 43 82 58 64 27 52 75 87 86 48 42 76 28 79 75 28 94 25 3 32 6 71 27 83 65 90 58 29 23 53 23 97 28 9 7 5 94 40 49 41 26 63 3 25 92 6 68 72 18 34 40 1 48 52 1 27 89 96
68 65 9 49 70 43 75 63 39 38 49 81 97 79 2 60 39 86 98 38 4 82 3 54 80 17 4 27 59 43 26 60 11 10 8 13 47 97 60 60 59 21 12 38 76 95 39 53 31 58 28 79 83 46 22 31 53 25 31 53 80 61 12 58 90 17 52 37 15 2 52 55 81 75 98
27 47 4 8 88 86 63 91 63 44 59 65 62 92 51 26 60 31 19 63 50 29 17 66 52 20 2 5 85 49 31 89 28 14 55 61 53 76 81 32 36 62 76 42 74 11 57 25 21 45 12 73 6 87 53 47 40 19 63 79 87 17 68 95 98 85 54 10 93 69 52 11 64 54 30
9 7 4 5 11 14 6 88 8 96 31 76 99 2 72 83 12 84 43 14 94 61 34 48 66 64 63 98 98 83 53 68 57 20 55 76 11 36 70 42 4 74 93 56 74 87 23 14 81 54 2 32 45 28 78 78 72 83 87 54 31 39 86 61 87 8 56 90 77 26 54 35 35 48 23
59 26 17 84 5 97 30 9 18 15 28 99 75 2 54 36 20 89 52 66 23 57 97 48 96 84 27 6 89 7 94 15 87 18 61 1 94 97 61 17 55 52 56 15 17 69 99 67 8 42 11 95 63 99 23 50 73 53 82 69 86 27 4 38 15 55 75 81 62 57 47 86 11 88 88
32 79 13 61 60 16 98 8 55 63 29 29 22 14 97 76 79 39 50 15 88 35 6 23 97 63 66 24 28 58 31 27 71 16 4 74 75 75 23 6 51 44 75 16 37 36 70 52 15 19 7 15 79 59 61 69 73 3 96 32 70 54 40 18 89 94 15 67 3 22 52 58 51 82 80
85 20 78 23 51 6 12 97 90 38 33 43 16 87 69 30 74 92 99 23 97 76 57 45 49 72 78 86 53 56 55 64 15 15 6 85 11 29 69 98 78 33 96 78 57 61 24 45 95 16 21 65 75 74 98 19 1 82 3 24 78 40 4 76 49 23 20 82 85 5 34 40 25 57 29
26 86 50 70 81 84 14 11 90 66 74 74 50 74 82 67 83 83 41 90 24 11 62 39 26 21 19 21 68 11 21 76 71 4 48 73 13 56 2 21 13 8 38 6 41 37 85 64 67 72 98 7 40 37 91 57 24 9 92 51 58 35 92 78 14 75 71 50 42 35 88 54 95 75 54
76 18 2 8 53 78 10 55 87 7 60 78 77 90 30 12 43 86 26 53 34 49 88 43 22 24 28 19 83 9 91 83 30 84 27 60 3 96 73 78 84 17 12 47 74 90 18 25 29 81 66 63 39 38 60 4 48 53 74 10 62 45 51 62 36 83 20 66 88 56 43 40 83 18 30
82 6 74 12 50 37 76 40 75 15 45 12 6 79 74 30 67 49 27 9 32 69 58 79 62 65 51 13 70 31 47 4 56 89 81 2 48 71 67 8 75 94 11 31 93 52 7 54 25 24 10 66 61 90 62 39 2 94 31 34 63 13 53 11 38 27 81 30 95 84 44 96 60 52 79
50 42 65 26 11 40 70 78 20 23 68 59 73 69 74 90 93 21 49 83 36 2 74 96 92 34 23 62 28 84 88 26 98 28 5 14 92 84 35 97 76 96 85 27 59 37 54 89 61 72 53 27 41 90 10 62 72 45 68 52 40 67 2 23 74 76 19 77 75 52 37 41 15 41 1
97 69 21 24 97 1 28 58 93 66 38 34 26 99 77 86 30 27 95 6 76 74 88 83 5 36 37 95 12 53 85 54 73 33 38 71 19 6 77 28 89 97 99 69 38 62 97 77 10 87 91 58 22 74 3 64 15 16 67 24 85 72 47 83 71 20 89 21 50 87 56 42 68 11 15
94 40 71 29 63 43 51 2 62 40 39 36 30 70 40 8 28 59 55 43 7 57 39 2 22 74 91 20 16 55 75 92 71 14 71 23 7 34 28 44 39 43 88 68 69 78 57 5 94 54 34 42 50 84 87 45 28 56 52 44 10 15 84 26 3 80 44 98 78 94 23 3 46 75 50
6 6 60 87 93 82 76 88 6 28 10 56 32 24 21 95 56 35 44 9 4 57 97 10 62 20 63 5 49 79 44 53 52 83 63 52 73 10 62 27 51 99 14 94 32 54 79 20 72 63 50 40 98 57 14 20 85 12 39 64 8 88 47 27 66 75 41 22 96 31 64 86 71 5 48
21 35 20 40 39 57 88 18 85 70 69 83 50 84 96 2 69 35 57 63 50 2 64 77 7 80 88 54 13 44 14 12 94 86 89 85 82 32 35 37 84 34 48 53 89 2 74 58 88 71 84 46 86 12 66 19 2 38 16 18 24 62 21 5 77 53 84 16 57 84 3 86 95 54 59
90 97 67 71 87 77 19 69 33 70 30 44 61 93 51 67 58 74 90 20 47 34 84 16 96 47 33 46 90 50 14 71 39 77 32 63 55 22 52 80 77 56 77 4 63 43 46 2 60 41 94 50 51 15 8 8 7 74 52 85 6 93 48 99 37 32 33 76 99 8 90 25 14 27 97
78 98 1 89 15 29 18 19 42 53 59 29 45 87 43 79 3 6 37 29 53 44 11 36 84 75 28 65 25 30 26 88 30 66 92 30 64 33 51 8 86 12 40 57 13 50 92 30 16 47 40 56 77 24 63 97 84 74 62 22 86 43 67 55 38 46 73 35 68 70 57 89 31 77 55
94 78 25 27 85 13 52 18 65 89 17 1 94 43 42 31 35 82 58 28 7 67 50 31 26 70 37 54 58 21 94 35 77 79 53 3 53 50 3 29 84 40 18 62 90 87 70 84 81 68 93 7 57 40 98 16 16 60 10 70 14 94 2 58 1 22 85 99 75 7 7 36 15 75 28
44 88 99 71 15 50 54 44 56 13 10 36 5 72 9 84 31 89 96 73 4 9 14 11 84 31 72 10 5 34 28 23 79 88 5 48 74 48 66 87 29 91 2 63 39 76 33 74 94 3 45 97 88 92 5 58 2 46 29 49 18 10 78 22 50 33 73 81 10 73 29 86 45 49 13
23 13 12 3 2 73 14 32 77 11 5 73 32 69 60 64 64 96 55 76 43 19 83 24 94 78 8 12 58 57 31 74 57 79 12 47 87 98 12 53 95 34 2 57 92 87 72 88 97 38 2 50 1 78 9 13 80 17 24 99 28 49 45 75 55 23 53 62 84 1 90 23 35 34 73
2 21 83 70 99 30 82 89 38 32 38 83 49 35 92 40 39 47 81 61 27 38 34 62 55 55 70 76 6 20 96 54 93 19 82 55 95 22 68 75 32 52 86 94 90 37 75 12 6 84 85 77 2 5 82 43 50 71 39 12 47 2 57 57 8 40 37 16 73 8 39 6 76 29 20
96 68 25 78 15 54 30 61 30 11 86 53 62 19 42 34 36 30 39 32 85 2 99 84 24 77 10 20 77 48 96 36 81 26 26 50 86 49 87 28 49 45 10 73 41 26 11 95 25 10 36 5 75 17 62 89 93 31 23 51 75 10 10 27 23 91 22 93 72 77 6 61 68 65 7
96 69 76 59 20 96 67 4 88 76 63 94 94 18 28 94 45 83 45 32 14 68 86 90 76 60 50 79 84 12 12 36 78 54 32 68 49 71 13 35 72 27 78 66 90 55 42 93 60 63 56 36 70 10 18 25 54 65 8 55 4 21 7 63 16 17 29 94 57 80 24 64 78 72 85
56 15 23 15 27 7 14 5 83 28 4 38 88 37 70 11 40 90 50 10 99 73 60 8 47 95 39 14 14 52 88 88 24 53 35 3 41 42 77 29 36 92 62 8 27 39 85 41 54 65 58 35 9 55 5 18 48 27 33 87 51 39 24 76 88 61 79 38 80 25 85 17 69 96 85
87 40 68 33 93 15 98 5 69 34 74 13 15 64 52 71 95 83 47 46 55 57 51 94 19 86 44 68 94 93 14 38 9 13 58 63 54 79 52 22 16 26 99 46 57 1 46 2 24 59 57 5 62 70 10 33 9 88 39 45 18 30 95 56 27 88 63 55 64 31 58 13 39 55 3
15 60 20 26 16 23 24 96 2 28 59 60 36 80 19 5 72 1 5 78 77 22 68 41 5 12 21 11 25 79 56 4 86 2 77 76 14 56 24 3 98 50 50 20 98 48 68 73 20 98 84 27 49 92 94 71 17 33 36 99 3 48 73 86 88 42 28 57 89 67 75 58 8 73 28
83 13 28 76 5 40 41 51 69 47 47 16 95 2 12 17 98 37 33 40 85 74 89 43 38 37 2 34 45 35 24 76 33 65 92 78 99 96 62 90 18 75 36 32 17 42 79 86 77 21 8 87 17 87 52 62 19 23 96 43 50 25 50 4 20 98 15 60 6 95 24 51 45 16 22
26 80 17 54 72 49 45 36 82 41 70 78 60 53 90 56 14 44 85 91 52 97 49 48 6 13 2 76 59 83 57 4 83 41 85 8 1 25 16 22 21 94 86 78 68 91 56 16 46 59 16 29 47 97 7 94 81 20 37 82 19 36 14 32 2 86 74 17 90 21 50 92 35 73 45
64 48 71 18 48 64 34 80 59 70 82 60 99 5 53 11 65 65 31 74 60 29 6 95 39 60 62 26 56 60 11 73 11 89 36 81 13 61 23 67 44 18 36 22 75 61 81 80 31 34 13 12 99 47 47 89 4 70 85 67 99 34 57 26 78 63 5 90 40 39 34 52 85 77 95
12 74 6 6 70 76 41 38 68 93 47 96 61 25 81 73 2 11 30 5 36 9 66 2 88 71 26 76 62 82 27 65 74 29 76 32 55 49 59 36 34 6 33 80 43 74 13 40 7 66 86 63 63 49 22 67 96 61 65 69 50 10 30 77 56 58 56 36 86 89 27 22 52 37 85
75 56 42 5 38 56 14 59 69 24 78 44 65 95 81 79 89 58 24 41 41 53 38 97 41 44 49 35 92 51 82 62 26 87 82 25 28 74 82 76 29 81 34 85 27 50 22 70 46 83 66 77 13 76 33 53 17 81 80 76 84 45 42 7 58 12 7 85 57 48 22 95 61 31 89
17 33 95 84 40 79 24 21 37 2 62 5 64 68 23 9 59 10 22 47 88 60 41 25 77 67 64 55 55 36 18 53 9 92 62 76 66 21 8 93 64 45 46 82 59 68 72 23 2 64 30 66 10 89 16 14 7 61 85 29 74 51 21 39 14 13 46 3 77 48 88 64 9 15 81
10 71 78 72 18 12 85 27 92 9 51 30 81 1 68 94 60 77 39 45 47 38 7 91 48 35 41 85 66 91 43 62 20 6 42 40 32 49 21 26 45 15 83 35 44 57 69 59 43 86 41 40 87 12 98 56 84 44 55 1 70 38 52 35 44 4 49 3 48 60 61 77 34 76 21
57 65 98 78 34 59 50 85 49 85 37 73 31 69 3 11 43 83 41 31 49 58 20 79 37 59 94 52 59 71 13 75 46 38 97 88 23 78 78 38 95 55 41 14 2 1 36 98 62 23 75 96 32 85 31 24 24 37 32 19 5 88 23 24 53 40 30 76 2 56 82 86 96 25 75
5 56 87 21 74 28 44 65 11 66 68 66 41 1 48 29 58 23 19 98 78 34 91 18 4 47 32 56 91 96 75 92 13 22 41 76 53 86 91 24 94 22 95 33 79 36 73 78 37 38 8 23 22 49 51 66 24 9 48 29 83 55 69 43 31 15 26 37 66 92 78 38 67 55 83
29 56 56 26 2 67 46 27 20 57 82 86 10 94 53 33 81 44 78 28 92 67 53 74 81 22 31 96 89 83 19 13 59 22 1 16 54 54 98 5 2 32 11 48 60 1 81 73 55 55 67 49 15 81 47 72 67 20 19 64 8 94 72 11 91 72 54 21 73 68 22 70 29 29 4
7 76 68 92 74 64 5 33 7 25 98 88 37 32 29 54 15 24 84 53 83 6 65 40 45 95 9 37 38 26 92 45 5 50 27 28 81 92 32 9 25 79 55 47 87 34 62 38 94 65 20 93 89 60 33 34 57 50 62 48 80 78 97 22 74 58 44 44 1 1 36 25 19 6 4
18 52 30 66 8 19 56 30 16 74 28 87 71 35 3 44 57 93 57 46 27 25 40 45 75 61 80 1 39 57 3 38 91 57 34 56 20 26 72 76 68 42 75 40 81 35 43 63 75 52 28 5 53 34 25 62 21 14 66 21 9 79 29 10 28 70 21 84 27 10 54 86 34 13 87
47 36 93 1 37 96 37 60 7 88 82 68 27 44 66 24 85 9 47 3 25 56 76 58 68 84 21 29 61 7 76 41 83 38 60 19 44 2 98 59 87 90 66 42 16 57 41 54 61 41 62 63 46 82 90 12 50 85 41 66 25 65 4 20 53 74 98 39 32 25 5 52 73 19 95
43 87 36 5 50 70 26 14 83 26 63 84 32 40 99 3 61 52 82 16 63 98 68 26 98 50 43 80 13 66 11 93 71 79 13 84 7 83 11 23 81 28 7 96 42 57 78 23 64 71 84 37 71 21 15 45 71 36 43 67 64 95 74 25 63 92 8 47 83 55 97 64 71 33 72
86 16 59 88 63 29 76 20 65 54 64 43 17 2 65 46 21 97 80 8 42 77 94 20 69 72 46 41 54 89 10 92 67 35 8 82 80 44 60 77 4 2 93 45 88 53 87 21 77 19 7 79 49 91 7 87 52 78 25 6 79 43 82 63 52 50 33 85 67 16 88 82 22 65 20
88 12 31 33 79 2 69 90 83 66 34 43 25 26 88 90 83 85 13 15 30 50 98 52 87 49 12 29 6 34 92 73 89 76 46 56 41 83 62 12 37 9 32 28 3 77 31 32 92 12 50 35 20 31 31 51 87 10 82 99 56 80 61 85 15 39 70 60 11 2 57 22 12 10 93
18 75 68 92 48 64 55 82 37 47 6 78 5 63 22 7 1 84 67 47 9 75 83 51 18 33 87 25 74 41 54 73 96 61 94 26 14 7 84 6 77 43 81 55 78 96 36 65 29 39 92 61 63 41 44 37 33 52 99 10 96 66 83 51 87 75 24 95 38 66 61 85 91 35 47
1 76 2 51 35 46 54 72 48 21 69 73 17 8 86 82 59 97 67 21 55 74 44 4 65 68 43 56 86 19 7 67 31 19 53 91 67 91 40 50 50 73 71 58 16 45 27 20 65 96 91 42 17 73 63 66 49 57 64 45 87 53 8 83 68 78 59 72 64 14 4 66 12 91 43
81 76 61 13 78 21 90 41 79 55 72 19 78 68 93 58 42 94 73 5 91 6 4 50 2 5 54 96 35 2 49 54 41 30 4 45 19 30 86 45 63 91 21 26 91 36 31 14 80 58 39 32 21 77 43 53 14 87 27 86 30 15 38 21 50 16 63 55 85 34 89 37 75 11 14
17 44 51 48 74 72 16 40 93 14 27 54 57 77 71 33 1 65 41 23 10 75 69 36 81 85 48 90 69 83 81 29 1 96 53 8 25 45 59 86 71 36 84 76 13 53 41 59 84 85 78 78 7 55 34 40 28 26 45 99 13 62 90 34 46 98 84 28 68 75 3 47 6 73 60
84 97 43 13 76 75 73 57 74 83 48 13 74 53 89 98 54 56 67 69 21 92 26 43 94 29 22 95 34 98 21 11 75 91 99 9 76 79 61 29 96 16 18 3 59 28 3 61 21 37 46 37 57 90 88 47 59 84 97 35 23 85 39 94 1 46 89 69 31 93 29 1 23 54 11
73 90 46 24 59 25 86 13 35 96 31 74 83 8 95 41 98 12 35 70 23 59 79 39 65 60 20 81 94 98 79 8 17 25 61 3 5 51 74 21 1 62 27 29 4 32 8 39 73 52 49 23 25 11 48 37 50 41 12 30 38 53 96 24 48 92 62 56 59 39 15 34 59 44 48
21 8 2 49 59 29 27 46 28 91 72 70 63 69 15 70 85 66 67 46 20 29 69 24 64 56 97 31 81 5 56 17 86 52 10 47 8 83 64 4 64 38 20 94 41 74 45 27 89 83 97 75 55 18 45 46 32 78 69 80 83 61 50 91 87 21 81 45 38 29 13 22 97 75 12
78 84 48 45 48 36 82 53 47 80 27 52 60 30 39 12 83 22 16 48 60 78 79 2 27 37 25 26 25 50 3 23 54 84 74 62 30 78 28 48 51 13 24 87 68 1 49 79 28 93 97 82 98 43 77 63 4 19 68 69 82 87 96 21 72 59 10 49 32 22 67 25 28 91 13
73 43 70 90 2 74 54 20 96 87 62 30 99 67 39 2 48 42 77 93 87 76 11 40 2 84 65 43 10 56 61 59 64 96 7 90 98 66 14 1 29 6 14 68 39 29 84 52 98 89 70 68 15 6 51 54 13 39 79 42 4 45 98 23 86 23 89 11 42 83 29 95 79 83 19
47 6 58 74 36 3 38 8 3 41 78 30 5 4 69 15 93 63 9 11 77 64 70 98 51 18 69 96 78 2 1 79 54 33 78 18 96 89 70 14 26 89 46 32 13 95 47 84 31 40 26 25 12 86 74 30 21 27 27 79 92 17 16 55 61 26 86 6 64 70 83 51 41 24 14
91 50 6 86 30 56 64 30 67 96 95 74 86 85 41 70 42 59 88 74 5 46 13 89 77 70 47 10 42 38 57 1 53 84 66 4 59 38 66 55 8 24 94 41 63 98 16 31 21 93 63 18 64 36 48 75 61 74 68 54 16 39 33 64 6 55 70 36 42 32 84 27 96 5 58
86 28 74 50 86 61 85 53 95 53 94 19 53 22 48 89 23 1 40 85 12 56 39 87 30 64 46 33 12 65 28 23 97 59 96 12 60 92 56 25 41 5 37 37 93 44 30 63 5 6 96 54 40 31 98 61 63 1 88 27 30 11 99 61 26 7 98 51 25 89 29 28 3 15 48
25 38 62 62 41 91 2 27 55 84 63 52 69 61 88 11 25 57 45 28 38 33 65 5 32 49 87 82 57 36 98 44 73 38 59 2 77 1 64 77 62 15 76 48 25 44 22 17 59 26 27 34 41 89 68 27 2 80 46 24 32 16 29 12 33 95 84 19 62 49 86 22 55 71 74
49 31 64 79 11 17 24 1 17 67 96 83 74 97 45 51 61 40 53 73 43 10 10 76 9 90 64 83 82 84 10 9 35 95 33 39 48 97 79 92 29 66 13 16 18 53 67 14 88 80 18 62 13 29 12 59 41 1 23 86 95 59 34 75 28 21 63 91 65 70 83 12 55 92 38
21 98 5 88 22 35 61 90 55 38 7 49 55 83 3 99 93 75 40 45 38 98 95 41 77 78 81 27 23 12 5 64 2 36 77 88 48 67 74 95 59 1 24 49 16 80 69 27 23 43 99 35 87 58 83 89 43 72 4 1 37 63 49 87 90 51 82 10 2 23 61 22 72 67 75
26 32 80 78 52 77 94 66 79 26 20 74 11 75 90 25 26 95 37 53 19 57 61 45 70 6 44 73 77 64 70 57 71 44 22 71 55 91 87 26 98 8 9 72 62 29 74 44 86 34 51 55 66 29 96 99 2 36 60 28 43 78 11 41 24 79 35 69 66 94 52 9 43 3 43
23 14 95 58 37 22 28 85 98 63 22 61 60 71 68 5 74 51 95 77 87 78 85 63 56 28 22 50 46 53 54 90 66 4 45 5 51 41 72 88 81 98 27 26 38 86 80 17 25 58 26 9 34 28 77 34 93 79 76 87 24 96 56 16 12 51 75 55 74 47 99 8 65 77 21
3 2 48 36 29 34 45 27 33 96 99 48 82 19 13 55 94 80 70 69 11 66 43 2 82 78 72 37 12 51 5 32 54 57 7 2 15 88 26 6 97 91 47 15 20 96 38 16 28 30 92 87 62 25 17 79 55 13 68 90 77 53 3 3 52 14 5 23 65 89 79 31 7 51 59
75 38 46 94 24 50 53 45 99 58 41 64 42 99 51 79 59 32 62 91 78 24 81 74 21 1 49 73 38 93 93 18 61 62 77 43 73 75 99 32 78 53 61 84 33 98 13 27 93 77 51 54 93 50 79 37 5 40 42 87 86 78 54 88 89 40 11 55 94 83 26 16 96 62 77
32 33 63 49 80 8 8 88 9 36 91 24 16 47 72 88 7 39 82 36 15 68 19 13 80 55 89 86 48 17 7 84 85 85 75 52 89 26 81 78 17 45 96 32 39 70 29 62 83 14 82 9 18 16 32 34 95 71 50 68 89 78 40 96 66 66 26 92 25 71 56 12 47 45 56
7 11 76 82 30 20 61 26 75 93 60 96 81 51 57 51 99 30 50 18 76 30 64 62 20 40 92 64 87 71 52 23 58 47 67 65 3 42 11 90 80 24 97 21 86 4 84 78 65 15 37 33 15 29 29 25 10 61 86 58 79 30 93 12 43 35 56 17 4 70 43 19 51 85 22
59 92 92 63 94 8 3 16 66 23 44 90 26 38 71 37 30 6 88 47 86 44 25 46 44 22 78 17 56 17 55 17 88 13 1 35 32 68 15 23 7 32 20 59 78 38 44 24 87 97 27 82 68 18 26 76 79 44 81 77 95 7 42 41 16 34 75 19 67 17 9 77 5 49 39
19 23 31 31 50 70 63 19 72 3 87 77 80 47 25 13 20 27 50 61 26 60 98 25 58 72 68 56 52 94 4 70 22 19 3 85 88 31 73 23 14 30 62 66 57 14 26 49 58 13 47 62 49 27 78 87 79 87 77 82 56 91 78 53 77 9 35 25 96 92 28 20 61 57 51
5 62 71 23 61 11 61 59 71 55 60 44 22 59 86 16 2 23 40 69 58 78 53 22 71 87 10 49 80 24 98 56 41 24 98 99 79 96 71 14 61 13 66 5 45 14 61 92 42 63 78 58 34 79 32 58 40 98 5 13 33 23 45 34 47 36 37 41 29 35 38 29 30 58 80
43 88 22 94 30 53 35 11 81 24 89 91 6 8 37 9 37 49 55 93 94 84 68 91 18 55 99 23 71 64 27 96 87 33 94 42 42 84 28 50 3 67 2 11 90 31 25 86 85 10 38 19 7 82 64 11 41 65 57 11 57 22 60 17 9 94 17 33 4 61 49 85 63 39 42
87 91 94 75 16 13 24 87 80 26 3 60 36 70 38 55 43 68 55 83 33 42 2 47 70 42 2 9 62 30 97 44 64 50 64 96 27 31 71 55 75 89 85 21 37 41 35 31 93 11 54 80 9 77 7 38 48 77 59 62 80 3 46 28 48 13 17 84 61 29 85 5 15 64 53
10 14 85 24 92 45 24 27 24 73 70 82 40 33 4 82 8 57 96 63 2 93 96 12 7 71 71 87 60 98 48 97 59 60 66 22 16 82 69 66 12 27 76 81 42 23 99 42 32 90 28 2 67 7 82 83 5 92 72 95 70 45 9 38 64 6 16 84 96 13 63 15 68 96 72
96 8 29 64 21 56 36 43 31 44 44 51 72 4 67 99 93 42 9 25 69 3 62 85 28 64 28 30 38 90 35 24 40 90 45 32 76 51 8 8 33 22 23 37 75 79 54 59 86 24 70 11 39 27 97 37 63 86 93 28 63 23 12 73 21 36 6 9 76 60 33 9 1 28 81
82 98 19 45 22 85 96 50 24 95 98 36 52 37 33 82 96 13 99 37 57 17 60 74 66 84 30 92 26 45 65 74 32 73 85 97 61 82 49 95 57 82 55 82 30 76 51 21 75 57 58 24 1 36 84 36 7 37 36 23 25 9 63 65 43 51 50 87 61 15 20 49 94 65 4
33 55 16 71 80 71 1 44 56 84 59 86 32 14 64 50 81 27 25 70 75 73 45 35 29 20 1 50 37 36 21 43 81 32 84 81 82 13 92 22 71 96 94 76 95 45 91 6 8 60 54 14 48 17 54 15 26 82 76 17 89 73 12 64 50 33 66 53 6 62 40 16 10 7 50
6 95 10 18 79 46 46 29 26 67 25 79 54 80 67 99 28 20 79 34 63 25 92 54 55 92 71 57 42 79 2 31 90 59 59 66 84 43 77 70 69 47 15 50 4 82 43 88 67 95 49 81 63 10 26 62 39 12 93 14 58 83 48 71 63 72 83 71 15 78 86 79 37 51 66
50 43 80 15 16 26 7 42 97 71 31 17 59 47 71 18 12 8 64 75 70 43 43 33 22 88 84 55 48 96 18 29 18 78 90 24 82 66 31 83 18 51 45 84 34 13 82 51 87 7 67 82 83 87 65 42 8 82 52 58 80 19 50 57 74 47 16 45 72 37 78 89 21 59 44
84 60 41 79 11 28 46 42 9 57 67 13 99 25 46 1 56 92 16 10 33 10 29 62 53 32 3 23 14 53 11 88 83 48 23 58 71 60 22 23 84 4 21 66 60 62 45 79 82 38 56 65 48 42 6 46 56 67 4 92 40 23 47 97 30 13 66 18 87 73 76 88 72 14 95
66 13 70 75 35 1 43 44 63 61 27 40 98 48 22 61 41 69 36 60 56 55 94 48 28 76 46 98 44 59 33 18 63 99 3 67 68 8 32 26 6 97 23 30 83 44 43 11 11 55 65 41 42 37 6 21 38 76 81 93 68 53 37 68 14 50 5 59 41 84 2 2 65 7 62
26 91 45 81 25 46 49 14 3 73 91 1 46 34 78 53 10 74 51 21 63 45 46 61 33 65 62 4 10 34 91 72 52 59 70 48 59 11 85 5 62 73 76 37 46 93 69 36 69 58 65 64 63 15 75 72 33 85 79 23 22 56 75 87 4 68 63 79 95 65 84 63 14 37 13
92 4 99 55 4 38 48 18 41 23 11 78 15 97 87 52 21 12 54 68 86 67 17 19 77 10 89 47 24 44 4 55 8 57 40 1 58 14 45 89 73 20 31 60 31 45 77 39 89 84 48 43 48 50 82 95 56 29 49 44 5 77 52 45 86 79 14 91 1 19 57 15 66 33 79
56 5 72 58 45 76 5 93 47 50 29 55 50 13 71 11 63 6 57 36 3 26 82 56 98 81 34 88 74 65 69 67 15 84 82 47 57 65 53 92 79 77 57 19 68 98 88 34 27 15 98 92 17 54 75 32 91 96 44 87 34 46 11 78 11 91 74 33 75 38 35 31 19 42 38
79 74 76 79 29 32 56 7 61 73 19 42 34 80 27 63 39 86 93 24 73 50 10 95 5 40 82 17 26 47 43 10 71 22 99 99 66 95 85 40 88 9 91 45 2 68 76 52 22 60 44 65 59 67 44 2 58 86 83 66 52 80 68 86 16 91 95 8 62 81 24 8 39 33 60
55 24 52 77 35 63 14 92 61 1 18 51 93 56 82 29 6 47 65 51 40 2 48 10 33 98 84 84 53 5 13 72 83 76 82 46 28 41 83 34 74 65 62 91 60 2 80 79 32 64 87 57 73 85 58 11 83 98 43 36 97 86 82 77 89 92 91 11 36 40 37 50 61 27 93
20 43 49 35 93 69 27 27 67 60 56 11 61 20 39 85 87 70 44 7 35 2 9 89 45 69 84 14 21 3 16 61 72 77 74 32 82 83 35 95 81 86 61 33 5 97 29 10 2 99 53 3 57 29 1 24 54 46 51 81 64 43 64 52 3 61 66 25 44 99 98 15 7 70 40
32 63 36 91 33 40 25 5 19 28 62 49 73 36 11 73 4 69 83 62 3 25 43 29 34 45 31 68 71 54 52 1 70 81 34 84 82 21 79 99 68 55 1 82 10 47 77 81 85 70 80 33 55 88 78 61 97 80 87 36 41 21 23 73 51 59 60 43 58 99 49 55 73 31 4
47 37 95 29 85 31 69 3 59 92 22 99 69 34 22 82 85 30 75 79 7 36 29 9 60 63 86 68 33 43 37 98 48 54 20 46 34 69 94 32 96 13 85 51 40 97 98 84 37 98 98 53 31 37 57 40 69 36 77 5 2 76 41 35 22 14 89 63 80 86 12 3 28 42 96
77 63 4 25 36 2 32 92 83 56 31 43 75 47 96 96 43 44 70 82 1 32 32 94 74 3 65 21 95 40 36 24 90 6 68 96 59 74 44 42 6 68 96 48 53 93 88 81 10 55 84 22 21 32 49 57 59 58 60 28 30 24 68 58 52 87 6 10 76 26 55 40 55 62 60
58 11 67 73 83 86 34 55 56 87 87 93 88 72 6 57 3 7 77 25 20 30 13 31 9 47 61 5 49 80 9 4 92 7 91 87 67 73 12 43 92 74 90 62 40 52 22 61 80 59 76 25 23 77 42 93 58 75 68 55 34 60 24 98 96 14 3 55 97 13 40 48 72 64 98
79 97 95 20 43 80 75 81 91 22 33 7 2 47 91 30 54 86 86 20 40 36 88 78 99 68 68 48 65 25 94 56 83 83 28 5 16 67 49 91 48 17 28 44 74 3 17 10 48 27 42 10 71 68 85 84 68 98 94 33 80 54 97 44 17 84 42 55 24 67 74 98 84 51 26
20 69 41 8 72 94 80 18 66 59 32 11 60 10 61 95 5 27 90 99 49 26 43 98 90 62 1 14 21 87 5 59 64 45 59 7 46 23 70 71 84 19 25 85 11 26 75 82 81 40 39 98 37 76 72 55 78 12 36 74 59 23 47 62 33 28 70 7 69 69 19 55 93 78 16
98 55 98 7 30 62 46 18 91 34 64 94 30 82 26 1 99 79 30 7 54 87 69 64 44 29 91 71 10 41 18 78 58 98 3 25 44 54 39 77 72 22 53 41 29 55 91 67 17 18 95 70 29 73 74 2 67 80 35 14 76 65 98 38 58 28 89 7 54 75 8 49 51 8 50
50 67 96 52 44 2 76 50 70 79 17 98 13 74 73 21 61 71 2 12 88 56 70 28 46 90 21 49 52 78 28 42 79 46 32 41 55 56 93 38 86 63 94 36 30 79 38 20 45 77 15 71 69 1 41 41 69 70 30 76 25 77 67 6 89 12 57 72 65 89 5 89 90 2 29
51 39 92 15 35 57 26 83 48 99 96 84 42 68 63 25 13 71 72 22 40 79 88 3 6 55 92 66 36 84 80 84 34 38 86 40 99 5 1 46 90 5 66 75 71 54 50 37 13 48 90 41 69 29 43 39 10 78 22 29 91 69 64 56 49 80 40 15 10 94 14 5 41 32 54
22 16 70 22 50 13 43 11 48 86 24 61 31 5 11 84 36 78 75 23 39 50 83 73 34 44 69 21 18 48 60 31 33 6 20 85 81 6 68 18 77 71 90 36 59 44 10 50 1 19 17 25 86 3 14 66 60 21 85 23 31 99 15 59 23 37 76 58 99 33 70 53 70 10 17
88 81 77 25 1 57 58 24 22 8 80 48 82 70 42 23 74 43 56 58 80 84 92 91 42 21 32 4 79 83 15 50 71 66 84 45 27 18 6 21 93 54 29 9 37 38 50 84 90 82 38 98 54 61 72 46 99 12 34 63 81 46 50 57 17 46 41 80 38 17 59 4 37 63 86
52 10 23 69 5 2 20 61 56 83 2 16 82 18 27 61 37 26 3 22 84 97 36 31 96 30 53 44 41 49 16 6 68 9 22 55 54 41 4 86 83 45 81 60 98 70 85 35 8 45 20 23 69 68 15 91 27 86 91 22 92 84 73 24 13 64 73 90 33 54 58 85 99 43 70
23 60 82 22 31 57 2 66 68 17 28 2 85 90 28 71 71 14 95 67 26 34 88 69 53 81 63 68 96 52 49 54 18 43 38 81 15 35 8 7 82 55 4 9 17 40 16 10 45 18 91 11 75 6 57 2 47 46 55 52 17 20 54 60 42 14 93 27 19 29 56 27 61 80 27
70 93 31 47 90 9 20 88 75 9 8 32 91 23 42 96 73 76 92 11 86 86 32 83 25 12 98 24 26 67 53 82 96 96 55 77 21 96 66 57 69 38 79 4 78 79 33 79 25 45 48 5 81 44 45 26 71 21 47 11 31 87 13 48 81 38 85 49 22 52 29 56 33 19 98
90 57 87 5 31 70 85 55 53 44 93 98 14 62 22 44 96 58 69 68 62 32 14 97 70 67 12 30 75 48 4 88 71 42 96 11 90 67 23 84 8 80 57 82 68 90 56 16 44 66 26 55 79 72 43 51 23 14 72 77 53 37 27 90 2 98 99 77 2 36 90 16 51 64 35
42 56 98 76 16 21 83 86 10 60 59 34 19 24 39 36 55 66 80 41 93 87 80 29 61 6 28 90 29 6 37 24 6 73 13 60 40 79 82 80 2 98 57 93 62 27 46 31 82 49 83 72 51 92 15 99 92 97 83 96 40 97 83 96 95 77 56 92 76 20 80 24 70 4 8
27 51 84 26 40 71 30 85 6 62 5 1 83 46 79 85 32 14 82 30 88 71 91 32 6 83 18 91 5 24 18 68 33 51 90 35 13 52 43 17 76 98 62 83 41 69 73 75 1 33 82 9 11 97 48 49 5 63 60 38 18 79 53 71 22 58 85 71 12 83 89 34 89 39 85
42 99 23 23 61 35 92 8 4 4 17 77 38 21 20 67 30 23 33 90 18 23 61 11 7 64 58 78 69 18 28 10 73 74 24 22 87 75 71 39 50 90 59 84 65 96 66 59 7 41 33 14 69 8 17 97 49 80 99 65 60 2 64 18 81 45 84 34 31 67 79 43 18 21 92
41 60 55 96 41 56 75 86 65 68 57 72 47 80 53 7 47 6 49 7 63 53 70 3 49 88 37 20 29 48 83 3 69 52 54 53 6 35 63 5 94 99 77 39 12 13 15 12 6 7 98 77 99 44 65 83 16 79 6 68 98 52 35 2 9 62 4 72 77 87 11 62 10 61 22
68 88 64 67 67 9 1 88 27 83 11 91 13 60 27 95 73 60 55 20 59 51 31 33 44 70 17 7 34 5 65 32 48 60 36 10 49 35 21 44 91 73 90 92 73 81 88 51 39 82 79 33 27 54 15 48 49 91 97 69 4 5 43 46 38 78 8 57 39 58 25 69 65 20 24
26 43 50 37 85 37 76 62 84 43 78 16 59 36 60 72 37 20 24 53 77 9 7 49 77 63 67 44 18 69 52 54 50 54 94 57 8 80 88 19 82 85 15 55 86 80 29 96 46 29 81 59 63 16 2 16 56 54 9 3 4 41 68 58 60 45 38 52 19 20 40 26 89 6 65
51 87 83 10 45 50 20 70 39 50 14 25 88 37 37 78 36 10 28 11 9 70 92 87 42 85 13 73 95 1 3 51 68 94 66 25 29 98 11 16 86 41 46 94 60 93 42 49 94 81 48 61 10 88 46 86 78 11 7 69 65 27 91 78 26 13 49 21 87 24 20 19 4 16 48
55 40 15 59 84 42 81 58 23 14 85 55 85 47 59 33 46 34 13 80 28 82 12 72 32 43 86 81 92 43 50 33 35 2 40 69 35 1 85 6 22 19 29 20 79 14 46 29 60 89 35 61 55 89 75 48 40 19 5 40 32 58 15 6 34 69 71 65 74 19 46 5 56 22 65
11 25 24 1 23 25 61 96 35 57 28 49 47 50 14 47 79 79 29 8 53 74 2 79 89 7 37 6 29 42 83 11 22 90 64 15 70 39 83 46 56 79 61 34 31 45 71 99 93 72 79 79 91 26 28 5 74 98 80 96 55 55 79 70 84 35 53 45 74 31 24 18 12 23 72
56 12 82 5 71 93 88 10 66 44 18 58 65 51 5 66 14 88 59 51 37 9 33 8 71 80 65 87 62 77 31 96 87 68 79 8 3 9 72 6 49 27 9 44 71 23 87 29 26 42 81 11 22 6 75 84 40 17 62 77 87 8 23 75 93 87 79 24 77 15 13 12 80 49 75
72 28 6 62 25 81 44 95 3 57 50 70 56 90 40 68 80 93 85 24 83 58 77 5 84 52 86 50 31 77 92 41 66 62 50 40 13 88 73 49 44 87 8 47 16 32 81 97 21 34 12 12 58 18 97 46 7 52 50 54 40 52 65 15 64 73 15 94 58 45 47 99 6 69 20
26 98 73 3 45 54 59 14 73 16 63 44 37 79 38 9 53 73 27 39 38 45 64 41 7 98 5 50 70 15 85 79 88 30 38 19 24 28 58 61 53 20 14 81 22 12 87 60 10 75 94 63 72 34 28 21 52 45 33 91 11 68 99 64 39 45 11 40 96 7 50 36 39 38 69
34 12 4 29 18 64 60 58 35 8 40 63 23 37 78 35 29 32 59 83 7 35 12 94 90 38 20 57 99 50 22 10 95 75 30 94 37 60 31 43 50 65 18 64 20 48 96 77 12 93 41 55 20 72 68 52 28 69 92 28 80 86 64 87 48 46 7 32 59 87 1 66 96 40 64
66 97 49 2 53 93 65 84 97 16 21 40 73 4 23 74 77 62 90 52 35 34 20 50 76 39 36 4 2 51 70 39 37 60 3 62 10 69 14 65 39 80 42 11 93 40 77 93 23 78 47 96 93 66 37 95 57 3 89 4 50 70 61 18 95 69 95 72 31 32 8 32 66 19 31

Demandas:
0 1 0 0 0 0 0 0
0 0 0 0 0 1 0 0
0 0 0 1 0 0 0 0
0 0 0 0 1 0 0 0
0 0 0 0 1 0 0 0
0 0 0 0 1 0 0 0
1 0 0 0 0 0 0 0
0 1 0 0 0 0 0 0
1 0 0 0 0 0 0 0
0 0 0 0 0 0 0 1
0 0 0 1 0 0 0 0
0 0 0 0 0 0 0 1
0 0 0 0 0 0 0 1
0 0 0 0 1 0 0 0
0 0 1 0 0 0 0 0
0 0 1 0 0 0 0 0
0 0 1 0 0 0 0 0
0 1 0 0 0 0 0 0
0 0 0 0 0 0 1 0
0 0 0 0 0 0 0 1
0 0 0 1 0 0 0 0
0 0 1 0 0 0 0 0
1 0 0 0 0 0 0 0
1 0 0 0 0 0 0 0
0 0 0 0 0 0 0 1
1 0 0 0 0 0 0 0
0 0 0 0 0 1 0 0
0 0 0 0 0 0 0 1
0 1 0 0 0 0 0 0
1 0 0 0 0 0 0 0
0 0 0 0 0 1 0 0
1 0 0 0 0 0 0 0
0 0 0 1 0 0 0 0
0 0 0 0 0 0 0 1
0 0 1 0 0 0 0 0
0 1 0 0 0 0 0 0
0 1 0 0 0 0 0 0
0 0 0 0 1 0 0 0
1 0 0 0 0 0 0 0
0 0 0 1 0 0 0 0
0 0 0 1 0 0 0 0
0 0 0 0 1 0 0 0
0 0 0 0 0 1 0 0
0 0 0 0 1 0 0 0
0 0 0 0 0 0 1 0
0 0 1 0 0 0 0 0
0 0 0 0 1 0 0 0
0 1 0 0 0 0 0 0
1 0 0 0 0 0 0 0
0 0 0 0 0 0 1 0
0 0 0 0 0 1 0 0
0 0 0 1 0 0 0 0
0 0 0 1 0 0 0 0
0 0 0 0 0 0 1 0
0 0 0 0 1 0 0 0
0 0 1 0 0 0 0 0
0 0 0 0 1 0 0 0
1 0 0 0 0 0 0 0
0 0 0 0 0 0 0 1
0 0 0 1 0 0 0 0
1 0 0 0 0 0 0 0
0 0 0 0 0 0 1 0
0 1 0 0 0 0 0 0
0 0 0 0 0 1 0 0
0 0 1 0 0 0 0 0
0 1 0 0 0 0 0 0
0 0 0 0 1 0 0 0
0 0 0 0 0 0 0 1
0 0 0 0 0 0 0 1
1 0 0 0 0 0 0 0
0 0 0 0 0 0 1 0
0 0 0 0 0 0 0 1
0 0 0 1 0 0 0 0
0 1 0 0 0 0 0 0
1 0 0 0 0 0 0 0
0 1 0 0 0 0 0 0
0 0 1 0 0 0 0 0
0 0 0 1 0 0 0 0
0 0 0 0 0 1 0 0
0 0 0 0 1 0 0 0
0 0 0 0 0 0 1 0
0 0 0 0 0 0 0 1
0 0 0 0 0 0 1 0
0 0 0 1 0 0 0 0
0 0 1 0 0 0 0 0
0 0 0 1 0 0 0 0
1 0 0 0 0 0 0 0
0 0 0 0 0 1 0 0
0 0 0 0 1 0 0 0
0 0 0 0 1 0 0 0
1 0 0 0 0 0 0 0
0 0 0 0 1 0 0 0
0 0 1 0 0 0 0 0
0 1 0 0 0 0 0 0
0 0 0 0 0 0 0 1
0 0 0 0 0 0 1 0
0 0 1 0 0 0 0 0
0 0 0 0 0 1 0 0
0 0 1 0 0 0 0 0
0 1 0 0 0 0 0 0
0 0 0 0 0 0 0 1
0 1 0 0 0 0 0 0
1 0 0 0 0 0 0 0
0 0 0 0 0 1 0 0
0 1 0 0 0 0 0 0
0 0 0 0 1 0 0 0
0 0 0 1 0 0 0 0
0 0 0 0 0 0 1 0
1 0 0 0 0 0 0 0
0 0 0 1 0 0 0 0
0 0 1 0 0 0 0 0
0 0 1 0 0 0 0 0
0 0 0 1 0 0 0 0
0 0 1 0 0 0 0 0
0 1 0 0 0 0 0 0
1 0 0 0 0 0 0 0
0 0 0 0 1 0 0 0
1 0 0 0 0 0 0 0
0 0 1 0 0 0 0 0
1 0 0 0 0 0 0 0
0 0 0 0 1 0 0 0
0 0 1 0 0 0 0 0
0 0 0 1 0 0 0 0
0 0 0 0 1 0 0 0
0 0 0 0 0 0 0 1
1 0 0 0 0 0 0 0
0 0 1 0 0 0 0 0
0 0 0 0 1 0 0 0
1 0 0 0 0 0 0 0
0 0 0 0 1 0 0 0
0 0 0 0 0 1 0 0
0 0 0 0 0 0 0 1
0 0 0 0 0 0 1 0
0 0 0 0 0 1 0 0
0 0 1 0 0 0 0 0
0 1 0 0 0 0 0 0
0 0 0 0 1 0 0 0
1 0 0 0 0 0 0 0
0 0 1 0 0 0 0 0
0 0 0 1 0 0 0 0
0 0 0 1 0 0 0 0
0 0 0 0 0 0 1 0
1 0 0 0 0 0 0 0
1 0 0 0 0 0 0 0
0 1 0 0 0 0 0 0
0 0 0 0 0 1 0 0
0 0 0 0 1 0 0 0
0 0 0 0 0 1 0 0
0 0 1 0 0 0 0 0
0 0 0 0 0 1 0 0
0 0 0 0 0 1 0 0
0 0 0 0 0 0 1 0
0 0 0 1 0 0 0 0
0 0 0 0 0 0 0 1
1 0 0 0 0 0 0 0
0 0 0 1 0 0 0 0
0 0 0 0 0 0 1 0
0 0 0 0 0 0 1 0
0 0 1 0 0 0 0 0
0 0 0 0 0 0 0 1
0 0 0 0 0 1 0 0
0 0 0 0 1 0 0 0
1 0 0 0 0 0 0 0
0 0 0 0 0 0 1 0
0 0 0 0 0 1 0 0
0 0 0 1 0 0 0 0
0 0 1 0 0 0 0 0
1 0 0 0 0 0 0 0
0 0 0 0 0 0 0 1
0 0 1 0 0 0 0 0
0 0 1 0 0 0 0 0
1 0 0 0 0 0 0 0
0 0 0 0 0 0 0 1
0 0 0 0 1 0 0 0
0 0 0 1 0 0 0 0
0 0 1 0 0 0 0 0
0 0 0 0 0 0 1 0
0 1 0 0 0 0 0 0
0 0 0 0 0 0 1 0
0 0 1 0 0 0 0 0
0 0 0 0 0 0 0 1
0 0 0 0 0 0 1 0
0 0 0 0 0 0 1 0
0 0 0 0 1 0 0 0
0 1 0 0 0 0 0 0
1 0 0 0 0 0 0 0
0 0 0 0 0 1 0 0
0 0 0 0 1 0 0 0
0 1 0 0 0 0 0 0
0 0 0 1 0 0 0 0
1 0 0 0 0 0 0 0
1 0 0 0 0 0 0 0
0 0 0 1 0 0 0 0
0 0 0 0 1 0 0 0
0 0 0 0 0 1 0 0
0 0 1 0 0 0 0 0
0 0 0 0 0 0 0 1
0 0 0 1 0 0 0 0
0 0 0 0 1 0 0 0
0 0 0 0 1 0 0 0
0 0 0 0 0 1 0 0
0 0 0 0 0 0 0 1
0 0 0 0 0 0 1 0
0 0 0 0 0 0 1 0
0 0 0 0 0 0 0 1
0 0 1 0 0 0 0 0
0 0 0 0 1 0 0 0
0 0 0 0 0 1 0 0
0 0 0 1 0 0 0 0
0 0 0 0 0 0 1 0
1 0 0 0 0 0 0 0
0 0 1 0 0 0 0 0
0 0 0 1 0 0 0 0
0 0 0 1 0 0 0 0
0 0 0 0 0 0 0 1
0 0 0 0 0 0 0 1
1 0 0 0 0 0 0 0
0 1 0 0 0 0 0 0
0 0 0 0 0 0 0 1
0 0 0 0 0 0 0 1
0 0 0 0 1 0 0 0
0 1 0 0 0 0 0 0
0 1 0 0 0 0 0 0
0 0 0 0 0 1 0 0
1 0 0 0 0 0 0 0
0 1 0 0 0 0 0 0
0 0 0 0 1 0 0 0
0 0 1 0 0 0 0 0
0 0 0 1 0 0 0 0
0 0 0 0 0 1 0 0
0 0 0 1 0 0 0 0
0 1 0 0 0 0 0 0
0 0 0 0 0 0 1 0
0 0 0 1 0 0 0 0
0 0 0 0 0 1 0 0
0 0 0 0 0 0 0 1
0 0 1 0 0 0 0 0
0 0 0 0 0 1 0 0
0 0 0 0 0 0 0 1
0 0 0 0 0 0 0 1
0 0 0 1 0 0 0 0
1 0 0 0 0 0 0 0
0 0 0 0 0 1 0 0
0 0 0 0 0 0 1 0
0 0 0 1 0 0 0 0
0 0 1 0 0 0 0 0
1 0 0 0 0 0 0 0
1 0 0 0 0 0 0 0
0 0 0 0 1 0 0 0
0 0 0 0 0 1 0 0

Capacidades:
2 0 1 0 0 4 0 0
4 0 2 2 3 1 1 1
2 2 0 3 2 0 2 0
0 1 0 1 1 2 1 4
4 3 3 2 3 4 3 3
0 3 4 1 4 0 0 2
3 1 4 1 2 1 4 2
1 2 0 3 4 0 3 3
2 0 1 0 4 0 0 3
1 0 0 1 1 4 0 4
2 2 2 1 4 4 1 3
4 1 2 0 3 2 2 0
4 1 1 1 2 4 0 0
2 2 2 2 3 2 4 0
2 1 3 1 1 0 2 2
2 4 0 3 3 0 2 3
3 0 2 4 2 1 2 3
0 4 3 2 4 3 3 4
2 2 4 0 1 4 4 2
0 4 2 4 2 2 3 2
1 3 2 1 2 1 0 2
1 1 1 3 4 3 1 4
3 2 3 0 2 3 1 0
2 1 1 1 1 0 3 4
0 4 4 0 4 0 4 0
2 0 0 2 1 3 4 1
1 4 1 2 1 1 3 1
0 4 1 4 4 1 3 4
0 3 1 0 0 2 3 2
4 4 0 2 0 0 3 4
2 0 0 4 2 2 1 4
2 0 0 4 2 2 3 4
3 3 0 1 4 4 1 1
1 3 3 0 2 4 2 2
0 0 0 0 4 3 1 4
4 4 2 3 2 1 3 1
3 3 1 2 3 0 2 4
0 1 2 4 4 0 2 0
4 0 1 4 0 0 2 1
2 4 2 1 4 1 3 0
2 0 3 1 0 1 4 0
4 4 1 4 4 4 2 2
2 2 3 2 3 3 3 4
3 2 3 4 2 3 2 0
2 1 0 1 3 2 4 0
1 1 1 2 4 1 4 0
3 4 3 4 0 1 1 4
0 1 2 1 2 4 2 4
0 4 0 1 4 0 3 2
1 0 3 0 2 1 1 1
1 0 2 2 3 3 0 2
2 1 2 2 3 2 2 3
4 3 3 3 4 1 2 2
1 1 1 0 4 2 3 1
1 0 3 1 2 3 2 2
3 4 0 0 0 4 1 4
4 3 0 3 0 1 0 0
2 1 1 1 0 3 1 0
1 2 0 1 2 4 0 0
3 0 3 3 3 1 1 4
2 3 1 4 2 0 2 1
1 3 4 2 0 0 2 4
0 1 3 2 3 3 3 2
2 1 3 3 0 1 0 2
2 1 0 4 1 2 2 4
1 1 2 4 0 4 3 0
1 4 3 2 3 0 3 0
2 1 2 3 1 0 2 3
3 4 1 1 3 0 4 4
0 3 1 4 0 0 2 4
4 2 2 1 0 0 4 2
0 3 3 2 3 0 4 1
3 0 0 3 2 4 2 1
3 4 3 3 3 2 1 3
1 0 0 1 1 2 0 3
