m: 250
n: 75
k: 6

Distancias:
38 47 8 43 49 69 47 1 21 30 41 88 4 9 40 28 44 35 2 55 82 11 36 38 71 87 37 85 20 8 59 51 64 65 17 88 78 27 77 93 72 67 16 97 6 64 58 38 15 72 98 88 29 41 2 18 91 38 37 33 42 6 97 42 28 5 83 3 34 54 81 59 35 60 14
87 34 10 42 2 29 74 5 76 65 64 32 31 93 75 19 47 72 12 51 35 68 7 1 89 50 55 78 22 13 59 89 64 26 87 51 26 35 54 7 37 6 25 42 77 92 83 89 41 51 92 78 86 86 66 51 9 93 96 38 7 72 54 8 46 56 66 57 29 33 56 94 42 75 43
84 63 97 23 21 37 32 48 1 20 24 53 52 10 14 46 46 71 28 88 98 45 5 13 9 64 89 43 90 55 95 19 34 43 69 29 86 98 86 49 8 90 23 64 34 45 25 58 43 42 61 59 10 22 58 36 9 57 98 29 85 64 94 1 75 90 11 50 30 83 83 64 26 76 21
91 86 2 23 64 60 7 83 25 9 48 56 81 76 76 78 85 11 60 98 93 70 83 41 87 58 84 99 84 86 51 50 63 87 56 98 38 16 52 4 27 93 38 89 73 62 91 24 19 34 58 38 99 7 87 93 88 97 77 80 65 84 89 92 12 42 41 25 92 27 15 74 71 13 73
19 37 62 20 64 65 62 75 91 35 79 84 2 68 22 21 90 48 90 39 97 98 23 10 91 55 35 31 26 49 40 77 35 77 60 55 67 76 49 40 92 29 45 50 47 47 31 17 83 78 91 16 83 8 24 72 37 69 78 17 37 5 30 2 43 66 8 6 36 41 89 66 52 3 59
17 49 76 25 26 44 73 20 14 15 9 16 54 66 95 59 33 73 88 42 3 7 49 95 8 93 28 98 86 81 47 92 65 66 14 23 99 98 9 1 23 30 60 64 39 24 89 13 92 48 18 69 63 35 7 32 41 86 13 66 73 17 75 58 76 82 54 36 32 17 22 17 73 14 21
42 74 39 11 8 58 62 32 5 26 41 42 42 85 30 13 44 8 92 61 65 94 28 33 77 57 46 69 12 18 65 86 53 45 42 65 28 62 65 71 64 11 45 88 7 15 64 50 59 99 82 86 28 91 15 68 42 51 50 65 46 32 26 55 77 68 9 27 23 41 58 34 64 42 76
61 63 20 13 37 6 17 19 68 37 25 94 38 22 83 82 2 11 36 17 86 41 40 48 75 65 49 53 72 6 90 87 74 63 84 72 3 36 5 12 57 40 51 50 21 34 71 56 52 85 44 25 52 56 48 46 41 39 19 15 9 60 95 29 39 26 21 60 95 96 92 12 75 9 60
46 74 83 26 15 59 89 68 44 33 83 12 59 75 82 97 83 58 94 50 94 93 55 70 82 6 60 36 17 88 74 60 5 53 32 31 59 17 56 88 2 9 80 59 4 99 68 78 67 25 79 13 33 5 67 38 24 65 68 54 94 55 11 72 33 1 43 64 4 86 85 30 98 4 19
21 3 4 17 37 35 65 11 21 97 56 71 22 42 90 90 5 7 78 79 24 47 46 9 23 77 74 33 26 53 19 23 81 35 55 85 24 6 96 17 55 19 5 73 96 77 95 19 89 46 16 80 6 90 1 87 28 11 74 4 35 90 27 87 14 61 9 52 67 99 65 8 6 41 63
51 96 66 10 57 22 2 5 3 73 94 45 43 49 54 23 84 66 85 47 35 73 24 46 75 36 94 91 85 2 51 96 8 29 72 52 80 61 4 91 98 30 97 68 52 32 63 54 60 58 47 53 85 55 96 57 61 36 90 19 37 71 36 51 33 92 83 35 84 21 83 23 27 30 15
61 22 52 92 5 72 8 90 47 42 96 70 94 12 48 90 97 38 10 79 21 79 70 82 12 14 82 29 76 51 94 30 37 16 6 24 94 53 59 19 94 62 60 11 77 27 98 32 32 56 86 8 75 5 62 30 34 16 97 1 67 79 71 52 52 76 95 51 20 5 6 38 49 97 83
71 16 42 62 44 45 55 81 78 90 62 40 39 21 7 7 53 33 23 19 23 98 41 24 47 81 7 79 7 89 42 84 89 91 26 66 96 73 24 48 97 89 19 89 3 92 72 10 41 48 74 28 85 30 31 73 51 13 90 20 55 36 87 48 57 6 1 9 26 59 69 33 69 6 58
50 39 45 4 47 59 93 50 8 74 74 72 31 61 65 16 62 77 64 88 93 37 33 22 92 91 78 53 30 28 24 93 14 89 42 97 23 70 16 27 77 57 20 70 93 46 43 77 14 97 34 33 88 74 71 47 89 86 35 76 78 24 78 71 32 86 7 61 59 42 23 50 57 12 54
34 28 47 78 16 80 5 12 36 27 59 28 55 36 36 77 66 92 62 28 12 32 33 41 85 27 5 25 67 71 33 11 40 86 81 66 86 26 72 74 70 49 6 13 26 15 7 22 59 87 12 14 34 95 32 85 46 88 80 41 1 64 16 63 23 52 6 42 82 99 77 57 77 41 71
74 61 10 6 18 27 76 64 39 96 95 58 9 33 59 4 58 61 68 12 52 30 52 56 61 1 41 81 14 59 99 25 1 17 58 40 53 31 83 75 70 22 72 96 41 65 33 33 27 9 74 77 80 15 87 58 85 5 72 40 34 33 53 14 9 10 53 37 7 13 89 38 27 41 91
96 38 35 15 50 11 65 4 32 79 50 8 69 17 70 42 69 15 17 14 45 83 60 2 62 40 64 6 20 43 28 88 1 70 78 93 3 68 98 26 83 65 11 50 11 22 38 66 88 78 2 71 29 86 85 26 87 13 61 21 32 4 3 69 25 45 76 13 63 11 85 23 75 86 86
36 70 55 52 64 73 8 7 36 95 29 27 79 92 97 74 35 86 36 14 87 1 13 23 71 67 76 29 62 36 62 11 36 96 25 43 9 95 50 77 14 57 64 46 73 51 33 66 22 46 34 65 95 95 23 10 70 43 83 2 34 67 4 18 70 96 56 77 30 54 35 55 75 16 13
76 44 9 68 28 48 68 38 38 56 70 55 40 54 12 47 98 63 77 24 42 65 28 70 82 87 57 79 20 55 26 80 84 90 20 56 52 78 67 75 75 36 89 79 74 55 84 35 96 75 22 91 80 62 22 48 64 49 25 45 30 46 53 13 80 66 10 13 53 8 32 25 77 21 70
13 31 16 56 28 60 22 53 7 68 91 30 67 36 29 66 88 8 75 64 3 76 40 56 7 12 84 51 29 38 77 98 45 91 70 31 38 32 4 7 40 93 23 54 66 24 46 59 95 78 21 67 78 56 37 91 71 31 26 18 78 96 17 85 5 86 9 75 15 55 37 79 98 20 35
6 68 99 68 46 54 58 78 87 40 59 43 94 7 19 37 36 36 27 39 16 30 51 14 31 44 88 52 23 65 22 54 9 16 76 90 66 72 81 44 56 89 91 20 38 1 81 49 24 78 46 29 24 77 23 38 90 55 58 98 23 1 85 27 17 24 73 46 50 90 71 5 66 95 54
40 58 45 68 49 20 66 34 19 12 60 95 13 42 24 86 71 32 52 30 9 22 11 59 30 26 83 78 73 20 37 45 9 13 28 62 15 43 4 61 16 19 44 33 30 78 71 4 7 84 85 42 12 33 7 67 19 96 99 76 90 18 78 48 27 37 20 45 73 41 41 63 54 19 8
33 10 38 35 41 92 20 20 22 80 46 12 38 66 83 32 66 72 37 73 21 30 64 10 44 89 34 15 14 30 66 16 27 73 20 79 38 93 93 1 91 7 45 75 8 82 79 37 12 73 39 91 68 37 11 87 27 43 86 20 79 95 84 80 77 55 62 9 8 60 37 54 38 86 38
24 66 42 60 81 84 55 45 36 55 63 53 7 15 66 97 19 22 83 79 4 94 22 28 34 93 79 85 10 60 25 73 33 91 13 84 73 73 29 32 58 42 77 57 85 83 79 41 41 30 71 79 49 72 93 39 93 63 70 73 29 48 25 17 78 63 31 77 79 49 10 61 49 5 84
55 77 24 52 23 13 61 53 81 75 47 8 92 73 87 8 33 25 75 66 32 72 59 54 6 20 49 83 38 53 27 96 57 39 5 97 71 1 17 73 97 44 91 20 13 21 15 21 23 23 72 70 62 10 81 35 50 50 32 45 74 42 87 96 55 79 55 82 41 58 66 9 98 75 88
41 33 61 44 78 84 3 31 60 69 76 6 41 44 26 48 45 5 60 57 82 25 70 25 27 48 11 41 91 53 94 1 11 45 47 88 56 38 44 78 44 63 98 69 17 42 8 44 92 29 24 70 79 97 11 92 47 17 70 12 28 12 14 80 10 97 70 17 38 48 52 96 61 73 66
25 59 62 58 17 89 37 56 91 31 35 13 86 48 32 72 26 72 82 92 83 39 79 4 13 28 84 27 87 38 46 9 82 86 27 7 62 15 35 80 86 77 81 10 2 97 30 70 62 44 95 70 78 61 30 37 25 92 89 36 98 41 19 39 5 45 93 95 61 92 62 99 29 42 97
7 14 94 45 69 19 64 78 61 92 24 26 7 59 36 96 69 94 11 6 41 61 48 66 87 42 43 2 22 96 58 74 61 42 59 5 6 46 44 95 43 54 28 55 22 7 35 5 53 24 95 80 33 30 28 40 59 90 16 76 70 47 89 17 11 33 44 79 61 45 77 30 4 64 68
50 36 95 90 82 10 39 18 47 76 80 50 46 36 44 17 83 90 6 39 56 5 21 43 78 69 93 54 93 43 18 96 48 44 87 2 63 17 26 78 68 37 47 30 83 69 83 72 83 4 54 51 81 44 69 28 79 47 94 18 16 56 80 38 40 41 38 87 23 52 99 52 36 54 90
30 84 99 95 42 75 47 57 57 98 44 25 46 29 44 53 72 3 61 28 77 48 59 96 77 10 79 91 81 76 43 95 51 17 17 72 39 22 57 24 29 45 40 30 73 94 96 38 23 25 64 75 39 69 26 90 84 34 76 77 84 96 2 81 20 42 28 2 41 2 68 66 92 21 52
39 3 25 36 73 41 14 81 23 62 37 32 53 14 83 44 65 20 37 18 50 51 56 93 88 63 50 46 63 32 58 15 91 42 64 24 38 91 53 13 74 43 93 91 73 13 12 42 68 38 35 48 45 92 68 65 95 79 11 33 26 69 40 22 97 21 66 90 96 82 63 31 86 47 84
37 31 38 10 11 59 50 35 25 46 82 64 6 65 61 90 78 87 46 61 69 92 87 45 87 13 50 81 38 91 27 4 2 41 20 17 56 64 66 45 92 59 34 96 52 61 26 64 62 32 6 81 16 90 12 41 46 28 13 64 14 46 64 72 54 83 23 41 67 94 15 36 92 13 48
47 7 26 85 43 27 12 21 55 7 53 34 37 83 79 69 78 70 17 9 72 91 26 50 64 33 22 16 13 59 42 86 41 83 91 68 21 1 39 87 94 44 8 19 40 30 55 38 52 65 78 20 63 87 66 88 24 24 33 23 42 44 96 32 18 50 16 59 66 30 28 59 89 62 81
31 38 80 73 98 56 48 17 52 75 38 44 22 41 92 97 61 30 49 64 17 29 30 11 68 44 9 39 63 53 91 87 17 4 93 34 1 57 93 32 55 22 19 49 29 98 19 10 77 42 41 57 80 41 20 79 72 98 18 52 96 65 87 56 97 65 26 44 40 49 7 37 8 32 38
66 59 80 45 9 1 8 13 27 66 80 5 32 98 93 43 59 15 85 66 1 76 22 88 48 80 15 73 52 23 80 59 69 27 38 42 83 16 2 82 55 4 86 26 46 63 48 57 45 74 88 80 88 51 10 43 61 24 79 79 29 71 46 76 23 62 1 61 78 99 20 97 49 85 96
60 1 53 73 38 11 30 95 63 16 39 61 92 27 40 74 18 98 8 12 93 9 6 42 48 9 55 4 58 11 9 80 81 51 88 24 14 91 7 38 94 61 52 80 83 30 22 18 2 30 59 55 74 37 3 36 71 68 83 63 34 93 59 50 82 84 16 36 4 91 54 46 54 43 55
87 66 52 56 96 21 25 53 3 20 20 81 1 80 80 53 84 67 80 87 72 43 9 28 73 34 87 91 68 51 65 53 90 4 78 73 23 96 11 93 97 55 53 88 74 51 85 47 55 2 65 31 11 92 62 73 71 77 75 31 40 63 92 42 75 1 63 27 74 72 96 30 70 64 23
49 51 39 18 84 7 29 97 90 82 33 37 61 84 67 98 36 22 51 35 65 62 80 85 37 23 77 30 91 44 96 86 55 18 5 97 34 79 1 61 74 41 53 22 43 75 40 15 37 70 16 77 35 60 28 50 38 68 41 41 58 23 91 53 42 93 72 89 10 94 69 53 24 5 34
4 83 99 26 25 78 32 72 79 95 76 77 88 76 71 53 63 48 47 26 92 71 97 83 5 16 91 75 38 75 77 32 93 88 83 11 53 56 25 14 12 22 68 53 33 30 6 16 73 1 24 87 17 15 63 91 14 92 65 16 24 34 97 43 80 30 82 68 29 64 61 97 72 78 34
27 4 31 3 64 23 48 15 66 53 86 88 35 19 70 38 94 23 43 86 21 4 36 84 53 96 68 76 92 25 84 18 65 28 44 71 9 76 70 50 84 25 99 36 52 12 94 75 9 40 42 55 20 42 27 51 43 88 91 95 37 80 78 90 14 63 44 47 76 78 33 76 76 99 76
28 54 11 44 89 63 43 3 76 87 88 7 94 51 38 5 8 34 61 64 88 89 52 62 91 22 26 74 7 86 39 29 88 20 33 12 44 57 9 47 40 48 64 56 30 16 52 6 43 80 13 3 19 23 40 29 27 53 14 25 62 11 4 38 58 29 65 85 49 78 98 22 87 75 67
57 80 67 62 54 30 94 39 98 74 62 58 7 39 56 66 33 59 49 46 72 70 30 78 98 88 52 47 99 3 7 63 46 75 77 65 81 7 15 2 64 96 12 89 51 43 30 8 48 84 47 87 89 42 82 9 27 64 42 23 49 93 13 26 28 65 60 85 20 81 56 28 83 52 96
74 9 79 4 79 65 21 12 68 69 45 67 65 95 2 12 68 71 14 17 91 98 45 71 64 18 82 93 41 43 70 1 85 34 85 21 78 76 32 35 75 9 83 83 74 18 61 91 44 84 15 78 49 49 16 70 46 34 58 79 78 49 2 33 13 5 60 97 8 56 65 96 93 71 42
22 65 24 7 52 2 18 34 20 93 48 3 99 24 13 34 65 81 79 32 46 52 2 23 64 41 83 77 98 8 57 70 96 77 7 78 23 88 30 51 82 49 2 33 68 24 6 69 46 95 82 39 62 77 90 61 77 73 24 82 1 68 11 2 42 10 24 94 64 80 42 42 58 8 34
72 15 24 20 99 66 29 44 81 44 49 60 26 93 98 31 60 82 72 24 75 78 88 67 97 54 87 60 99 45 36 32 81 86 76 4 61 25 1 24 86 38 6 9 9 5 97 72 52 7 50 43 21 51 39 7 42 28 17 80 66 5 24 22 36 13 99 53 4 3 40 33 31 83 23
9 50 80 86 42 49 78 92 87 37 6 42 47 97 32 46 35 41 59 15 48 92 87 73 42 79 84 65 38 97 5 63 36 57 11 41 86 37 75 88 86 33 17 90 2 26 42 54 74 44 51 20 43 55 12 52 68 31 50 7 6 44 48 50 94 33 97 70 32 8 15 26 22 67 94
8 25 78 40 16 69 33 63 89 17 74 91 63 93 11 69 74 46 96 66 63 19 92 58 29 34 73 73 13 94 33 95 46 64 60 60 97 2 9 80 33 65 62 37 47 62 91 77 63 68 87 71 44 86 52 29 54 50 99 51 38 14 6 26 30 24 1 97 99 36 10 80 73 30 70
9 33 56 56 58 39 72 30 67 33 78 24 88 14 53 41 19 85 74 81 56 91 68 46 43 16 19 18 41 68 21 34 5 58 62 11 88 86 99 29 16 38 86 81 75 45 88 22 63 11 57 33 80 71 66 67 18 94 49 35 60 75 79 74 43 73 55 54 79 16 16 7 39 23 52
3 70 17 43 30 24 8 48 62 55 85 11 26 1 27 52 94 43 54 27 43 1 51 81 89 23 16 47 42 66 85 43 85 35 26 63 92 59 93 31 13 69 43 30 3 79 34 56 13 35 12 83 22 29 98 95 10 76 55 93 96 20 35 83 42 21 43 66 51 65 65 68 65 83 80
60 88 14 65 81 53 59 78 35 21 59 13 34 56 46 1 76 45 48 95 91 44 67 39 75 26 13 93 65 45 2 73 30 14 29 96 2 13 3 70 82 67 24 4 23 91 67 90 55 20 72 80 59 61 46 14 77 78 37 3 2 10 29 95 83 77 84 18 68 71 69 56 46 21 56
44 80 18 80 89 87 91 90 24 54 10 46 61 7 85 41 2 91 84 95 66 67 98 24 36 2 71 72 9 59 23 55 84 46 69 71 52 10 31 22 88 60 85 41 71 26 82 33 75 56 22 92 60 88 44 42 37 67 13 1 51 45 33 44 82 58 15 1 3 98 98 16 6 31 56
2 7 14 95 63 69 53 22 14 39 54 67 56 22 14 1 87 8 94 82 8 22 23 42 49 98 67 34 84 7 25 61 76 33 95 79 72 48 6 93 54 40 35 10 87 29 71 25 65 90 25 40 30 28 39 52 16 57 36 88 51 10 12 40 22 45 8 2 5 94 85 44 26 29 3
69 1 24 19 86 52 74 4 46 12 56 60 45 84 53 23 99 2 8 72 14 14 18 59 69 22 23 57 26 26 38 20 83 28 91 71 46 98 80 29 55 64 52 72 90 94 4 72 33 20 7 40 72 31 88 93 36 41 23 84 97 29 83 51 28 47 20 21 50 46 15 81 52 5 77
33 18 72 14 68 32 58 59 57 19 82 7 2 9 88 76 24 43 63 80 59 77 68 10 59 54 64 16 64 63 32 2 92 66 7 39 85 26 79 53 58 80 95 59 79 99 93 80 50 58 39 41 5 89 38 18 66 1 9 51 85 35 59 31 82 69 15 64 4 16 93 74 62 93 17
56 38 28 38 98 97 34 76 81 94 70 33 42 16 74 36 97 22 84 80 54 41 97 94 1 46 40 73 46 86 42 49 63 42 87 64 98 98 13 35 39 69 23 10 63 56 61 57 65 90 79 54 2 12 1 7 91 68 30 38 54 9 29 34 76 46 56 95 96 2 52 58 18 82 10
3 98 37 10 76 94 98 39 50 37 50 30 34 24 5 3 26 30 54 27 93 83 75 77 87 66 74 91 99 5 74 39 22 80 30 98 55 85 16 55 50 55 76 13 60 56 32 76 15 84 60 62 74 99 79 64 95 12 44 78 86 57 48 94 26 55 34 21 92 69 56 26 45 47 33
53 15 11 73 97 70 53 55 66 19 98 27 44 70 93 52 7 53 76 43 79 92 66 66 12 54 39 45 99 3 94 71 91 59 2 29 64 89 74 46 2 96 54 6 63 19 26 66 49 1 61 35 11 6 75 65 90 68 28 52 86 12 54 54 13 72 60 12 88 7 12 68 45 88 76
92 49 40 43 16 24 34 74 97 11 96 17 84 95 24 76 74 63 30 71 63 60 37 33 38 38 88 9 98 2 61 65 91 37 6 71 92 66 65 91 23 53 40 73 44 66 96 51 32 37 48 7 83 48 34 75 19 29 48 93 66 88 27 80 72 29 70 19 90 85 34 12 92 27 36
70 13 13 28 23 18 45 42 62 8 50 61 95 23 79 97 74 76 74 44 89 66 27 67 74 33 36 9 6 27 95 94 54 86 19 78 76 94 67 41 17 97 72 15 17 15 75 25 52 22 55 66 79 89 11 31 92 59 53 42 51 26 25 42 90 73 66 95 82 75 27 42 72 54 56
9 63 15 25 50 19 77 21 38 92 57 70 66 28 30 89 17 54 35 29 43 38 98 46 46 87 29 89 35 34 3 84 30 90 29 85 84 83 96 65 19 22 2 76 2 21 23 24 68 38 63 19 64 8 14 92 90 69 51 41 72 26 2 54 99 11 89 98 80 59 21 61 93 41 84
79 99 77 11 39 2 89 78 77 42 76 60 37 64 85 72 1 19 67 42 59 96 93 26 49 91 85 58 53 68 54 27 94 23 45 31 15 31 4 7 54 80 27 3 75 82 60 2 5 70 31 11 65 88 50 25 60 25 39 33 94 80 87 53 24 43 64 53 25 29 21 60 36 3 80
28 43 98 75 33 39 36 74 22 59 64 48 93 41 88 24 27 11 91 20 74 41 46 17 56 75 22 52 6 91 19 58 30 33 11 65 50 38 48 85 91 93 46 96 84 57 13 41 62 37 63 89 34 97 96 99 3 42 72 57 7 74 38 32 79 26 82 57 20 71 69 88 16 71 40
98 1 41 21 76 32 99 60 48 28 17 63 25 84 93 82 10 20 30 93 6 49 32 79 72 41 86 24 36 33 64 26 80 28 87 33 34 53 54 5 99 29 48 9 20 93 70 65 40 41 72 68 77 40 53 62 85 20 99 77 25 6 80 25 57 61 57 33 6 46 35 4 88 68 99
9 97 47 52 77 22 14 98 35 65 78 77 3 50 51 27 22 78 88 40 82 3 56 33 94 16 33 91 19 61 85 48 75 19 2 98 13 5 81 25 72 48 75 49 93 33 97 23 59 2 70 33 98 72 6 8 77 37 56 25 97 67 98 37 78 5 89 91 23 97 43 49 74 15 3
43 65 44 13 62 35 32 2 13 77 6 66 53 90 12 90 87 72 39 46 70 95 77 25 10 95 38 20 45 72 81 58 67 76 99 78 96 60 9 16 83 56 82 89 68 41 46 26 8 50 55 47 34 51 77 81 16 61 28 35 91 86 24 72 6 67 51 16 75 62 97 9 7 43 21
13 55 14 56 57 62 96 65 44 10 94 85 68 4 96 97 34 61 39 77 72 21 31 62 76 82 76 63 2 27 23 26 19 13 77 78 46 57 27 56 43 50 90 60 92 40 10 4 3 70 29 69 54 49 16 43 12 19 50 1 65 1 93 94 93 8 7 2 21 45 67 47 7 25 39
59 2 96 45 18 37 86 50 93 29 55 23 99 59 15 47 49 30 61 61 77 39 81 5 89 99 73 10 41 28 72 82 60 54 19 47 19 19 40 87 76 83 17 51 2 59 53 50 5 81 81 10 79 20 81 79 31 98 42 34 52 7 6 50 55 53 29 87 31 77 97 2 55 7 35
50 74 1 15 81 75 37 67 51 7 39 78 95 98 21 69 23 30 96 31 99 81 35 33 89 8 28 64 97 59 12 76 57 31 39 67 55 52 15 20 26 79 57 7 16 59 27 91 28 10 82 36 46 98 2 45 63 86 15 6 25 73 29 8 46 54 77 84 71 11 76 61 4 6 32
7 31 82 27 4 40 77 86 33 91 82 10 49 15 71 38 83 61 27 76 32 39 55 63 67 76 5 90 58 68 37 28 54 73 58 95 73 93 15 24 96 4 17 97 58 59 84 86 96 81 43 39 89 2 30 42 29 16 52 86 54 20 4 10 45 32 36 31 48 67 53 83 53 31 32
24 84 60 91 4 41 94 11 54 24 50 43 98 93 53 17 3 97 57 69 34 92 47 92 64 41 79 35 7 87 36 50 33 72 12 1 54 74 96 17 55 34 71 45 43 68 28 87 87 95 87 88 81 84 15 53 91 45 85 67 25 38 56 92 26 15 49 97 85 70 96 66 3 71 45
37 32 24 66 86 5 42 78 5 49 70 28 74 79 48 29 75 84 59 47 61 42 77 70 83 91 8 91 91 54 13 15 67 94 89 21 43 46 31 76 5 36 72 43 13 96 47 29 6 72 60 49 55 24 51 59 90 82 46 66 36 25 68 71 24 56 19 36 32 88 53 25 29 30 86
16 34 82 98 63 16 12 31 86 17 54 59 83 61 69 48 23 80 74 71 13 48 73 39 63 52 98 90 53 57 39 10 13 88 12 28 85 39 94 42 31 59 90 12 68 6 11 65 82 7 94 4 97 13 35 59 82 31 31 32 13 3 91 64 91 87 79 25 74 77 36 24 18 41 13
36 83 51 95 37 1 2 41 91 43 30 61 29 3 43 79 71 36 53 69 27 68 23 49 1 20 5 10 28 80 80 11 44 97 37 70 47 91 90 5 41 98 63 74 45 87 71 57 52 56 27 76 71 48 67 94 23 77 72 92 21 46 66 11 50 37 34 55 78 59 2 38 60 40 88
10 21 12 11 73 27 91 56 17 79 15 83 9 9 89 64 56 80 39 68 53 33 59 64 62 26 35 54 35 55 40 9 28 15 81 58 76 41 44 80 7 79 98 18 91 97 42 76 24 39 8 65 7 69 20 31 18 95 6 14 65 32 43 22 50 7 61 95 59 89 34 23 16 49 32
46 92 61 52 61 70 4 59 30 67 70 31 4 76 99 30 62 75 5 50 67 79 31 25 14 67 2 33 41 98 8 42 43 95 38 80 2 98 31 43 5 80 9 73 94 95 78 30 4 14 83 64 1 61 56 71 46 74 90 80 82 82 37 68 95 53 18 14 11 18 40 98 95 56 25
30 39 69 46 41 53 96 51 25 83 59 87 84 50 85 37 88 87 73 54 59 39 58 90 90 71 54 39 34 55 6 82 2 97 37 92 64 25 78 46 20 99 17 23 77 42 17 11 1 62 78 99 36 12 52 84 6 41 22 80 73 66 93 14 3 98 80 29 53 76 50 86 66 81 83
64 4 14 81 82 95 64 19 46 93 38 89 87 95 69 81 90 99 95 68 94 12 3 17 7 55 17 90 40 72 59 14 8 20 45 51 91 59 86 52 58 83 10 10 69 24 21 83 72 77 1 59 34 43 70 30 54 79 67 24 24 60 99 66 11 43 11 91 49 23 67 90 22 8 45
59 43 68 52 24 6 84 3 97 87 95 11 35 55 1 24 78 46 16 16 98 88 47 84 69 39 15 4 5 86 5 26 47 45 50 78 24 49 24 51 15 20 84 37 14 26 69 39 12 10 29 54 82 99 97 98 81 7 76 34 91 43 71 77 33 41 51 7 43 78 89 84 20 31 2
89 43 72 88 16 57 74 23 15 53 24 30 61 59 48 52 64 44 18 79 1 29 43 52 85 82 34 36 73 80 46 35 27 7 56 86 58 7 37 74 43 61 97 79 31 35 25 80 46 48 4 69 47 57 26 22 90 18 69 89 89 5 31 64 85 43 69 18 13 44 48 32 37 89 30
6 8 60 8 14 83 41 68 31 53 27 45 93 85 44 5 68 83 59 51 71 16 71 64 80 47 20 6 97 58 23 48 83 2 21 18 88 37 29 21 83 18 18 98 77 96 31 45 12 73 81 22 34 85 25 41 90 58 94 60 5 94 9 73 28 51 14 94 29 52 72 74 28 56 33
95 45 55 42 64 23 61 54 6 76 14 9 49 74 83 77 16 85 93 82 18 28 13 23 71 29 74 75 86 14 17 42 70 93 50 41 29 23 13 60 4 4 99 22 27 83 31 48 1 46 20 93 4 76 2 56 13 4 7 44 65 1 68 17 74 93 21 61 16 20 1 63 64 78 43
4 75 99 3 8 12 94 67 39 82 25 7 25 51 51 31 64 8 68 5 77 48 18 78 90 26 26 71 74 72 81 39 51 94 72 31 39 69 18 78 80 7 83 50 2 66 33 69 27 67 59 44 66 32 56 81 7 25 93 23 38 67 52 89 52 64 18 99 7 41 65 39 2 87 42
73 29 8 24 53 9 46 56 2 67 9 33 13 43 40 50 96 90 10 62 82 51 5 91 50 31 71 5 45 10 68 85 83 87 23 11 21 7 46 74 35 16 31 28 7 69 21 75 43 94 76 2 42 6 79 64 48 40 16 81 87 11 76 51 1 37 99 94 80 81 26 31 99 53 3
85 65 23 77 80 27 50 47 58 51 32 28 23 72 21 97 95 83 21 3 76 57 72 12 15 59 82 71 62 86 76 83 52 24 18 89 36 20 94 17 67 65 4 14 92 10 33 34 3 64 93 66 69 28 8 31 5 42 8 70 20 33 70 56 4 64 45 2 72 79 28 86 52 54 73
18 38 34 1 65 2 22 44 28 40 2 8 39 27 11 16 9 45 7 1 14 36 43 8 31 18 37 18 42 35 48 25 18 68 92 44 25 50 67 25 52 38 66 44 97 50 2 20 46 6 31 60 60 27 32 83 74 9 77 23 28 40 25 94 39 56 90 91 41 58 70 69 97 4 78
10 15 64 52 53 35 93 38 55 36 65 77 61 70 88 81 95 89 25 5 99 7 66 97 96 97 85 88 56 30 76 46 88 70 22 4 12 65 17 38 19 37 45 64 85 79 69 86 85 4 92 4 16 3 72 81 17 58 43 44 28 42 40 22 78 89 77 38 8 61 96 37 23 85 68
32 42 60 63 29 30 62 23 70 57 50 51 56 45 61 25 56 79 65 60 48 63 11 51 22 6 5 73 28 53 4 47 20 29 41 61 66 14 85 70 17 47 39 95 86 35 98 6 89 53 12 13 87 54 8 18 38 80 97 32 22 31 5 55 7 59 10 54 97 68 77 44 48 53 9
19 96 93 46 62 89 30 19 77 57 30 69 24 33 60 74 84 31 13 39 58 70 95 10 62 70 82 68 50 12 64 27 60 79 38 9 6 32 25 23 50 83 30 44 46 69 68 28 1 66 90 52 90 43 41 78 54 16 23 31 45 42 60 89 65 65 22 3 89 57 11 53 1 62 71
34 39 46 78 12 50 69 17 10 77 45 74 5 95 36 73 88 3 15 98 14 92 56 33 32 65 67 88 44 92 57 87 71 10 5 64 51 27 40 12 58 78 98 72 38 17 87 55 14 70 48 91 91 99 29 8 75 58 2 30 3 55 83 42 99 49 71 15 22 19 98 33 1 42 76
66 50 90 54 60 43 51 42 75 71 79 46 23 92 27 4 46 59 83 64 2 16 63 32 84 98 53 38 41 53 63 56 89 65 61 17 94 87 85 25 11 3 71 51 81 93 7 73 58 68 31 7 65 41 54 23 77 32 58 73 40 55 67 54 87 22 57 95 57 18 85 67 62 16 33
27 3 73 97 52 86 29 32 25 68 90 72 63 4 2 10 76 61 94 25 11 57 27 74 99 74 75 3 99 56 79 57 29 97 47 55 46 38 53 85 48 67 4 61 93 58 83 40 22 14 26 60 6 32 34 83 94 76 33 18 9 46 64 19 73 67 43 85 18 15 28 98 56 52 82
24 57 20 41 56 21 24 95 81 48 23 4 43 44 18 62 16 29 35 99 97 62 30 85 51 78 69 34 48 26 12 15 61 9 62 23 89 32 44 62 74 25 12 86 45 74 73 36 98 86 96 30 51 50 56 70 6 53 20 8 56 57 95 18 79 31 88 6 20 75 23 17 91 68 17
4 42 88 77 68 98 54 5 85 88 10 92 95 76 90 3 31 95 55 87 36 69 86 22 39 93 82 75 58 16 64 53 18 39 5 53 44 66 50 89 16 20 98 35 79 11 59 71 86 89 43 87 65 65 11 46 12 84 76 16 96 96 7 77 16 34 95 29 61 25 44 42 4 67 85
97 45 9 92 18 40 14 10 29 73 63 68 47 34 91 7 3 73 87 6 86 77 3 56 60 64 18 17 62 61 31 38 1 98 50 78 41 10 13 44 54 50 60 46 55 26 29 97 27 88 68 67 33 99 21 87 79 56 1 65 54 95 4 44 56 21 17 67 73 66 98 87 81 39 92
53 81 36 72 4 64 44 10 9 51 3 40 57 30 70 15 73 28 89 70 21 19 77 26 1 45 44 76 64 57 91 59 48 32 1 91 83 24 99 10 82 27 95 45 84 94 25 47 61 34 5 69 23 18 65 83 39 70 34 20 49 7 93 14 87 32 58 14 37 67 15 37 3 16 11
88 50 45 42 57 64 88 19 6 6 16 83 29 73 85 94 23 11 94 8 74 3 51 49 41 59 93 1 46 5 85 75 52 78 28 69 34 7 47 94 90 24 11 67 1 51 37 38 45 64 2 75 74 54 27 30 69 61 36 27 82 2 64 69 45 59 40 19 2 42 72 83 98 37 10
96 87 76 74 62 63 70 78 89 96 30 27 45 3 83 46 91 73 40 15 66 99 10 74 93 6 76 89 57 89 80 94 42 32 95 74 58 57 43 27 90 70 40 85 72 11 48 70 20 51 77 29 16 60 74 69 55 95 31 22 18 75 2 22 66 70 25 20 83 57 35 92 15 78 49
20 45 40 65 99 98 7 69 81 19 42 13 99 28 65 84 20 45 38 42 38 93 4 73 34 52 72 79 44 87 55 98 14 36 38 12 69 91 84 92 3 1 78 17 54 36 2 87 94 29 77 5 96 96 93 17 24 54 32 30 38 18 52 34 81 4 15 14 99 46 14 15 47 51 27
63 52 25 64 40 26 52 4 41 48 69 3 45 39 6 63 9 25 6 15 14 27 74 74 68 33 62 20 62 33 21 62 53 37 57 2 86 62 1 32 46 3 52 82 48 67 32 91 55 76 3 58 31 51 48 10 75 92 8 3 63 97 61 90 52 53 14 22 42 66 78 12 48 86 13
79 8 8 23 66 87 68 52 43 33 20 66 99 29 17 81 34 64 4 25 38 66 89 65 60 80 38 27 93 29 43 74 98 76 13 35 12 47 10 19 14 78 20 40 47 94 84 68 28 11 23 11 38 39 46 50 7 87 34 27 42 59 78 9 46 27 54 7 55 8 40 43 4 40 86
53 91 8 87 75 19 22 80 9 50 55 42 47 32 87 92 92 81 26 21 43 34 54 27 75 18 49 2 94 67 83 8 98 41 75 45 87 63 15 93 64 26 91 71 25 99 4 59 32 47 92 91 39 27 85 40 9 21 53 90 74 83 91 78 17 56 30 29 67 44 83 78 26 17 37
84 45 60 11 2 81 19 54 40 57 40 58 43 92 5 85 56 8 45 30 32 77 69 77 28 35 32 64 26 93 15 89 18 89 60 7 78 96 90 23 93 56 22 34 94 2 53 91 82 52 72 1 91 35 73 26 46 26 20 81 67 95 3 74 82 55 68 22 86 57 19 44 7 60 43
7 27 90 86 35 36 98 89 74 39 50 95 71 94 45 29 81 84 89 88 26 83 67 32 22 53 91 42 38 8 64 85 56 8 16 22 77 2 45 35 17 73 8 70 75 72 93 39 24 60 83 30 77 29 74 52 73 99 68 49 51 57 50 74 51 2 83 72 58 86 68 54 82 58 86
33 1 5 97 7 6 38 53 37 65 27 99 12 15 82 17 84 63 51 47 47 67 31 68 97 53 96 22 24 92 69 27 54 42 19 60 19 8 83 80 40 97 7 19 93 94 72 50 77 17 26 83 75 87 19 14 76 32 25 72 43 3 58 75 46 9 40 60 72 58 57 59 91 19 13
64 29 57 6 72 19 91 27 12 5 27 86 48 68 24 23 34 4 97 84 89 87 58 70 12 90 9 5 29 18 29 35 92 16 4 16 33 32 27 25 72 43 28 78 85 60 7 91 93 62 81 10 37 37 89 35 73 74 25 20 2 21 78 37 51 82 32 3 95 18 19 80 53 61 38
98 84 29 79 13 8 58 82 60 64 33 25 84 75 54 3 15 3 19 12 25 86 41 19 73 48 17 49 21 81 5 19 17 88 21 86 30 88 60 3 51 53 20 3 45 39 12 5 54 24 15 51 68 7 62 95 73 68 60 65 99 35 84 81 82 57 89 33 59 43 28 11 27 55 12
36 55 68 84 98 90 16 35 85 24 95 88 4 22 67 81 85 2 20 89 72 91 93 60 83 28 57 98 15 27 36 49 44 93 48 9 27 92 87 32 84 36 26 58 21 33 94 22 4 73 27 96 73 19 38 44 24 55 54 4 39 82 1 31 12 29 3 71 47 12 43 46 98 51 59
23 98 92 66 30 55 35 50 15 57 21 73 17 25 45 32 45 13 99 66 64 25 55 58 65 20 71 7 78 32 77 42 89 41 26 5 37 14 32 21 95 35 30 94 63 10 40 75 95 92 45 65 33 47 96 90 40 54 39 21 49 55 14 65 94 72 12 62 86 23 67 78 73 73 16
62 8 36 23 38 59 73 9 63 63 42 70 57 71 1 67 84 50 92 91 72 5 30 11 53 5 37 59 86 95 33 66 73 93 15 76 56 2 60 59 11 59 8 83 60 94 5 23 87 87 71 72 41 76 60 21 32 10 84 51 30 23 35 97 16 31 98 95 65 70 90 69 86 64 12
79 97 20 7 18 59 65 14 47 27 29 37 82 73 4 37 44 14 61 42 9 19 53 13 18 68 46 23 52 27 79 81 50 6 6 57 18 29 27 67 8 29 80 96 28 88 31 91 62 96 5 37 17 49 83 83 68 26 55 7 99 38 69 61 15 66 13 28 56 49 83 67 62 9 14
82 82 65 51 79 71 77 40 5 37 66 4 14 52 75 56 88 63 43 6 99 39 71 6 84 92 55 23 46 81 91 95 61 38 95 46 23 20 44 48 60 86 73 8 57 48 95 8 72 12 25 27 47 32 73 85 84 55 70 29 41 36 4 40 68 91 8 97 46 59 70 77 98 70 97
76 26 33 29 23 62 1 87 32 50 49 73 93 99 61 15 31 28 97 27 86 1 2 83 76 90 96 80 42 92 39 75 46 15 30 61 91 93 35 25 41 8 96 59 20 74 41 92 70 12 15 76 24 57 11 66 20 14 35 81 21 30 15 77 77 55 50 93 73 10 5 37 80 27 85
9 50 48 98 2 44 76 30 14 2 17 4 7 93 12 57 16 43 36 1 82 45 98 19 27 51 68 98 55 21 55 72 20 79 41 32 77 15 72 38 94 68 76 64 65 43 19 28 82 39 42 81 40 32 95 62 70 28 35 1 42 81 27 33 66 42 37 34 15 10 39 90 5 16 24
45 96 63 87 57 64 74 46 67 18 95 87 32 65 84 8 66 71 3 12 62 74 96 82 35 20 32 54 82 74 18 37 15 7 71 92 52 23 69 16 44 16 65 71 28 40 25 54 65 23 92 77 61 5 72 69 11 58 56 40 93 54 29 77 31 35 68 16 73 15 75 19 9 25 8
36 42 59 39 4 90 31 93 60 92 22 54 94 85 26 43 75 19 5 50 83 28 70 12 43 29 3 32 12 4 58 72 21 35 73 91 49 10 90 31 15 14 52 50 40 78 18 14 40 63 84 32 59 30 84 19 4 99 1 35 39 26 64 53 19 16 40 69 70 93 6 88 94 64 24
17 72 46 63 64 58 82 9 89 51 75 95 49 75 26 65 86 39 76 15 79 7 73 39 91 50 43 81 72 7 69 48 6 89 65 10 95 76 79 59 30 87 72 23 57 27 89 78 80 83 6 20 31 97 3 26 36 72 4 84 32 62 50 28 87 20 93 44 3 83 76 32 65 43 38
73 50 13 13 28 69 27 11 4 29 29 96 63 77 94 20 53 38 61 79 45 92 74 14 97 12 18 60 43 79 51 36 17 79 79 90 5 30 2 87 64 83 52 34 4 28 85 85 64 29 3 68 23 75 67 60 69 13 1 53 38 41 62 58 96 59 33 90 45 50 2 63 56 67 67
71 65 26 50 49 6 87 22 26 77 60 23 22 73 63 78 28 40 24 60 90 90 67 43 29 16 14 50 85 14 1 57 60 50 80 78 26 98 57 88 61 11 71 2 18 47 77 62 15 51 59 33 37 47 31 54 28 86 83 79 61 6 30 20 16 1 81 89 34 75 91 28 30 24 29
96 2 96 34 71 8 37 30 24 53 15 8 40 58 30 38 83 53 24 68 34 81 14 60 67 62 10 25 15 78 27 99 67 97 10 42 29 11 65 23 13 80 49 97 53 18 83 80 89 21 39 76 37 80 21 82 32 7 92 12 41 1 54 7 73 91 46 73 71 19 33 33 97 84 46
24 68 72 73 39 73 65 76 93 93 74 43 82 52 17 51 19 88 68 14 22 90 38 2 13 90 29 24 7 56 12 84 1 83 4 3 21 52 5 59 68 31 57 1 34 30 66 75 82 7 61 43 60 34 37 23 90 64 85 20 84 54 98 41 18 93 11 86 31 54 19 19 65 52 20
91 44 21 71 85 9 79 9 47 85 41 10 13 50 31 1 73 75 11 7 14 28 34 95 79 7 99 30 34 85 95 1 23 27 24 93 52 1 27 78 76 27 51 1 78 55 25 85 98 72 60 97 88 89 23 18 65 51 67 26 11 77 3 81 81 65 75 53 94 27 40 20 55 48 41
63 4 4 93 65 25 76 79 6 95 8 55 35 6 75 2 23 56 4 67 10 40 61 53 8 84 75 86 87 2 45 37 50 26 16 22 17 22 54 62 29 59 17 23 51 93 2 51 78 67 23 92 78 87 33 59 15 94 11 15 92 12 52 49 24 96 19 18 77 68 22 20 65 45 55
75 85 85 92 13 86 1 83 98 98 55 48 16 74 95 15 70 34 26 90 55 47 37 58 17 15 59 55 93 51 95 24 79 50 13 56 11 89 57 86 9 3 19 55 58 98 45 66 18 30 63 41 36 6 60 98 25 47 51 15 76 83 28 88 57 7 46 81 66 1 1 70 31 28 1
40 18 99 60 41 64 54 74 10 15 46 86 42 24 58 3 65 67 31 99 61 77 87 79 89 88 1 50 39 37 34 32 1 93 4 25 51 40 98 34 1 97 85 25 96 58 13 17 19 8 49 93 86 68 95 93 99 14 14 57 29 31 78 18 9 90 73 14 84 37 83 2 44 70 63
99 42 72 26 3 5 90 43 97 6 51 94 71 30 6 78 39 45 50 40 75 63 43 61 58 72 14 61 32 36 53 57 89 20 30 92 75 49 52 86 12 69 75 5 33 4 33 84 91 20 30 41 96 97 36 20 55 81 76 72 59 41 77 11 99 78 51 89 38 23 24 56 71 15 42
74 92 94 16 12 67 62 74 70 34 26 22 19 73 26 25 65 54 30 11 71 19 29 51 40 9 94 89 91 90 34 9 46 74 76 54 76 47 53 29 42 23 99 39 73 80 11 17 57 51 48 79 28 11 65 13 16 27 33 84 49 9 17 19 21 23 98 62 29 65 86 90 91 84 16
98 74 41 73 63 79 19 90 41 91 5 9 22 72 21 21 89 52 35 71 37 11 36 8 12 80 67 94 85 5 11 62 66 17 63 51 77 78 32 56 80 81 79 35 14 60 64 40 33 80 39 33 44 11 2 49 3 9 3 31 34 84 23 31 70 62 4 87 33 90 77 70 96 81 45
29 52 28 5 69 73 95 1 8 47 67 14 8 86 12 42 52 40 2 60 43 77 50 29 69 17 17 27 98 66 83 57 40 37 62 67 9 79 46 41 76 8 1 71 16 79 51 9 50 48 42 23 31 90 58 20 63 41 74 74 91 3 94 69 2 77 80 63 59 6 34 32 67 21 63
10 1 87 25 79 61 23 6 33 41 60 63 47 60 85 5 70 35 99 27 45 16 83 67 43 48 68 86 1 8 65 95 79 32 24 11 42 43 94 26 56 76 28 72 37 40 80 89 75 46 44 95 7 33 30 25 46 78 39 77 11 23 74 84 67 12 34 72 25 52 64 32 22 50 90
64 25 37 70 92 42 66 72 97 91 83 90 83 88 97 21 83 7 50 70 54 51 11 1 66 93 58 93 15 85 46 2 44 72 73 69 65 73 88 32 59 95 73 22 22 78 57 32 25 29 65 11 24 45 43 35 19 80 88 20 34 36 52 34 51 69 60 30 1 53 89 39 26 19 92
79 45 73 63 58 16 18 4 27 13 31 95 84 90 17 3 37 51 40 89 29 45 20 86 45 54 9 43 9 13 35 82 11 46 45 73 24 50 68 6 68 87 86 64 50 92 27 99 1 30 3 10 50 3 78 49 6 60 89 41 69 23 83 97 92 33 48 68 45 84 58 98 82 91 23
75 83 58 84 61 64 22 46 33 3 78 80 19 68 47 12 26 84 56 32 47 60 87 37 97 93 23 57 2 92 33 71 92 81 64 33 56 70 84 29 11 44 99 77 66 47 60 47 80 43 34 13 34 34 19 36 29 74 88 18 60 15 2 27 63 46 39 42 76 2 90 15 10 74 84
66 44 9 73 2 74 32 8 16 71 6 95 56 14 59 38 19 40 34 25 53 23 34 86 76 88 41 80 85 72 41 72 47 55 30 11 34 38 83 80 51 97 36 28 54 2 92 61 21 71 97 50 91 83 77 12 92 37 89 61 69 12 15 31 9 6 60 12 25 62 99 42 56 95 85
23 70 54 46 20 63 5 14 88 54 27 23 23 99 55 95 10 61 48 70 17 18 93 38 27 34 37 74 14 16 98 99 56 84 58 31 65 63 56 78 44 68 10 75 81 94 15 42 48 13 89 48 77 57 28 4 60 94 10 80 38 4 9 61 3 1 75 17 37 15 90 68 14 86 40
69 79 53 77 53 32 75 89 79 83 73 64 7 81 2 58 88 51 68 28 20 87 10 52 77 32 26 28 76 91 84 73 83 79 35 2 21 94 67 5 61 73 81 51 34 37 41 73 86 64 73 19 13 54 20 91 11 10 60 68 2 26 95 32 38 17 62 12 47 69 70 12 38 6 44
52 45 25 69 65 81 32 73 98 33 12 18 20 4 74 13 53 77 51 32 51 1 82 67 48 97 58 9 52 16 17 34 28 21 55 13 39 17 52 89 57 13 10 87 47 48 75 67 77 73 9 76 90 68 56 18 38 69 42 80 44 58 24 87 82 56 81 32 29 3 22 61 25 9 26
43 16 76 71 9 88 48 30 39 44 63 84 79 20 63 66 12 18 33 41 67 61 39 5 56 39 55 15 78 82 82 63 44 36 12 62 12 52 33 57 55 8 46 70 93 31 65 11 38 77 54 94 51 45 23 10 9 98 63 20 74 84 22 44 94 1 87 27 81 67 88 93 54 91 36
78 53 26 13 33 98 87 99 87 7 60 55 1 48 96 33 90 17 92 33 3 28 3 46 47 22 85 3 71 53 40 68 42 81 46 76 33 69 41 69 39 56 22 79 78 98 42 74 42 54 43 31 75 91 55 37 54 9 76 72 33 57 62 41 60 57 11 13 97 76 1 60 8 19 94
5 58 86 84 27 93 74 15 44 18 8 35 18 49 28 42 68 7 76 85 82 24 10 83 12 82 40 61 25 72 91 11 18 2 82 41 20 38 36 23 24 66 32 90 12 37 15 17 54 99 22 57 81 14 50 60 7 71 74 58 91 30 75 40 47 73 93 73 20 58 34 2 88 61 77
84 25 34 25 52 38 95 54 10 76 72 82 6 30 73 27 59 64 91 30 77 95 66 61 16 17 14 57 70 41 16 51 7 53 85 36 16 32 37 98 48 25 7 41 82 26 94 10 22 66 18 52 35 14 91 51 76 7 46 52 54 62 83 37 74 77 62 68 41 64 34 6 44 70 43
5 57 80 62 17 20 18 72 17 8 80 23 3 41 85 67 68 55 76 2 14 45 55 60 48 54 41 52 49 16 60 97 33 85 76 39 5 2 86 17 91 14 11 70 65 25 31 70 50 99 48 97 80 46 87 79 53 6 62 98 99 50 16 91 92 70 29 45 20 74 92 68 94 67 76
39 39 88 57 84 44 83 72 37 31 17 46 78 90 15 13 38 51 72 22 20 97 26 87 69 16 71 63 9 87 87 15 71 95 82 88 57 60 72 41 11 82 20 10 90 31 41 51 63 20 37 72 94 19 38 98 56 50 19 39 29 53 77 82 13 52 99 85 27 86 81 86 43 83 52
21 40 40 50 42 95 19 80 85 42 4 18 69 39 32 50 79 80 61 58 35 88 42 1 44 31 55 20 42 9 11 8 29 42 91 68 81 60 40 23 90 35 10 58 62 48 82 36 9 47 63 12 42 36 7 59 93 78 16 2 98 50 50 57 84 49 87 83 24 84 98 20 65 54 63
6 76 15 68 45 38 5 90 35 12 68 46 52 16 27 33 73 89 57 87 16 34 91 54 3 37 6 33 37 36 28 32 3 39 88 14 3 28 88 73 37 72 37 97 91 31 69 92 76 2 54 14 76 16 42 92 82 72 95 16 87 68 60 37 8 9 59 59 97 77 79 56 43 63 30
41 9 52 38 48 6 28 66 34 16 35 38 30 89 68 91 85 79 56 7 13 68 68 6 62 34 69 3 69 98 54 16 49 53 40 77 21 80 60 22 36 2 77 54 7 20 55 25 90 27 52 78 69 4 2 8 22 16 24 31 91 59 2 1 75 13 29 56 84 74 3 48 39 57 88
19 93 35 62 25 60 60 3 49 17 92 27 22 17 76 7 13 19 42 46 28 75 53 60 31 15 15 91 30 90 33 34 61 43 9 93 26 38 32 3 83 71 90 24 55 50 50 36 15 70 89 50 22 28 38 95 2 99 69 22 7 28 77 4 52 39 89 90 26 33 26 36 56 52 51
14 6 77 58 41 98 26 95 77 40 31 41 44 63 83 62 92 24 89 99 94 21 43 35 65 26 32 30 73 25 95 29 82 54 49 78 66 77 17 26 94 62 36 86 73 85 96 41 51 61 3 91 69 34 10 45 98 31 73 64 74 57 74 14 11 32 45 6 34 54 14 1 88 65 2
51 39 4 96 1 35 77 84 10 34 3 68 57 48 40 28 74 31 41 3 14 76 63 93 1 18 40 80 56 71 12 25 50 98 10 66 80 15 18 52 86 45 98 85 82 57 31 10 72 99 40 47 39 35 89 51 49 62 68 34 86 61 49 53 67 13 97 94 15 5 68 2 4 32 93
26 68 14 56 22 33 68 65 66 79 32 52 54 76 79 58 18 86 19 21 22 18 31 82 81 96 65 48 3 32 12 99 73 2 38 38 82 11 73 71 82 61 2 72 51 81 38 11 85 29 96 12 65 29 22 84 43 1 78 8 58 97 77 58 11 89 58 1 15 26 51 35 48 3 71
66 46 58 77 76 62 16 26 86 91 93 57 96 97 50 73 68 89 58 11 83 72 39 79 30 30 94 88 16 42 90 9 60 84 10 86 50 10 37 85 5 95 50 91 86 83 10 32 54 12 2 49 5 87 66 51 64 2 19 26 89 34 5 88 34 21 70 11 53 68 13 60 45 51 50
79 62 99 13 59 76 33 96 57 14 54 75 22 98 25 74 90 82 63 59 21 8 77 88 96 71 96 60 53 36 55 28 42 68 12 99 11 62 11 89 51 36 8 26 5 59 56 34 77 67 21 43 67 13 46 64 13 61 55 39 2 2 91 85 2 73 60 64 65 92 71 23 76 90 62
52 93 81 38 88 81 87 89 13 81 72 3 41 10 26 59 92 6 48 44 90 40 96 91 82 62 52 23 7 35 96 52 48 37 52 32 22 12 40 56 4 69 66 20 69 42 9 72 53 71 11 1 94 18 54 39 95 73 76 29 25 30 51 21 16 97 29 98 54 63 78 64 21 86 85
26 15 31 80 96 31 59 31 35 94 17 12 74 40 93 70 40 33 64 56 75 8 89 54 72 39 35 99 27 12 74 78 49 11 67 64 90 93 7 55 75 42 43 67 61 70 77 67 46 70 13 76 20 83 63 23 39 38 10 75 84 90 61 39 80 87 90 20 33 71 24 88 70 2 74
74 1 56 89 26 87 3 61 40 78 46 48 54 9 15 18 62 53 5 97 80 77 94 20 54 31 56 5 64 93 36 44 52 92 33 31 67 19 89 24 42 16 45 12 50 53 58 95 81 92 98 72 71 47 78 9 60 71 91 2 23 15 7 11 97 1 33 33 50 11 66 45 84 39 95
82 6 7 81 47 24 19 24 66 28 65 82 92 91 11 79 53 20 63 8 48 59 41 40 21 54 61 61 69 5 73 22 53 49 24 10 20 15 10 10 60 86 15 61 78 3 16 32 25 76 93 98 68 40 58 88 85 99 8 6 51 91 26 1 79 4 26 77 32 8 14 86 23 48 19
32 87 87 78 27 47 81 98 12 18 28 74 42 86 58 56 90 53 81 45 80 23 47 17 40 49 46 40 76 38 24 87 4 81 6 50 92 96 51 74 28 98 97 28 1 76 19 23 74 96 9 78 49 8 98 71 11 5 11 94 38 61 86 78 9 84 39 78 80 31 22 79 62 78 69
37 17 32 7 47 90 25 73 2 5 20 49 38 25 40 51 81 94 57 41 17 40 61 66 68 11 37 84 83 46 88 94 75 44 38 55 53 14 32 79 53 88 50 36 6 94 71 37 80 58 35 28 17 77 78 63 46 52 95 84 10 85 6 8 39 96 26 1 19 62 72 29 43 79 49
84 23 94 55 66 16 95 81 50 57 33 80 82 58 91 41 69 73 38 49 19 61 56 31 47 50 65 34 83 15 87 70 63 70 9 65 47 61 53 34 30 20 48 60 69 95 51 52 82 45 46 97 53 40 17 2 15 78 98 8 10 43 56 19 22 3 65 79 43 9 36 74 82 56 94
32 61 49 45 65 61 94 46 87 9 70 80 49 14 32 84 70 94 92 66 37 20 51 30 8 57 19 98 61 20 59 69 48 65 69 60 73 81 15 12 64 79 6 55 62 12 38 76 50 63 49 31 53 51 35 11 48 48 79 15 69 52 20 65 40 14 2 51 50 95 72 10 19 34 31
98 42 98 27 98 6 39 71 21 10 67 42 41 34 98 97 39 43 24 6 20 9 17 42 55 3 28 2 61 67 61 60 84 2 50 62 25 43 99 76 7 26 20 97 47 97 84 48 71 98 62 21 47 80 91 68 75 21 38 73 13 80 62 97 78 71 43 34 34 34 69 12 53 91 10
97 36 17 19 34 46 65 53 88 76 41 63 45 11 78 2 69 97 97 51 74 89 10 8 73 16 66 74 93 77 72 14 34 50 93 41 14 23 25 73 86 8 76 58 3 98 92 25 94 36 19 95 44 24 23 73 66 75 61 32 84 57 6 6 58 15 32 55 63 41 64 57 89 92 54
90 21 25 78 61 51 71 18 8 56 20 41 32 54 30 3 40 4 53 95 64 42 63 72 90 36 62 9 7 40 26 20 7 54 36 42 36 38 69 79 76 46 82 57 25 84 58 6 43 41 93 31 27 9 65 14 97 20 68 71 59 71 8 36 3 78 63 38 14 25 69 68 29 19 6
68 64 41 64 71 90 44 32 6 89 70 10 87 10 30 1 26 24 64 3 38 61 56 27 52 2 2 17 72 12 12 23 76 10 69 47 61 93 74 80 9 98 60 60 30 51 55 64 88 14 39 92 55 69 86 61 10 93 39 15 24 29 34 85 74 13 32 34 70 10 38 70 35 60 29
53 47 56 29 60 41 18 39 33 12 34 56 87 11 76 50 73 56 7 79 2 1 18 16 37 28 41 35 78 75 52 77 52 27 70 68 78 84 42 64 48 1 22 2 37 36 55 78 41 66 81 33 88 6 69 33 11 33 65 9 33 44 34 23 52 81 13 63 36 72 80 55 78 52 55
97 76 14 6 21 93 61 75 72 62 54 41 80 21 62 20 46 74 44 2 96 83 98 77 27 16 40 42 78 29 60 6 58 25 88 95 85 46 64 60 52 79 99 7 43 28 58 42 58 31 38 42 35 36 78 29 10 48 58 7 39 48 87 46 74 55 5 10 37 67 62 80 48 61 3
88 2 40 54 32 27 39 27 75 40 13 31 25 60 71 26 66 31 85 32 34 20 24 64 16 45 96 50 33 72 10 10 23 59 4 86 3 62 99 18 57 8 53 92 29 66 58 69 45 80 17 80 9 4 15 20 86 88 64 23 82 52 21 58 71 55 10 64 31 89 30 84 46 59 23
90 43 53 52 50 25 47 54 62 3 60 94 69 17 66 86 8 67 45 58 98 92 68 58 1 40 71 27 22 80 69 3 91 95 59 6 3 94 71 60 67 67 40 10 50 71 59 15 73 67 9 17 96 3 72 39 60 12 99 96 43 90 76 26 93 62 26 64 18 68 11 38 92 84 71
12 44 18 81 88 47 25 40 12 11 87 39 96 85 62 29 30 59 10 2 2 57 27 73 98 2 65 40 2 21 83 52 77 67 14 22 35 72 21 92 99 53 46 8 1 29 57 1 65 66 58 54 73 34 61 32 44 80 60 94 56 14 44 26 22 59 13 5 4 36 67 82 65 60 3
52 88 58 65 26 92 53 63 96 82 65 64 65 32 42 54 95 15 21 52 63 42 34 7 11 16 76 53 23 2 30 52 34 19 92 63 37 11 79 31 17 57 41 69 8 54 72 89 43 43 98 58 64 27 16 41 56 6 9 83 54 28 53 7 90 54 58 56 34 49 79 6 24 49 27
16 36 49 47 65 13 51 61 92 18 57 16 48 71 63 3 90 19 6 31 45 17 36 7 98 14 58 58 20 55 69 66 25 65 48 50 93 12 93 28 61 53 96 84 43 5 14 58 33 21 17 27 44 53 40 31 72 48 49 87 19 66 71 18 16 15 95 14 83 52 84 96 56 40 75
79 52 25 20 70 58 31 55 83 79 22 54 65 28 69 44 89 10 57 53 58 54 52 26 55 56 96 53 72 43 84 51 61 48 52 17 82 3 13 19 23 43 9 34 25 23 35 48 34 23 37 70 23 40 74 37 86 94 62 82 22 44 83 11 87 64 85 7 71 44 91 44 97 35 7
15 33 37 81 11 98 88 4 98 72 45 94 72 92 12 96 48 91 76 65 83 29 26 51 62 16 25 46 62 59 70 57 47 77 40 66 18 54 21 29 59 72 93 76 85 2 59 76 71 41 41 31 86 53 55 45 82 25 40 39 37 88 19 91 24 67 83 46 45 66 34 3 69 2 25
29 50 71 42 23 30 78 34 74 10 17 6 49 66 5 81 31 81 5 95 68 9 10 8 6 92 88 28 50 78 97 81 29 82 91 46 74 30 35 82 76 68 97 93 97 58 59 61 83 23 72 88 24 80 32 76 88 12 27 29 65 68 71 66 14 2 73 19 20 62 96 97 6 86 49
65 40 11 66 75 95 51 48 63 39 61 87 82 21 72 44 71 2 86 61 97 49 28 56 81 52 1 41 20 90 62 18 84 17 3 88 48 94 35 6 36 76 66 63 62 76 99 74 39 98 22 58 45 13 52 10 84 88 51 98 70 57 19 41 15 1 80 97 97 10 39 42 87 22 17
67 16 66 2 96 18 91 35 9 21 88 87 53 57 2 42 65 86 98 84 92 21 41 70 42 79 70 68 54 18 4 43 19 34 31 18 2 50 8 41 49 37 60 23 33 37 59 73 77 29 94 26 6 38 39 9 20 56 14 38 75 94 6 2 8 60 78 70 75 68 22 21 19 83 72
36 94 77 90 71 21 2 34 13 68 47 83 19 86 64 17 27 95 30 78 96 65 58 92 36 54 52 93 54 18 61 84 98 12 14 76 12 48 97 17 14 38 55 55 53 95 34 77 33 18 39 93 92 38 26 70 97 62 14 46 60 34 18 99 48 64 54 84 74 77 61 22 83 36 8
32 37 10 5 21 67 21 29 58 23 69 10 59 48 75 33 72 24 85 20 28 82 80 49 28 89 65 19 53 64 80 99 3 46 84 73 26 15 40 82 91 12 12 79 9 4 25 43 86 88 10 77 69 21 37 78 6 61 1 59 80 30 98 74 78 47 53 31 20 54 15 92 50 21 42
18 63 53 49 22 27 71 3 34 78 34 99 23 88 11 91 9 81 28 77 40 20 3 86 14 60 72 93 58 12 23 60 25 53 19 97 52 66 72 3 35 35 3 96 86 5 15 56 17 93 45 61 73 59 84 31 96 64 27 72 12 16 41 17 10 35 84 37 49 14 18 85 52 88 37
72 98 5 19 90 71 69 25 55 58 30 14 7 66 2 90 50 21 46 53 62 54 9 80 26 48 23 21 94 1 98 39 39 84 90 26 39 37 65 37 91 42 28 27 5 12 6 17 24 13 38 81 61 90 48 11 42 99 66 78 30 16 96 97 12 71 85 71 64 14 85 19 77 7 23
29 60 26 92 40 54 23 69 23 42 58 70 61 29 79 39 65 91 45 98 99 65 30 77 79 41 50 57 84 39 50 60 71 58 93 81 80 44 73 53 62 70 76 76 68 14 76 37 34 12 79 83 36 53 1 8 70 58 71 37 66 99 72 42 71 25 30 33 27 82 87 17 93 8 31
14 6 46 8 26 75 56 43 36 34 72 51 38 99 89 50 26 15 51 14 99 29 9 99 79 81 3 17 74 84 34 69 23 12 96 50 5 1 6 96 58 56 25 86 9 24 72 23 83 91 95 16 63 17 49 91 64 71 13 10 48 24 13 72 45 44 71 28 90 40 31 54 50 86 51
19 78 79 18 51 52 26 40 6 56 32 86 57 52 50 37 4 26 50 34 79 5 69 75 96 23 45 80 91 50 57 4 27 50 63 99 13 88 39 74 3 29 47 10 78 59 69 39 59 50 43 75 17 21 9 19 46 6 76 94 2 9 87 51 82 32 60 33 80 35 84 93 48 14 10
46 36 26 40 36 3 2 13 87 97 82 8 72 56 38 61 72 79 75 5 44 55 34 42 36 61 30 52 43 76 63 96 8 20 95 93 11 90 71 92 86 47 13 73 89 45 56 41 28 60 78 61 61 82 6 98 35 68 13 10 33 25 65 3 34 46 28 89 70 8 15 68 3 87 74
50 73 31 96 30 94 74 43 24 96 65 22 94 20 65 8 55 21 53 1 10 70 56 73 59 74 48 71 33 21 69 97 60 99 65 93 91 9 32 75 8 28 25 43 93 82 42 24 42 32 21 64 25 93 32 47 29 75 85 90 57 16 89 46 95 66 14 89 4 36 70 9 86 46 87
65 67 38 55 9 7 20 79 1 71 61 72 63 72 45 24 71 87 1 30 55 66 89 27 33 95 77 85 99 53 29 93 68 13 73 91 62 48 59 28 35 65 47 56 54 68 22 68 97 67 94 20 61 33 51 9 2 73 79 74 61 48 39 76 72 85 19 78 29 22 12 53 35 41 59
30 81 96 15 25 17 43 69 33 39 55 38 42 25 26 2 49 66 55 77 98 60 11 8 29 51 37 89 48 86 98 32 32 44 74 45 47 9 24 22 16 22 3 57 75 31 42 98 62 41 3 94 47 16 26 81 20 50 77 39 36 62 62 2 23 70 72 15 5 72 42 47 89 39 80
12 20 32 99 31 99 39 93 32 25 45 39 23 80 97 12 59 90 19 82 6 26 64 37 96 56 15 44 76 62 77 52 81 29 43 62 85 74 24 60 16 82 79 47 76 19 36 97 79 34 74 62 80 56 86 37 37 17 26 73 90 90 20 12 39 15 68 78 79 74 28 17 95 70 41
8 49 46 36 25 62 32 73 91 58 1 59 25 40 44 67 81 8 48 30 30 61 87 55 9 13 42 38 89 20 55 63 17 10 51 10 6 78 38 66 55 57 49 43 17 88 66 44 29 21 43 53 84 9 17 89 33 8 58 35 38 36 39 30 50 38 36 29 76 8 54 37 6 74 6
10 49 34 51 51 6 96 45 57 2 33 70 47 42 90 98 50 70 45 29 82 1 30 78 42 39 34 74 99 69 31 43 8 15 85 30 65 29 83 52 88 51 43 47 6 16 51 28 45 17 55 3 51 7 80 33 65 38 16 68 20 28 4 22 22 89 36 78 11 11 28 91 58 87 66
76 25 95 43 44 33 15 32 18 95 74 29 32 70 54 27 49 78 92 58 15 50 61 29 46 28 58 14 70 98 37 34 27 94 37 24 77 39 84 79 37 63 76 43 18 25 78 53 11 32 8 98 74 68 64 67 77 45 77 81 74 27 48 67 59 2 4 1 61 34 71 72 41 62 23
13 75 24 42 47 48 46 44 54 53 61 54 81 29 33 66 25 67 71 71 1 52 25 41 27 25 30 5 3 36 15 26 41 42 7 62 6 27 61 43 58 47 80 81 66 52 48 31 7 21 39 16 51 14 65 37 26 16 21 26 68 34 30 91 76 84 21 94 62 93 43 86 36 48 52
70 75 76 67 31 5 97 41 59 76 8 58 14 64 13 20 26 90 47 2 67 61 49 58 53 91 46 35 64 23 66 12 65 1 8 85 4 53 26 56 28 92 7 97 47 54 73 56 44 93 1 76 79 44 22 64 81 58 44 48 16 20 28 86 16 51 56 33 18 86 10 98 65 23 26
72 93 63 57 55 4 72 63 33 92 58 81 45 81 11 85 45 90 38 8 89 3 60 24 75 64 21 80 38 22 76 37 59 15 19 77 20 36 14 83 38 47 86 12 20 69 24 8 39 1 93 62 38 2 37 90 75 36 20 85 71 33 7 20 77 79 90 90 76 48 33 30 38 42 26
52 58 50 72 88 73 82 94 39 96 31 65 35 85 28 83 67 78 62 52 87 6 82 74 38 93 13 57 26 42 69 17 87 18 88 48 22 33 23 3 88 55 40 64 12 3 21 56 86 70 98 38 21 16 57 5 96 55 79 29 13 76 57 6 30 25 91 95 11 55 77 33 52 90 67
64 57 89 65 93 67 19 29 24 89 43 79 16 83 14 29 19 56 30 12 69 9 75 8 86 30 54 82 86 82 47 18 59 29 21 4 25 56 28 14 88 11 41 26 61 16 45 28 10 27 28 18 17 85 52 24 3 11 54 11 81 72 90 11 98 61 78 74 90 15 29 15 54 25 92
77 76 75 84 71 63 81 63 36 24 17 4 89 64 1 26 32 85 64 67 95 86 1 77 41 71 15 96 35 7 64 77 14 66 85 60 24 11 54 83 48 39 40 75 43 17 85 90 15 91 85 39 42 76 65 7 67 38 36 5 56 70 18 23 21 5 21 91 14 63 73 88 26 38 40
92 2 9 8 3 80 30 44 4 74 37 27 31 21 93 61 91 65 12 46 22 60 93 23 30 84 99 76 30 47 70 97 65 58 46 51 75 34 25 69 17 44 61 60 54 76 94 43 14 58 75 33 13 39 40 90 77 71 7 25 36 48 96 57 73 95 82 13 52 3 25 64 70 51 78
4 63 6 5 93 78 21 24 59 12 17 37 58 47 49 37 74 80 72 48 42 10 67 72 60 12 60 17 62 40 9 54 95 33 24 65 34 51 46 21 68 45 58 70 56 25 48 63 20 25 83 84 80 65 51 85 45 69 54 18 74 88 45 55 39 55 58 43 80 85 27 38 98 25 42
63 63 11 83 40 76 64 12 82 27 25 19 1 12 69 33 10 14 83 40 88 35 11 92 30 52 64 2 85 30 94 56 53 24 22 55 7 28 26 38 61 7 66 16 7 84 63 35 34 37 45 53 39 21 26 8 5 45 30 38 41 3 57 86 53 32 65 20 57 65 16 24 93 30 4
41 14 59 93 69 79 88 41 70 25 62 91 24 66 57 7 94 60 75 88 40 96 93 39 64 12 20 34 98 42 66 45 18 55 11 14 55 9 2 7 43 8 36 21 49 81 79 61 11 23 91 77 97 83 13 23 43 13 75 97 73 85 71 19 1 48 47 50 85 15 37 90 93 39 77
18 7 38 67 43 27 92 66 61 63 60 85 62 63 37 77 71 14 54 62 90 35 2 52 22 18 41 18 49 97 61 13 56 5 1 73 89 28 20 46 34 26 31 89 75 57 52 48 45 33 70 96 95 21 61 50 8 94 5 64 96 46 40 78 13 48 47 60 60 42 8 2 96 55 69
95 87 47 80 47 43 91 97 80 76 84 24 2 33 46 21 75 9 40 18 13 76 28 88 78 90 50 14 80 45 38 27 63 50 54 97 93 62 38 28 57 41 71 43 79 97 15 61 36 24 32 12 87 20 90 13 6 29 47 67 80 74 6 61 88 21 54 23 3 48 83 2 91 8 74
48 88 72 65 96 70 19 66 48 77 53 52 49 3 54 16 37 7 41 3 48 27 60 91 34 82 35 81 42 70 23 7 79 34 41 60 92 6 16 51 84 41 34 18 79 55 38 11 82 79 65 76 12 32 11 41 7 42 6 79 62 90 66 31 80 34 56 73 76 41 62 68 6 5 54
82 70 6 31 86 47 1 87 8 82 33 56 24 17 16 12 57 73 16 21 42 63 72 21 2 81 36 10 78 25 94 46 46 56 75 19 97 96 75 99 22 38 34 47 1 68 92 47 64 52 54 52 67 57 38 47 72 74 22 21 13 60 15 27 99 40 22 59 88 81 23 5 64 45 32
55 98 55 44 96 72 75 18 23 68 39 46 14 27 18 60 25 45 76 87 76 75 59 70 68 63 65 36 38 79 73 99 43 87 50 32 32 66 99 30 18 90 17 80 18 51 99 53 16 63 46 6 46 11 53 40 46 32 48 87 17 83 98 74 46 3 9 17 52 69 17 96 57 54 24
78 65 66 51 52 16 84 47 70 15 44 6 41 37 41 53 63 18 50 39 71 36 31 5 48 90 85 31 70 6 86 16 63 37 73 55 55 72 39 10 99 86 60 78 45 90 6 49 26 12 21 30 19 6 20 40 34 62 10 77 89 92 56 10 81 97 74 31 44 28 57 43 86 73 75
91 74 31 19 89 25 98 57 49 48 75 42 87 38 78 31 58 51 95 24 14 51 5 95 78 29 96 81 81 92 16 30 64 86 88 51 70 10 48 29 22 56 29 30 78 45 14 37 2 81 52 91 21 73 75 49 34 81 50 89 13 27 29 80 12 21 87 47 20 53 80 39 4 35 31
92 23 76 31 60 87 41 96 53 24 86 92 23 89 41 82 53 6 47 59 91 33 72 68 87 48 75 40 51 85 74 38 5 22 21 75 20 15 72 72 6 40 36 67 23 12 88 20 31 46 79 36 72 6 41 81 14 76 99 51 1 79 84 81 20 13 54 32 83 44 60 88 39 85 54
83 92 24 45 96 87 66 62 36 81 35 86 93 39 28 68 12 62 26 40 77 22 86 94 6 99 57 25 79 11 84 38 66 10 85 86 73 70 19 97 31 80 19 22 91 47 90 38 35 69 73 25 1 87 79 65 89 34 46 90 81 84 50 29 28 13 97 51 36 75 42 27 97 54 32
51 19 97 55 39 6 92 27 21 36 16 87 80 65 21 64 8 86 93 46 91 91 8 53 26 38 26 62 79 18 83 90 98 21 8 47 53 86 84 53 76 8 86 13 18 88 93 97 97 61 36 15 6 13 87 72 57 65 7 19 51 58 33 70 32 63 96 78 63 76 69 26 45 90 54
75 74 52 8 57 27 83 89 95 44 81 24 40 3 91 53 1 79 20 35 43 39 41 75 3 67 9 76 89 25 33 28 17 24 97 48 98 48 83 70 18 62 95 28 96 3 44 55 47 59 16 90 58 64 13 21 15 74 90 23 99 84 30 4 11 34 85 29 37 60 49 36 15 35 95
32 59 52 50 84 26 15 37 82 71 56 75 48 86 78 64 47 93 26 4 25 62 4 17 34 54 24 97 85 16 83 55 62 55 78 28 68 74 37 82 98 63 56 67 22 18 10 80 58 33 67 16 55 81 84 59 51 49 42 75 5 39 33 22 21 10 15 53 63 87 6 10 58 66 29
95 71 35 26 84 38 98 82 53 92 25 19 5 31 18 27 4 54 19 24 77 83 82 28 46 38 82 57 32 34 77 3 82 25 36 74 60 80 16 75 93 25 14 31 84 8 72 58 63 79 33 25 87 67 86 68 79 80 4 54 10 65 21 7 36 33 51 65 38 79 5 9 24 6 71
57 41 53 76 24 10 4 12 71 31 85 60 88 21 90 57 32 95 98 24 44 2 41 8 60 6 87 69 45 87 97 95 39 70 49 92 82 55 41 8 86 58 44 50 53 53 62 30 21 11 37 37 50 15 63 98 56 51 91 58 33 79 90 8 88 16 46 67 87 76 46 68 37 96 34
81 11 49 8 14 78 40 11 24 91 69 83 14 2 65 3 62 79 71 2 93 37 16 47 70 42 36 17 49 9 94 19 64 89 37 49 85 56 9 44 71 83 41 91 86 76 33 8 74 83 38 42 57 32 15 94 64 58 59 59 89 42 39 72 53 1 15 12 44 82 48 52 13 50 89
79 57 60 23 73 68 80 11 19 50 36 73 39 26 89 78 46 49 86 96 26 65 92 2 74 97 92 54 28 76 50 93 81 44 28 95 23 22 29 95 47 53 26 21 3 99 9 85 22 91 60 7 15 71 2 14 64 4 33 56 71 62 22 63 38 69 72 89 58 32 48 44 64 37 24
78 3 99 47 91 35 84 2 36 11 68 29 77 74 54 75 86 16 36 2 72 95 67 35 16 72 1 38 15 21 60 16 29 44 4 46 37 68 49 93 49 80 82 51 6 31 43 17 31 9 71 39 28 81 19 32 6 73 71 14 39 79 93 45 67 77 81 61 11 10 52 68 62 55 12
41 15 75 21 17 74 98 76 8 80 77 95 16 36 92 98 27 15 72 95 49 5 22 57 9 49 23 52 61 18 75 15 37 68 2 73 13 94 82 26 89 18 27 26 74 10 10 81 45 90 53 80 67 2 51 52 46 75 38 49 14 57 92 15 78 7 29 7 97 87 63 95 72 67 99
66 43 19 83 61 19 52 51 46 25 12 32 65 96 94 1 53 93 88 95 32 27 79 71 73 5 70 98 70 92 91 17 81 12 23 56 67 72 52 30 27 2 12 58 86 48 81 44 23 67 96 63 55 51 12 29 82 89 23 80 47 75 84 72 29 94 1 70 68 88 27 15 19 57 14
14 36 73 64 92 4 71 36 5 70 47 11 28 26 19 32 83 11 73 42 98 31 33 32 91 5 13 3 69 63 21 68 54 45 68 69 92 90 28 21 70 99 76 41 68 74 38 62 68 72 28 13 92 44 4 61 42 99 73 71 85 33 45 82 94 93 4 19 60 20 38 1 78 82 70
84 36 12 2 15 92 90 6 65 31 10 19 68 83 1 49 73 93 77 1 30 81 98 56 48 10 56 48 63 5 73 1 57 99 72 14 30 22 30 46 99 96 32 34 79 48 2 27 62 19 50 19 42 41 88 93 88 69 19 92 5 98 86 42 71 5 72 3 71 24 19 17 73 93 50
89 71 86 25 11 85 66 36 10 44 4 56 50 85 90 74 43 90 57 95 92 80 30 91 77 62 7 27 64 49 4 76 80 25 26 38 68 34 96 97 56 59 59 96 46 40 66 6 64 19 10 48 89 30 97 74 37 13 12 74 59 77 70 74 1 96 36 13 50 92 3 83 68 46 7
54 70 96 97 94 42 55 12 32 13 39 62 93 27 56 59 78 30 27 63 56 87 99 10 92 31 46 37 39 39 54 19 16 93 57 35 2 30 18 5 2 33 19 55 82 63 28 96 8 4 25 75 1 82 56 72 55 47 65 28 74 73 40 17 26 73 3 87 66 82 1 54 99 81 46
39 9 71 14 42 78 12 96 8 83 63 14 98 19 67 8 21 14 65 66 66 86 83 66 77 36 91 64 4 90 73 31 84 18 74 61 72 90 12 71 44 87 7 68 5 8 99 47 18 36 44 41 51 74 38 86 61 22 6 98 37 17 1 58 41 56 14 85 76 89 72 36 17 63 87
57 93 58 38 62 26 31 42 70 8 66 17 96 95 35 1 21 76 6 1 26 62 24 51 28 1 44 13 55 49 56 8 84 69 17 48 2 73 16 97 95 90 51 21 13 47 45 31 72 98 85 96 3 58 91 39 42 7 93 29 15 62 60 45 23 22 94 13 54 51 39 88 33 16 63
37 5 98 85 19 15 34 33 8 29 3 6 51 60 69 11 66 64 91 81 61 38 10 21 91 78 41 50 49 10 90 36 65 82 31 96 77 31 10 61 92 1 50 9 24 47 9 27 48 29 66 48 93 98 27 71 28 31 76 41 56 50 58 45 65 15 15 25 40 37 50 22 25 39 72
52 22 70 31 2 47 48 43 62 69 93 29 12 38 68 81 5 64 41 1 21 8 52 86 8 37 81 82 40 20 29 19 45 6 48 41 96 18 82 81 40 49 61 94 8 32 93 87 77 9 30 99 86 10 58 54 9 38 83 52 23 1 5 79 71 54 37 41 52 18 36 29 31 6 39
21 64 5 77 4 74 61 74 76 99 70 74 30 97 90 86 58 57 45 32 5 88 37 13 45 3 1 18 95 94 4 24 38 18 84 46 59 32 72 17 61 81 38 59 16 59 43 37 6 71 31 61 14 2 91 23 79 71 62 9 3 70 15 51 6 33 12 59 4 11 33 24 29 90 78
17 48 31 60 38 81 11 89 41 97 76 52 55 73 39 12 43 76 28 97 36 66 39 85 3 78 50 4 40 39 70 42 16 97 77 23 30 99 48 63 3 15 50 79 91 1 79 1 22 7 72 68 98 84 68 4 84 54 29 57 99 66 51 12 22 13 2 70 4 55 48 39 54 43 84
85 53 19 92 56 95 84 65 84 84 64 88 75 71 84 2 47 81 91 92 68 82 65 64 66 91 78 69 10 80 97 65 24 16 22 56 66 34 71 45 28 61 91 38 69 5 66 40 11 67 98 39 57 37 20 43 64 91 22 79 13 52 22 94 10 84 57 33 20 52 75 5 3 33 23
30 26 5 79 35 97 59 16 13 17 98 60 38 21 97 47 39 39 3 92 29 22 43 46 84 85 36 63 14 99 55 80 37 55 83 81 39 49 26 76 35 30 53 50 64 7 79 67 13 38 27 27 56 38 36 2 19 39 99 70 91 98 21 53 85 37 61 56 66 73 31 45 69 48 94
45 88 56 44 72 94 94 33 30 81 52 66 25 4 59 71 20 98 79 98 28 63 61 80 13 49 57 91 33 22 31 24 49 91 1 70 72 74 28 67 42 54 77 14 42 67 78 23 25 5 42 96 59 94 94 57 14 47 12 32 90 62 91 95 79 96 75 89 32 9 12 83 80 58 90
18 72 40 76 25 98 79 66 39 63 82 24 90 57 2 94 35 62 70 56 24 5 16 81 36 79 2 13 98 70 97 81 3 16 71 78 21 36 95 77 56 31 80 78 62 48 70 96 44 41 58 20 53 31 87 46 88 28 12 61 1 86 47 38 91 40 33 19 57 4 82 35 88 27 40
58 20 68 25 71 44 71 40 11 54 34 12 26 35 90 82 9 90 78 41 55 51 19 26 47 38 65 40 77 33 76 32 75 35 44 23 72 47 68 44 59 41 98 55 79 36 34 51 90 52 54 62 69 99 1 33 94 89 3 73 98 75 89 97 93 45 37 78 74 19 40 82 11 85 33
29 82 1 95 80 65 86 6 6 54 11 32 47 45 16 52 6 2 34 88 89 32 17 96 2 21 61 70 60 19 57 49 73 51 11 51 92 2 53 98 8 25 16 49 51 96 69 59 13 99 9 45 46 75 20 30 8 4 12 93 71 81 11 84 3 12 33 1 45 46 12 54 44 70 23
80 68 83 11 83 10 70 27 22 3 60 2 85 3 29 17 25 73 79 78 16 72 70 62 6 16 53 19 37 17 23 42 93 96 67 80 94 45 27 54 11 99 30 64 88 94 17 46 14 78 33 37 51 30 97 43 49 12 86 5 76 40 75 58 48 86 90 76 15 97 4 91 22 71 24
16 31 22 11 31 18 45 90 76 2 6 26 12 56 38 80 89 50 65 97 29 13 7 71 69 58 32 53 10 38 1 41 91 74 20 71 44 7 86 8 4 74 95 67 36 24 25 98 89 4 94 82 57 79 78 73 41 42 65 7 13 90 27 77 49 86 32 55 43 85 91 98 23 66 20
1 43 39 12 26 25 80 66 18 63 78 61 64 11 22 60 85 91 36 72 50 36 26 68 82 70 8 9 98 31 21 5 50 82 45 20 67 99 86 39 90 41 63 71 52 73 51 79 3 11 24 65 55 62 34 76 59 43 17 89 90 84 6 86 10 20 84 40 27 2 28 72 10 75 28
70 68 30 19 79 92 12 22 21 33 7 83 42 95 65 12 97 77 53 37 70 2 87 69 9 66 65 44 53 56 87 15 34 75 64 68 69 4 47 75 99 68 99 15 56 95 21 50 23 22 23 9 67 28 22 38 68 3 3 26 20 8 51 18 86 51 25 8 97 19 74 23 48 32 19
45 88 93 47 92 46 95 44 78 97 60 33 9 60 46 6 40 35 26 79 5 30 79 54 69 49 21 80 85 20 22 70 66 6 48 10 70 24 47 95 96 62 10 60 40 31 16 44 79 2 93 64 25 32 34 25 72 81 67 69 17 87 56 97 44 34 16 5 35 54 97 96 19 57 64
7 59 50 20 38 30 8 70 34 65 52 46 27 3 63 70 80 10 75 30 24 85 90 51 9 22 12 27 60 80 8 43 80 9 74 17 15 16 94 97 68 42 76 3 40 17 81 60 73 67 52 85 25 18 83 91 32 8 27 64 57 39 23 64 34 36 32 81 66 33 84 55 14 80 23
45 33 1 40 77 30 54 51 44 20 37 96 19 47 11 16 72 26 31 37 62 21 16 33 8 20 84 6 60 76 78 97 79 11 57 34 59 54 74 83 77 38 63 45 38 66 42 77 8 92 16 62 48 64 24 18 68 20 4 12 49 4 31 3 79 12 2 82 7 87 40 39 2 85 92
33 16 53 23 5 9 57 80 37 47 28 34 63 35 92 40 46 71 95 4 77 17 31 77 40 40 75 98 14 40 48 97 76 23 42 37 94 41 90 99 84 31 38 4 93 12 18 76 55 64 11 64 47 53 33 8 97 14 11 14 93 33 29 28 53 96 50 17 68 33 87 37 61 10 54
98 55 90 52 48 77 90 67 27 75 77 78 65 71 65 57 38 6 11 49 76 71 68 85 97 41 33 88 11 13 45 39 62 44 87 55 63 29 71 44 41 56 24 14 42 15 56 2 90 95 34 95 44 86 13 28 5 32 9 3 50 28 20 72 19 87 58 16 38 81 47 79 40 3 93
27 54 92 40 46 41 15 19 19 75 57 67 4 34 8 41 58 66 73 9 27 64 96 17 9 90 20 73 50 82 2 50 8 93 19 17 32 62 4 79 16 4 20 83 56 86 47 80 16 83 2 33 47 58 64 66 49 48 80 77 35 56 54 28 69 34 12 61 37 22 7 87 58 94 51
93 23 70 50 36 43 65 8 89 87 35 29 96 69 34 56 22 89 27 25 16 24 39 78 69 23 72 9 49 2 2 41 71 16 19 36 36 32 2 42 91 28 21 86 88 67 64 19 22 2 88 55 98 78 18 69 15 55 88 26 32 34 83 88 96 49 93 81 10 43 70 69 36 93 44
91 91 90 19 78 27 19 61 90 25 31 78 12 44 5 11 27 99 78 90 57 57 64 9 8 77 87 1 65 53 79 52 68 10 40 80 3 60 66 4 58 35 20 34 31 1 88 16 15 27 77 76 48 55 86 88 89 47 81 50 66 16 28 3 69 16 82 91 39 77 41 16 46 90 91
53 73 62 50 1 24 30 45 4 43 68 12 96 59 52 2 55 62 12 72 92 45 37 77 55 6 89 1 69 55 65 85 89 78 47 37 85 87 7 21 82 51 11 61 50 87 41 27 49 1 8 79 88 45 3 18 33 34 3 67 43 4 17 12 92 38 19 27 53 31 68 86 20 56 16
93 5 44 93 15 84 73 99 82 97 85 63 79 59 18 7 93 57 80 84 77 41 17 9 46 13 32 89 49 86 20 72 28 88 1 53 57 86 68 12 76 1 11 81 32 61 81 52 5 47 89 33 83 57 2 97 88 71 28 90 10 95 16 27 44 2 64 41 25 76 32 98 53 5 9
87 63 43 61 19 47 29 69 29 17 93 65 70 77 84 78 3 35 53 72 3 11 53 82 85 13 3 86 25 98 81 15 90 86 54 39 39 65 32 43 84 31 94 98 68 75 39 72 22 94 97 97 3 88 97 32 79 13 81 20 98 5 41 49 79 97 20 39 61 64 72 93 9 37 96

Demandas:
0 0 0 0 1 0
0 1 0 0 0 0
0 0 1 0 0 0
1 0 0 0 0 0
0 0 0 1 0 0
0 1 0 0 0 0
0 0 0 0 0 1
0 0 0 0 0 1
0 0 1 0 0 0
0 1 0 0 0 0
0 0 0 0 0 1
0 1 0 0 0 0
0 1 0 0 0 0
0 0 0 1 0 0
0 0 1 0 0 0
0 0 0 0 0 1
0 0 0 0 1 0
0 0 0 0 1 0
0 0 0 0 1 0
0 0 1 0 0 0
0 1 0 0 0 0
0 0 1 0 0 0
0 1 0 0 0 0
0 0 1 0 0 0
0 0 0 0 1 0
0 0 1 0 0 0
0 0 1 0 0 0
0 1 0 0 0 0
0 0 0 1 0 0
1 0 0 0 0 0
0 1 0 0 0 0
0 1 0 0 0 0
1 0 0 0 0 0
0 0 0 0 1 0
0 0 0 0 1 0
0 0 1 0 0 0
0 0 1 0 0 0
0 0 0 0 0 1
1 0 0 0 0 0
0 1 0 0 0 0
0 0 1 0 0 0
0 0 0 0 1 0
0 0 0 1 0 0
1 0 0 0 0 0
0 0 0 0 1 0
1 0 0 0 0 0
0 0 0 1 0 0
0 0 0 0 0 1
0 0 0 0 0 1
1 0 0 0 0 0
0 0 0 1 0 0
0 0 0 0 0 1
1 0 0 0 0 0
0 0 0 0 1 0
0 0 0 1 0 0
1 0 0 0 0 0
0 0 1 0 0 0
1 0 0 0 0 0
0 0 1 0 0 0
1 0 0 0 0 0
0 0 0 1 0 0
0 0 0 1 0 0
0 0 0 0 0 1
0 0 0 1 0 0
0 0 0 1 0 0
1 0 0 0 0 0
1 0 0 0 0 0
1 0 0 0 0 0
0 0 1 0 0 0
1 0 0 0 0 0
0 0 0 0 0 1
0 0 0 0 1 0
1 0 0 0 0 0
0 0 0 1 0 0
0 0 0 0 0 1
0 0 0 0 1 0
0 0 0 0 0 1
0 0 0 0 0 1
0 0 1 0 0 0
1 0 0 0 0 0
1 0 0 0 0 0
0 0 1 0 0 0
0 0 0 0 1 0
0 0 0 0 1 0
0 0 1 0 0 0
0 0 0 1 0 0
1 0 0 0 0 0
0 1 0 0 0 0
0 1 0 0 0 0
0 1 0 0 0 0
0 1 0 0 0 0
0 0 1 0 0 0
0 1 0 0 0 0
0 0 0 0 0 1
0 0 0 0 1 0
0 1 0 0 0 0
1 0 0 0 0 0
0 0 1 0 0 0
0 1 0 0 0 0
0 0 0 1 0 0
0 0 0 1 0 0
0 0 1 0 0 0
0 1 0 0 0 0
1 0 0 0 0 0
0 1 0 0 0 0
1 0 0 0 0 0
0 0 0 1 0 0
0 0 0 1 0 0
0 0 0 0 0 1
0 0 0 1 0 0
0 0 0 1 0 0
0 0 0 0 1 0
0 0 0 0 1 0
0 1 0 0 0 0
0 1 0 0 0 0
0 0 1 0 0 0
0 1 0 0 0 0
0 1 0 0 0 0
0 0 0 0 0 1
1 0 0 0 0 0
0 0 0 1 0 0
1 0 0 0 0 0
0 0 0 1 0 0
0 0 0 1 0 0
1 0 0 0 0 0
0 1 0 0 0 0
0 0 1 0 0 0
0 1 0 0 0 0
0 0 0 0 1 0
0 1 0 0 0 0
0 0 0 0 0 1
0 1 0 0 0 0
1 0 0 0 0 0
1 0 0 0 0 0
1 0 0 0 0 0
0 1 0 0 0 0
0 0 0 1 0 0
0 0 1 0 0 0
1 0 0 0 0 0
0 0 0 0 1 0
0 0 0 0 1 0
0 0 0 0 0 1
0 0 0 0 1 0
0 0 0 0 0 1
1 0 0 0 0 0
0 0 0 1 0 0
0 0 0 0 0 1
1 0 0 0 0 0
0 0 0 0 0 1
0 1 0 0 0 0
0 0 0 1 0 0
0 0 0 0 1 0
1 0 0 0 0 0
0 0 0 0 1 0
0 0 0 0 0 1
0 1 0 0 0 0
0 0 1 0 0 0
0 0 0 1 0 0
0 0 0 1 0 0
1 0 0 0 0 0
0 0 0 0 0 1
0 0 0 0 0 1
1 0 0 0 0 0
1 0 0 0 0 0
0 0 0 1 0 0
0 0 0 0 0 1
0 0 0 0 0 1
0 0 0 1 0 0
0 0 0 0 0 1
0 0 1 0 0 0
1 0 0 0 0 0
1 0 0 0 0 0
0 0 0 1 0 0
0 0 0 1 0 0
1 0 0 0 0 0
0 0 0 0 1 0
0 0 1 0 0 0
0 0 0 0 0 1
0 1 0 0 0 0
0 0 0 1 0 0
0 0 1 0 0 0
1 0 0 0 0 0
1 0 0 0 0 0
0 0 0 1 0 0
1 0 0 0 0 0
0 0 0 0 0 1
0 0 0 0 1 0
0 1 0 0 0 0
0 0 1 0 0 0
0 1 0 0 0 0
1 0 0 0 0 0
0 0 0 0 0 1
0 0 0 1 0 0
0 0 0 1 0 0
0 1 0 0 0 0
0 1 0 0 0 0
0 0 0 0 0 1
0 0 0 0 0 1
0 0 0 1 0 0
0 0 0 0 0 1
0 0 0 1 0 0
0 0 0 0 1 0
0 0 0 0 0 1
0 0 0 1 0 0
0 0 0 0 1 0
0 0 1 0 0 0
0 1 0 0 0 0
0 0 0 0 0 1
0 1 0 0 0 0
0 0 1 0 0 0
0 0 0 0 0 1
1 0 0 0 0 0
0 0 0 1 0 0
0 1 0 0 0 0
1 0 0 0 0 0
0 0 0 0 0 1
0 0 0 0 0 1
0 0 0 0 1 0
0 0 0 1 0 0
1 0 0 0 0 0
0 0 1 0 0 0
1 0 0 0 0 0
1 0 0 0 0 0
0 0 1 0 0 0
1 0 0 0 0 0
0 0 0 0 1 0
0 0 0 0 1 0
0 0 0 0 0 1
0 0 0 1 0 0
0 0 0 0 1 0
0 0 1 0 0 0
0 0 1 0 0 0
0 0 0 0 1 0
0 0 1 0 0 0
0 0 0 1 0 0
1 0 0 0 0 0
0 0 0 1 0 0
0 0 0 0 1 0
0 0 0 0 1 0
0 0 0 0 1 0
0 0 0 0 0 1
0 0 0 0 0 1
1 0 0 0 0 0
0 0 1 0 0 0
0 0 0 0 1 0
0 0 1 0 0 0
0 0 0 1 0 0
0 0 0 1 0 0
0 0 0 0 1 0
0 0 1 0 0 0

Capacidades:
2 3 4 3 1 1
2 4 2 3 4 2
4 1 1 2 2 1
0 3 3 3 2 0
0 2 3 1 4 0
0 3 1 0 1 4
1 1 0 4 3 0
0 0 4 4 2 1
4 1 0 4 1 3
4 2 1 3 4 2
2 1 0 3 4 4
0 0 3 1 1 3
3 3 3 1 0 1
3 2 3 0 2 2
1 0 1 4 3 1
4 3 4 1 4 0
0 0 1 0 0 1
4 2 3 2 0 0
1 4 0 2 4 2
0 2 2 3 4 1
1 4 3 3 1 2
3 2 4 1 2 4
1 3 3 2 2 2
2 3 0 3 1 4
2 1 1 1 3 1
2 0 2 2 3 2
1 1 1 1 3 2
1 3 4 2 2 1
2 0 2 0 0 2
3 3 3 2 1 4
1 1 3 2 3 1
0 2 1 0 1 1
2 2 4 2 4 3
2 1 4 0 4 0
2 2 2 0 0 4
3 0 0 1 2 2
4 3 0 0 1 3
1 3 2 0 2 3
4 3 0 3 3 2
1 3 1 1 1 0
4 1 4 1 1 4
1 3 1 4 1 0
3 1 3 3 1 2
3 4 0 3 4 1
2 4 2 4 3 4
4 1 3 2 2 0
2 4 1 3 2 1
1 0 0 0 0 4
0 0 2 0 4 0
2 4 2 3 2 4
3 3 4 4 2 0
1 4 4 1 0 4
0 0 0 2 2 1
4 2 2 1 3 4
4 0 3 0 3 1
1 3 1 3 2 1
1 4 4 2 1 2
1 2 2 2 2 4
3 2 0 0 1 3
2 2 2 4 0 2
2 2 2 4 0 0
4 2 0 2 2 2
0 3 1 4 0 4
3 1 3 2 1 3
3 4 3 4 2 3
3 2 1 4 1 1
3 4 1 1 4 4
3 2 4 3 2 4
1 3 0 1 1 2
1 1 4 3 2 4
2 3 3 1 0 4
4 1 4 1 4 3
1 2 0 2 3 2
4 2 2 3 4 2
4 2 3 2 1 4
