m: 250
n: 50
k: 6

Distancias:
85 98 28 94 62 1 52 93 29 75 27 71 64 29 39 33 29 75 75 96 51 28 75 45 24 8 63 6 50 68 36 28 12 47 44 5 70 55 47 28 91 24 16 86 9 77 64 45 77 94
53 79 18 68 42 23 74 95 16 61 87 95 69 76 20 68 42 50 71 90 87 62 54 78 38 81 66 7 25 37 29 29 95 93 25 62 98 35 58 74 51 18 34 66 26 28 48 18 9 18
59 95 33 43 76 89 18 62 32 64 62 55 62 39 34 16 67 94 81 8 3 48 65 86 29 34 88 52 90 28 80 15 75 61 47 26 90 73 68 74 11 29 45 61 15 80 98 73 87 40
47 28 29 3 20 26 94 84 82 5 99 75 78 61 30 16 7 22 79 87 96 56 11 98 3 60 6 64 81 57 31 12 75 7 76 10 62 26 27 47 87 12 91 12 52 91 92 73 50 77
21 64 85 96 86 65 76 43 72 85 11 87 64 35 69 23 67 50 3 99 4 18 40 89 61 5 14 22 32 2 64 16 81 87 60 95 38 91 80 49 31 63 45 29 4 84 93 37 48 30
63 14 40 66 87 59 65 7 96 6 29 26 57 44 92 26 12 58 74 37 23 86 30 37 48 34 41 2 78 95 32 41 10 53 12 43 81 77 76 65 89 60 91 62 1 74 2 32 86 42
93 81 43 98 45 47 97 50 1 61 92 47 44 71 69 91 9 79 7 97 85 98 48 81 79 73 20 36 24 91 81 38 22 92 22 9 59 13 23 58 83 77 13 31 81 67 28 69 67 71
17 13 86 29 54 66 54 71 88 84 3 38 16 88 72 69 9 91 70 57 33 63 37 69 62 63 65 20 1 40 9 72 66 36 81 45 13 93 14 85 99 3 54 8 77 64 1 68 95 33
40 7 94 99 2 4 9 84 4 56 68 17 92 31 61 69 24 49 44 70 26 28 76 39 65 5 37 51 4 10 56 77 35 42 50 1 87 83 61 86 62 15 40 82 53 46 14 86 18 63
43 53 3 6 40 62 38 76 19 31 88 60 71 96 64 39 84 23 35 83 74 1 13 59 27 22 61 99 24 79 62 58 18 89 17 91 59 24 1 69 55 90 85 59 27 45 27 62 57 96
82 25 41 4 8 68 94 49 23 81 56 75 71 64 98 29 60 73 43 8 6 36 89 76 83 44 16 84 17 80 45 76 20 66 12 48 21 15 56 43 38 7 79 53 43 45 68 97 74 25
57 33 99 4 16 73 91 64 61 6 29 61 57 19 9 91 45 86 18 67 76 94 28 91 23 3 12 76 57 91 70 68 78 4 36 11 3 88 2 49 87 20 61 51 65 53 75 32 33 77
80 40 28 53 70 79 82 37 92 23 40 85 37 8 58 59 30 60 77 59 37 55 28 72 62 54 76 76 13 24 51 56 13 61 99 28 35 76 97 42 99 77 1 55 10 99 43 39 67 23
98 1 85 42 43 68 59 59 48 60 20 24 55 1 57 24 43 65 94 97 84 6 27 67 71 67 78 46 54 73 30 39 93 22 77 64 98 65 8 91 7 69 63 4 48 14 47 76 72 87
98 7 3 61 32 31 16 51 32 90 62 54 16 54 13 55 37 75 41 26 4 97 24 21 51 9 6 60 15 23 48 11 4 89 95 12 15 78 34 88 49 23 4 28 43 84 86 30 79 58
93 31 51 11 36 69 39 32 24 36 17 21 17 13 94 94 57 81 74 4 34 36 42 20 87 8 13 73 51 59 36 43 76 52 79 61 14 77 2 58 24 38 61 33 31 58 68 92 45 93
78 32 83 71 67 85 33 40 67 39 57 83 41 6 6 4 85 10 36 7 91 8 75 91 30 39 80 6 65 32 30 57 74 46 96 52 62 56 90 11 19 59 49 9 21 5 44 68 85 74
72 7 49 51 45 96 94 29 91 34 21 40 10 85 30 84 64 1 17 42 93 3 70 37 47 2 41 6 59 39 91 58 81 70 19 4 16 17 66 54 25 87 14 35 89 60 31 39 96 75
81 51 40 52 97 65 87 91 47 6 64 15 34 73 48 78 80 87 39 20 13 3 35 97 1 43 61 73 9 83 87 28 66 82 70 81 57 32 5 44 59 83 58 96 35 62 43 22 94 28
23 99 57 90 66 38 45 46 36 37 11 24 34 50 74 19 19 43 34 12 63 84 62 38 98 82 24 9 68 43 99 73 27 24 95 94 21 56 88 16 41 66 6 58 55 59 67 55 93 49
35 83 9 60 67 83 46 51 15 61 80 63 54 2 73 6 31 76 71 15 9 35 81 50 53 47 10 35 19 8 10 64 57 44 95 30 13 90 1 5 45 34 29 3 13 20 70 90 7 49
95 87 78 22 95 45 95 92 23 46 10 17 29 16 50 69 4 37 24 85 85 28 95 23 29 50 28 33 98 15 20 2 37 99 1 96 15 6 58 84 50 6 98 28 30 71 17 92 37 21
43 99 77 16 73 27 7 14 79 62 68 14 75 16 5 50 60 41 71 28 7 3 69 82 8 88 78 66 87 58 17 45 11 54 37 71 68 18 29 19 99 95 88 15 53 51 23 2 28 90
83 1 21 89 59 98 47 32 82 62 17 98 66 76 30 51 31 42 99 7 56 5 72 17 35 82 58 26 22 75 73 83 86 98 32 25 53 33 93 28 48 55 36 37 25 21 58 97 1 82
50 76 72 52 65 39 85 15 72 58 45 34 4 1 21 16 10 27 24 56 60 39 1 78 55 61 40 18 62 7 91 8 75 11 51 65 47 64 14 21 12 14 30 97 20 27 99 1 97 58
25 92 46 92 5 27 36 86 64 51 91 58 43 85 22 50 43 37 43 25 88 64 87 90 64 28 39 71 86 92 55 45 55 70 99 70 32 9 43 31 42 72 36 8 93 39 51 1 33 96
82 75 75 81 78 37 69 56 74 32 94 80 43 7 98 64 17 62 60 45 55 53 65 23 3 55 75 72 5 51 55 33 20 1 42 88 65 77 13 91 85 25 47 9 92 6 11 22 13 9
19 55 86 7 15 79 48 74 37 57 94 21 49 28 31 20 49 34 15 29 98 17 62 68 96 71 33 52 13 62 15 45 81 85 53 24 63 46 88 17 81 32 40 24 48 20 27 39 25 15
39 89 69 87 85 82 28 49 34 60 26 29 68 22 93 11 64 86 17 32 65 15 41 39 38 49 10 85 81 92 83 41 3 41 68 5 47 58 49 35 55 52 8 62 13 53 84 2 71 53
32 59 24 1 94 57 98 26 79 66 58 66 36 55 48 21 14 50 85 16 23 35 50 66 34 38 24 10 11 7 12 84 20 16 44 3 89 36 47 73 49 80 71 92 85 41 19 99 12 4
60 36 97 46 62 98 28 56 67 96 65 57 52 19 91 8 81 43 25 53 3 44 44 46 20 15 78 36 58 2 80 25 48 96 71 30 79 73 19 62 86 58 56 69 74 26 11 8 21 14
60 2 73 64 19 17 95 61 38 63 6 14 86 56 71 22 22 41 42 66 77 12 61 89 46 20 91 27 1 52 81 15 1 24 90 95 54 59 57 88 97 66 51 82 47 54 77 46 84 53
45 14 37 42 71 62 97 74 53 45 28 91 13 87 96 77 10 7 57 94 78 18 33 32 15 40 37 47 6 67 73 43 55 50 86 83 58 21 5 51 74 95 26 5 6 9 45 15 92 31
84 70 34 7 58 33 49 54 21 41 44 40 16 88 87 80 48 62 5 49 28 14 17 25 5 33 31 42 48 8 49 19 41 21 93 69 60 27 70 90 54 47 27 26 21 6 96 65 3 18
71 34 97 73 96 9 19 28 63 35 40 77 12 74 31 53 51 59 1 79 2 98 53 15 76 61 20 10 4 75 3 20 54 76 98 39 63 69 21 49 11 39 99 79 31 57 85 54 76 73
64 76 94 7 56 92 18 25 8 58 1 73 22 72 76 58 48 85 42 4 97 7 26 34 86 78 14 60 21 33 75 51 85 36 89 85 76 66 84 67 22 50 23 71 88 97 21 60 96 19
73 60 48 5 79 4 26 88 12 10 95 98 15 42 92 73 88 54 66 43 97 62 55 18 60 11 34 3 3 74 40 59 88 58 91 10 27 83 76 17 76 54 65 43 96 96 82 47 55 77
35 89 59 60 41 21 51 94 46 65 61 58 49 61 8 39 53 30 86 51 43 56 4 93 22 61 3 34 92 23 45 3 93 15 11 12 69 99 32 85 47 15 76 9 41 21 84 68 39 66
42 49 60 96 36 79 71 6 71 93 1 68 29 58 7 64 49 58 39 72 6 93 6 55 19 6 35 10 82 24 11 55 76 34 59 97 4 69 28 38 92 90 4 79 19 75 94 10 6 36
34 48 29 78 70 55 69 67 20 39 37 90 13 32 66 40 45 19 73 35 67 3 33 87 7 43 57 6 27 7 98 42 27 30 39 90 63 5 16 3 40 5 46 82 72 50 9 73 98 89
32 51 93 91 4 75 42 20 83 50 27 57 13 10 60 73 36 79 93 39 92 6 51 35 49 82 79 20 18 36 76 65 58 16 31 61 3 41 56 60 41 1 68 34 81 45 15 74 22 42
5 30 29 24 9 5 70 31 24 72 18 6 8 57 21 20 56 92 25 16 37 70 64 47 97 7 98 64 68 56 36 65 66 77 42 69 32 62 16 86 15 51 64 39 29 70 58 59 21 88
19 26 15 86 47 15 60 19 11 38 46 92 73 73 97 97 73 60 33 67 31 53 23 40 10 63 87 25 52 18 12 92 29 33 37 60 27 42 39 46 90 80 83 80 38 17 96 19 59 98
84 73 69 11 70 44 58 64 91 32 74 54 75 98 77 53 2 62 44 82 90 78 70 54 92 96 45 61 91 96 58 67 86 47 32 33 26 39 94 13 72 51 19 87 89 84 79 63 58 81
62 24 22 92 73 81 25 62 6 97 79 39 53 94 85 89 30 63 85 19 57 42 21 21 71 15 66 85 96 52 58 35 5 41 61 29 69 62 72 67 22 3 16 27 20 96 14 16 73 57
20 3 90 36 43 77 79 72 36 82 10 82 69 43 52 60 79 79 8 11 16 19 73 63 80 20 27 26 85 2 7 24 43 32 18 73 33 6 40 78 79 40 74 57 31 81 71 77 66 12
87 43 92 37 67 76 4 23 79 39 33 50 71 1 85 85 36 12 76 87 97 99 19 27 42 66 15 89 98 26 38 72 97 86 9 6 74 89 41 24 91 66 11 25 83 27 53 99 94 27
48 10 27 77 50 46 1 11 45 28 99 88 54 59 80 34 27 96 32 33 2 11 13 46 91 49 50 21 60 81 49 57 66 24 89 6 91 54 98 78 58 76 95 14 73 82 17 52 52 99
51 37 99 10 44 6 20 58 62 8 23 35 61 86 41 80 56 29 18 92 45 54 23 86 69 74 42 8 78 85 42 9 65 22 89 10 70 9 5 89 99 19 42 98 9 65 76 6 32 19
50 49 18 99 15 58 97 46 47 67 35 79 39 56 35 44 81 56 77 59 89 99 85 80 40 77 5 29 73 38 69 41 23 34 50 25 80 56 33 76 38 33 44 90 51 77 79 5 42 70
4 60 25 71 95 12 9 47 54 27 76 63 87 92 64 73 81 64 10 59 8 23 84 94 21 50 88 64 48 31 52 12 56 32 1 82 98 86 50 88 86 62 31 83 75 10 82 26 83 47
8 48 95 20 80 65 42 9 13 6 9 98 70 36 13 42 64 43 40 88 4 33 37 87 69 74 71 79 72 45 14 91 51 44 94 69 80 18 94 39 68 98 13 84 81 67 94 52 66 49
89 9 76 83 83 62 62 60 14 82 91 56 34 84 8 87 89 41 37 44 31 13 26 28 48 41 99 12 91 73 87 59 18 45 6 97 55 88 73 74 50 44 21 91 2 89 77 15 67 22
53 83 10 88 8 66 16 96 89 6 53 35 66 62 64 21 42 86 21 58 14 62 34 95 24 74 56 38 66 33 79 32 93 25 75 94 2 95 94 12 54 63 67 18 89 79 11 66 77 72
35 47 48 28 84 67 5 88 7 97 8 27 87 46 48 13 16 80 40 6 6 15 55 90 44 47 2 32 64 50 39 96 83 79 86 25 3 63 35 9 1 52 12 82 60 19 46 71 68 9
74 98 88 42 63 47 47 77 6 63 33 26 99 8 78 64 12 62 31 59 48 44 61 52 87 41 16 21 4 51 47 26 30 48 42 85 75 33 79 50 46 78 41 55 57 28 39 4 83 60
93 31 51 55 47 70 24 21 62 7 98 83 82 18 47 43 15 31 7 12 94 35 84 36 97 89 45 24 36 56 97 76 42 41 52 66 80 69 17 91 58 84 52 71 42 56 85 92 14 97
43 63 89 37 99 95 15 71 4 74 19 15 85 98 46 37 49 7 15 61 33 21 99 48 53 96 96 48 75 39 85 81 67 32 12 37 92 53 76 72 54 45 84 81 16 14 2 28 33 28
43 78 59 77 79 67 17 1 2 85 23 80 33 24 18 14 15 35 18 67 55 60 55 3 80 56 18 12 96 29 38 27 36 2 9 80 96 51 23 4 29 37 43 8 75 94 86 63 90 71
30 50 37 86 20 57 72 80 56 38 95 8 74 26 78 27 49 34 93 19 96 93 10 80 16 25 75 53 10 67 99 58 17 9 39 92 48 35 69 69 50 42 47 69 38 54 93 57 28 37
6 15 68 16 30 10 45 83 60 50 45 31 84 8 94 35 73 33 59 3 6 67 45 10 56 9 42 84 48 79 43 14 24 37 24 3 64 97 90 95 79 9 4 14 30 51 64 94 26 82
84 50 95 58 90 73 76 8 55 98 44 48 61 12 64 68 60 17 5 33 86 97 63 60 10 65 2 23 50 71 74 75 66 2 32 29 1 56 51 19 65 58 4 15 97 99 72 84 39 36
66 67 66 64 20 1 21 22 64 78 55 7 98 59 95 58 66 88 84 42 30 84 47 26 45 57 8 30 71 83 8 57 95 42 59 20 48 97 89 47 8 14 92 1 91 95 10 70 32 84
29 44 12 15 16 41 33 94 67 23 59 18 42 13 43 44 17 2 39 21 28 92 98 66 2 49 95 66 94 25 81 45 27 4 89 19 15 19 47 27 17 98 29 49 14 78 18 98 71 6
9 73 15 81 95 36 56 66 93 9 77 25 98 96 39 61 6 99 34 37 94 6 18 28 84 15 54 2 92 20 34 43 86 51 4 31 43 34 92 25 52 91 84 80 5 23 12 32 2 38
10 1 22 95 72 99 12 20 58 88 4 37 30 20 13 64 16 71 6 69 63 18 19 45 43 10 50 28 5 16 2 58 55 83 1 89 65 7 32 27 57 53 62 72 77 33 69 19 29 39
37 95 16 39 76 17 29 82 48 87 68 1 69 49 75 64 86 59 56 87 23 49 30 70 38 92 81 95 13 59 62 52 5 55 6 50 16 5 41 80 78 25 94 53 40 45 21 41 42 27
58 31 31 46 62 9 4 59 12 92 72 26 96 52 95 9 18 77 92 81 9 93 8 6 75 38 51 53 2 9 59 40 36 58 90 84 2 29 54 4 44 47 91 12 10 58 10 40 33 95
68 21 77 32 24 71 95 60 88 24 11 57 45 32 52 24 4 5 29 38 67 71 53 20 38 92 28 33 95 6 29 17 37 8 37 64 98 20 38 90 77 59 27 44 3 85 45 92 26 70
21 72 9 12 1 91 16 1 56 22 86 47 90 87 78 98 55 96 6 86 33 24 28 31 69 17 78 46 99 50 82 74 77 80 67 93 58 45 90 45 2 42 61 89 74 62 37 54 43 59
21 33 76 66 44 17 86 40 41 47 16 32 91 63 20 61 95 42 39 26 76 94 1 41 35 53 9 74 57 53 67 26 2 52 37 72 21 40 54 89 2 76 32 27 77 11 59 10 97 48
31 27 55 10 74 17 34 91 80 55 48 21 81 84 43 13 83 42 23 76 73 16 3 47 4 1 95 50 8 1 1 78 40 53 38 65 11 17 83 56 73 46 76 63 39 88 23 87 57 33
66 55 30 93 98 19 66 44 28 43 42 29 80 72 35 13 33 74 98 38 72 81 86 83 29 11 27 92 95 2 5 39 23 61 10 95 10 78 6 19 94 59 76 18 97 3 31 29 4 80
71 28 33 17 63 27 91 29 89 93 23 84 35 69 48 26 15 54 49 88 70 56 9 87 49 25 29 34 56 13 89 3 84 17 52 97 77 11 2 80 76 8 68 30 46 94 83 39 60 12
44 80 90 87 64 4 16 6 44 59 34 95 26 47 67 75 29 17 92 54 32 79 79 74 37 62 77 20 14 14 98 14 13 34 16 17 51 95 46 35 31 72 59 13 81 60 67 80 9 62
84 56 68 7 67 45 34 64 49 89 46 71 96 23 51 6 55 85 13 1 22 61 61 81 33 58 10 33 75 83 64 4 30 18 24 17 72 56 75 32 99 94 19 92 54 31 8 74 54 60
85 7 5 19 54 21 7 45 92 65 44 66 27 68 26 46 71 79 42 12 28 62 95 77 85 19 75 79 72 2 42 73 99 53 89 41 63 86 36 92 7 87 17 20 8 42 55 52 78 39
60 26 14 53 65 92 77 83 27 38 1 53 42 26 27 99 52 32 68 48 75 12 84 74 44 5 96 35 29 58 52 16 2 54 81 7 51 53 50 15 52 54 77 30 91 48 38 21 64 65
54 97 50 34 62 61 75 84 10 37 8 73 46 88 38 54 90 68 18 21 61 98 79 99 75 36 66 37 80 2 82 73 3 88 10 44 19 89 28 47 2 70 80 92 38 62 86 71 49 96
56 63 13 95 10 27 1 15 11 67 5 75 27 36 43 68 52 72 82 51 7 98 87 99 35 99 75 40 10 23 33 98 78 82 17 64 95 2 99 22 33 36 94 59 89 47 58 92 37 29
17 16 40 78 64 44 11 22 61 73 39 75 67 13 82 62 58 14 50 54 71 12 68 4 36 48 21 32 16 27 53 47 58 63 65 31 29 96 35 82 57 32 31 53 83 69 58 46 11 83
39 26 92 19 60 31 66 14 80 22 15 92 71 48 98 26 88 59 11 37 13 80 75 80 19 62 55 24 54 59 8 5 99 34 19 14 79 62 42 13 95 62 86 29 91 20 64 83 61 28
42 74 82 93 69 17 9 60 42 37 45 80 60 32 68 46 30 2 69 77 6 47 68 78 51 33 55 81 16 68 35 87 9 51 52 84 29 44 42 56 18 54 48 7 57 82 37 41 26 46
96 16 54 55 55 50 72 30 58 14 80 86 13 50 77 14 9 58 91 63 74 7 86 46 11 5 92 79 42 58 35 45 97 16 23 97 21 34 11 43 93 81 38 53 2 99 69 58 30 96
3 11 69 92 97 64 5 28 75 61 82 13 1 60 10 40 64 85 68 1 97 97 46 69 59 22 70 22 93 80 82 61 46 43 98 6 94 71 16 97 24 50 73 49 67 22 80 24 45 14
36 19 98 13 66 17 98 87 40 97 50 39 89 54 16 94 1 55 25 72 93 65 30 1 77 64 31 18 67 27 41 2 17 28 12 9 67 84 3 38 97 75 66 48 1 20 22 82 68 51
69 94 73 65 53 86 84 58 28 37 9 65 33 95 71 23 23 74 82 57 87 21 64 71 41 83 64 59 68 6 70 33 61 18 3 94 86 68 17 34 18 48 1 72 2 97 55 8 13 16
88 78 68 7 58 55 12 55 20 32 69 9 29 87 90 68 39 81 81 89 84 21 40 63 39 72 72 13 20 73 9 24 62 14 92 22 49 21 9 47 31 86 71 90 17 38 97 42 68 98
76 78 28 26 56 52 12 82 31 67 22 65 61 17 35 55 6 59 92 81 23 94 3 54 26 55 58 30 68 10 41 22 26 17 52 93 76 99 74 55 26 21 84 83 26 67 99 22 73 79
19 69 78 45 4 7 63 70 21 73 50 54 24 60 99 42 50 59 51 54 15 27 29 17 4 46 91 21 65 35 58 75 32 37 11 41 20 88 77 95 18 2 89 12 60 63 92 52 56 82
64 61 8 47 41 89 2 60 32 85 71 76 8 30 36 46 74 22 19 49 99 18 83 71 56 82 6 31 57 7 86 19 29 65 89 64 24 63 66 55 81 1 92 17 66 69 10 58 6 99
83 13 5 79 34 46 75 15 88 28 82 78 75 69 67 59 96 31 14 96 7 38 11 7 89 45 53 60 89 82 36 43 38 31 29 97 6 48 46 14 60 94 93 43 50 94 7 55 87 5
85 29 42 43 96 22 45 56 66 61 61 88 26 62 31 27 17 46 98 57 38 12 56 81 43 17 3 37 70 59 25 37 23 88 14 62 26 10 73 42 19 20 17 2 26 39 70 11 55 97
81 10 23 20 30 81 36 99 42 88 8 55 65 67 91 87 9 39 30 84 49 58 67 44 39 61 12 80 85 49 76 60 49 31 5 30 74 76 47 40 96 25 66 52 81 66 53 32 44 40
55 96 98 53 52 14 69 24 9 66 94 34 86 95 59 92 4 24 39 51 21 76 72 58 26 12 26 47 82 47 45 95 25 65 54 52 44 33 17 11 91 43 33 2 91 88 12 71 8 19
59 43 16 47 66 53 83 60 79 31 54 39 83 83 67 90 54 51 9 23 91 32 13 44 57 92 88 52 73 38 67 75 22 10 88 60 22 63 97 25 81 9 22 79 32 6 25 45 57 57
3 99 75 67 77 21 76 31 31 72 27 32 6 7 92 95 65 3 13 61 57 36 35 52 30 51 39 90 96 95 71 35 98 17 70 70 96 99 78 41 15 74 97 24 20 74 22 68 64 75
16 39 59 27 58 1 87 90 4 65 82 1 60 29 54 5 18 87 37 48 78 63 58 41 57 54 13 24 93 2 5 81 58 31 56 26 63 79 90 77 7 73 96 76 23 93 46 85 82 65
97 14 95 27 30 14 22 36 76 33 3 12 60 46 3 52 18 55 34 29 8 56 89 80 48 85 11 43 45 29 30 92 43 29 68 31 42 89 32 23 11 17 34 2 95 97 40 46 88 18
75 23 49 34 43 84 12 63 51 25 89 26 76 8 26 26 20 57 54 76 14 7 9 99 73 20 76 77 74 28 40 53 19 4 61 27 59 46 98 39 59 77 91 37 36 20 13 96 91 11
92 15 11 21 40 70 91 93 90 12 39 28 19 1 96 98 86 39 50 55 59 76 51 62 94 63 51 88 80 83 60 15 58 41 95 59 73 84 69 89 63 56 59 27 64 21 69 92 13 93
27 25 63 99 83 6 2 56 51 48 54 6 16 46 35 23 36 21 57 95 31 41 81 74 93 36 68 88 33 88 88 14 40 71 15 85 70 78 18 81 41 24 43 48 20 25 79 39 17 26
43 57 90 57 89 62 20 83 63 77 50 30 62 68 25 3 73 60 2 20 25 32 43 14 48 59 73 76 18 88 33 15 82 23 92 3 10 33 32 59 85 45 85 23 84 6 13 51 92 85
90 88 37 38 35 13 2 76 61 42 2 71 43 80 69 23 94 25 75 62 58 82 1 80 91 97 57 93 75 64 91 67 8 75 10 71 65 24 53 60 34 46 25 13 70 85 10 31 37 96
45 25 61 49 91 13 82 13 95 47 16 69 79 20 83 58 49 21 74 38 52 22 88 81 84 63 23 65 83 16 80 1 45 52 93 74 92 8 19 94 41 95 64 1 73 30 26 27 84 35
58 6 1 48 52 74 58 58 33 71 43 9 77 24 2 5 51 72 93 36 17 20 17 44 94 70 75 21 26 82 36 32 55 72 59 28 25 62 96 47 29 67 97 1 79 57 32 44 32 46
8 49 62 69 34 42 90 37 6 67 63 78 99 35 50 49 24 53 56 28 18 20 66 61 57 19 42 23 29 27 54 30 32 43 60 47 41 56 68 67 28 75 69 30 17 93 83 15 75 45
53 81 22 97 39 26 30 55 12 27 63 42 36 79 48 20 69 81 30 35 17 17 61 81 51 88 71 35 62 98 56 23 73 65 36 80 68 31 61 30 17 56 70 11 37 89 76 10 42 55
6 87 13 80 15 28 31 6 94 27 75 81 72 95 64 93 84 24 12 17 87 5 34 57 27 40 84 20 5 71 40 70 7 64 10 6 15 85 30 72 47 85 43 6 48 58 39 76 40 7
3 45 65 30 97 80 59 19 4 68 68 16 32 99 80 38 45 93 92 79 46 60 14 3 30 5 24 55 79 39 54 77 91 24 23 26 98 74 96 68 38 35 4 90 31 21 15 32 93 79
16 65 16 89 97 7 97 74 75 90 30 83 73 12 35 87 33 2 8 23 91 15 95 22 66 25 65 9 81 15 20 50 37 29 74 14 22 3 57 14 37 9 67 25 5 76 69 64 25 47
56 6 96 11 68 61 6 98 74 21 36 49 13 20 34 23 29 62 74 65 95 41 87 3 55 21 52 93 32 2 17 1 55 61 19 51 36 64 88 72 91 34 76 79 84 73 54 90 48 85
96 40 32 98 85 53 76 54 69 94 15 32 13 38 3 25 31 66 9 35 61 88 13 2 56 64 43 46 15 24 19 32 54 34 53 45 28 6 20 54 23 20 69 88 48 73 32 8 86 60
72 81 21 86 12 48 49 68 51 67 22 12 79 80 70 28 98 27 20 57 44 82 15 42 73 66 3 21 30 55 37 33 17 8 69 13 41 43 40 14 58 54 60 78 49 47 11 92 94 21
67 15 17 4 1 39 23 72 3 39 91 71 86 62 94 98 50 96 70 80 54 84 85 3 77 34 24 49 65 26 67 40 33 8 37 47 13 90 82 5 28 3 26 19 39 17 76 85 75 51
30 52 50 25 80 71 30 36 21 70 4 94 97 23 63 91 16 4 41 72 47 97 92 43 69 73 76 64 45 63 53 96 21 77 29 72 81 39 95 54 31 60 12 84 17 64 3 29 6 25
63 14 12 69 23 81 39 11 2 73 3 36 86 44 60 28 64 25 33 81 65 92 94 27 78 74 72 10 44 58 62 46 56 79 20 43 32 65 45 94 68 20 54 87 97 82 11 73 2 76
58 37 81 25 50 45 21 92 77 39 50 24 76 4 13 82 84 55 24 52 23 73 23 40 14 76 9 95 62 73 26 30 67 42 11 22 39 88 29 3 72 36 29 41 90 88 83 36 5 67
68 27 10 49 88 75 20 87 34 49 78 35 80 21 58 88 2 74 73 74 91 51 71 30 18 61 47 43 18 82 63 56 97 58 79 6 51 26 8 89 1 79 22 40 20 16 59 34 7 14
12 8 12 35 5 77 57 69 8 79 75 27 54 83 62 16 23 28 8 26 28 59 79 6 83 76 79 57 68 47 6 39 17 48 45 48 79 95 48 82 22 40 8 58 88 64 82 2 61 54
48 67 37 81 77 96 81 69 51 64 69 7 90 6 57 97 89 48 77 22 56 56 88 43 50 23 1 35 52 95 74 88 70 46 67 16 7 87 93 96 96 49 7 86 54 33 46 4 36 78
62 67 18 22 9 20 6 14 62 13 49 7 48 1 94 93 86 75 65 66 13 86 99 93 21 11 33 9 72 60 45 55 13 38 61 26 29 74 11 65 57 58 12 65 12 70 39 14 44 68
60 88 23 52 69 26 45 17 71 11 68 25 56 58 81 87 48 64 24 97 89 71 92 82 50 24 10 5 47 8 26 56 48 52 74 67 68 93 22 2 58 36 42 80 68 57 56 52 90 38
82 4 45 42 6 36 79 38 85 86 87 62 69 28 25 56 84 9 33 33 27 8 7 12 93 45 76 59 90 31 71 16 20 41 92 33 88 36 91 31 70 13 36 55 83 15 56 13 74 64
83 55 3 4 48 30 48 72 10 58 75 49 31 29 53 94 70 25 48 26 55 57 39 57 69 5 49 77 65 54 56 34 73 88 45 80 89 85 48 88 69 98 28 93 41 39 99 10 26 49
10 17 94 81 19 64 3 5 79 75 41 64 4 59 78 48 16 19 63 87 13 86 99 60 72 61 77 1 88 45 31 18 60 96 63 79 83 27 69 36 27 31 26 18 54 56 33 82 15 17
48 24 58 4 71 51 62 92 64 13 1 16 49 62 69 61 62 87 43 43 55 69 56 72 46 79 75 11 97 55 93 34 22 80 91 82 69 21 26 63 46 17 71 87 7 25 91 93 73 44
11 25 13 14 67 23 89 14 84 6 88 47 95 64 82 42 67 77 47 84 88 76 52 25 89 95 38 30 29 76 86 40 17 58 51 11 38 10 25 77 51 61 64 37 20 68 6 67 59 95
48 45 33 12 65 8 92 61 22 85 60 91 47 71 24 24 57 87 85 88 16 34 2 40 12 11 29 20 13 11 15 26 59 49 38 10 64 41 19 7 71 90 80 35 24 58 19 38 55 22
86 45 18 47 52 67 70 30 30 84 80 5 74 41 60 28 11 92 85 62 35 76 17 61 70 52 98 58 60 69 58 76 27 77 64 10 34 42 35 49 22 16 6 73 39 39 51 26 13 70
42 77 60 49 55 19 3 22 71 5 50 80 68 4 43 12 88 96 46 52 31 40 23 65 18 88 92 5 58 89 12 56 13 85 91 77 73 55 29 19 27 82 62 89 43 93 54 57 86 38
66 15 10 23 71 55 64 69 58 2 96 63 57 90 70 49 85 99 48 27 63 52 23 33 85 36 15 58 70 48 56 5 70 59 40 33 63 74 91 11 95 53 47 3 24 70 14 47 39 99
29 23 58 82 70 39 42 7 58 93 56 58 47 23 18 93 22 34 37 42 2 10 42 73 72 87 23 73 30 49 10 53 60 98 26 52 25 35 87 43 19 77 22 25 11 49 95 90 37 84
98 46 6 72 3 54 2 24 15 29 82 89 4 43 78 92 97 88 57 17 35 84 76 38 3 30 45 53 77 31 12 68 77 60 24 89 28 91 60 88 91 16 94 90 64 48 4 31 76 98
79 93 49 72 35 31 1 36 62 77 91 98 87 26 95 9 14 35 97 81 55 26 41 44 76 1 15 70 41 15 76 58 82 24 84 59 4 19 74 4 60 35 61 12 86 27 18 84 74 37
95 10 36 66 58 97 70 23 44 98 37 76 59 65 69 85 74 35 52 29 25 31 51 53 93 66 12 76 42 77 78 12 50 72 41 14 36 55 78 1 38 2 24 75 68 36 12 24 53 75
97 62 40 54 89 50 60 19 24 45 87 2 53 95 36 14 94 15 48 25 19 31 46 6 17 65 90 24 28 32 25 66 41 23 29 69 26 78 72 84 47 10 64 76 48 23 32 27 3 23
82 1 71 10 16 84 79 13 22 36 61 83 66 35 6 21 73 17 66 4 23 10 15 74 54 73 43 2 81 38 27 2 90 30 92 30 89 4 30 92 91 81 45 30 42 38 81 67 57 7
26 37 17 79 46 19 91 73 24 49 23 32 72 10 6 69 58 1 2 77 24 73 13 46 88 32 84 23 14 14 87 90 91 97 76 39 76 85 28 21 17 64 73 23 51 20 50 66 81 28
49 5 59 61 74 88 40 96 17 41 10 65 2 27 67 46 89 68 56 24 42 17 21 30 64 82 66 18 1 7 45 12 54 14 33 86 44 17 7 57 27 39 90 88 22 74 2 53 69 96
92 1 62 59 20 98 47 71 40 79 10 51 11 35 56 82 91 40 2 57 96 95 48 15 74 47 11 75 29 16 64 75 78 15 4 59 25 73 55 6 93 53 94 94 28 56 75 66 67 34
71 61 1 42 37 87 48 41 21 17 39 11 57 61 59 23 37 44 78 2 50 57 21 63 8 49 59 27 72 14 31 19 42 32 65 7 35 10 37 4 85 33 57 90 96 76 69 20 58 40
25 67 11 81 73 84 53 73 25 86 30 8 14 62 71 10 96 66 70 45 16 79 17 62 94 1 86 98 3 22 19 85 2 2 12 36 10 29 68 53 38 82 53 16 86 15 81 17 18 13
41 76 98 4 92 28 47 4 18 88 11 42 4 2 90 52 91 20 29 16 65 33 39 94 9 86 17 52 43 52 32 67 42 4 56 49 67 67 56 8 93 19 8 36 19 29 31 26 50 58
61 95 23 36 81 66 71 47 73 4 14 1 14 65 95 46 42 38 38 3 17 14 50 84 95 11 94 21 65 17 78 7 94 93 15 47 69 44 18 61 22 67 22 61 58 32 56 49 7 11
38 38 25 41 38 51 99 66 98 13 16 20 43 8 75 35 61 52 78 99 19 36 12 38 61 76 2 1 29 20 85 23 26 76 88 37 55 65 73 60 22 27 74 28 7 30 78 48 32 77
92 98 14 89 76 28 75 50 17 32 5 10 75 96 38 15 61 55 21 42 26 45 1 51 15 68 79 66 97 20 76 36 77 50 12 26 76 36 85 93 70 61 55 96 9 78 88 79 20 9
78 35 96 89 64 70 28 96 97 70 82 20 61 55 68 92 20 25 26 40 27 88 64 22 91 48 80 56 96 96 23 28 28 36 5 30 43 35 45 2 84 65 14 83 34 20 30 32 1 91
45 40 16 61 24 75 70 33 53 34 32 70 38 56 8 9 96 69 23 25 39 73 92 80 65 68 31 69 90 70 52 11 55 31 48 80 20 41 91 91 5 23 4 94 99 46 9 36 33 68
67 46 58 63 34 26 15 87 21 11 72 21 73 12 31 45 12 61 71 52 12 6 1 37 88 59 80 19 95 56 67 42 34 11 77 78 75 97 42 91 15 56 29 41 91 11 68 1 63 80
57 82 82 92 53 30 34 60 53 8 74 71 8 71 29 29 53 33 24 39 15 51 71 2 65 53 30 67 40 78 93 46 38 56 48 80 7 37 86 5 55 74 5 51 70 64 50 60 3 35
41 38 22 38 35 69 28 47 82 39 62 59 8 7 49 69 25 15 96 46 92 54 5 81 8 69 90 37 9 42 58 59 38 50 21 62 90 34 60 73 68 87 38 96 62 13 67 49 99 34
80 84 29 64 28 85 11 26 17 90 53 28 63 70 68 44 92 1 19 91 97 67 35 63 48 98 7 30 8 50 52 59 14 27 73 66 74 24 74 59 17 65 4 58 41 38 79 27 10 23
81 99 67 76 43 83 91 18 93 55 37 13 6 58 36 79 35 59 32 31 81 33 56 2 82 40 15 77 29 83 41 31 35 78 23 90 47 52 17 3 40 11 18 58 4 49 60 17 35 87
46 98 13 37 53 53 69 74 65 8 93 20 33 65 61 98 15 25 43 25 26 84 16 22 50 53 18 88 1 72 9 43 70 28 29 45 79 21 92 55 28 36 93 39 44 96 43 7 62 25
78 92 55 90 17 89 53 40 59 50 34 20 84 79 73 16 54 94 19 84 40 95 88 72 97 57 88 28 98 87 25 70 98 77 54 23 26 2 83 75 6 34 79 98 19 73 1 4 41 11
93 7 26 63 81 28 77 41 76 34 36 95 23 47 7 34 52 67 21 10 47 84 54 99 75 13 78 41 55 97 3 77 56 11 22 93 98 32 47 20 76 70 77 45 14 56 1 12 11 21
12 47 63 89 2 43 31 92 46 1 20 7 58 31 32 94 26 14 54 24 25 77 67 73 63 6 83 73 21 99 62 44 43 47 11 96 90 87 14 5 75 75 42 93 31 55 21 39 76 74
23 77 13 16 30 67 28 87 78 52 73 59 36 82 66 9 28 85 75 83 97 34 1 37 51 86 40 95 84 97 94 51 56 85 84 76 24 4 34 7 95 71 18 43 14 69 53 28 67 16
23 69 1 23 28 55 31 75 98 46 47 66 27 92 30 62 90 82 89 74 33 65 88 52 33 71 77 40 71 82 89 24 51 93 94 96 99 26 71 33 72 47 12 63 71 87 43 8 66 43
69 93 86 40 98 7 86 95 62 19 72 38 47 36 58 60 37 62 70 67 91 62 99 94 26 49 12 52 35 84 88 80 79 26 7 57 38 40 25 80 71 96 34 14 38 90 2 49 1 61
34 64 20 87 86 54 12 59 68 92 90 75 95 81 3 67 49 74 19 62 58 36 68 78 49 81 4 50 30 83 96 11 43 54 84 33 38 51 14 80 24 51 51 95 20 4 84 21 56 76
96 20 90 4 44 81 1 32 66 74 9 52 11 90 19 3 29 89 90 18 56 19 33 67 36 83 65 83 35 49 97 77 17 18 75 43 74 54 53 47 52 26 99 93 55 37 32 75 8 61
42 14 44 51 40 1 24 85 37 69 78 81 61 46 53 66 58 58 50 72 42 15 13 9 53 63 4 21 92 97 85 88 68 95 84 13 81 41 31 85 34 56 10 15 75 2 67 25 3 71
11 34 22 52 87 33 78 46 17 70 65 16 20 88 73 64 95 96 59 56 64 85 34 38 11 28 21 10 47 53 15 63 37 52 95 78 11 73 65 95 67 30 28 94 12 2 96 64 95 83
31 80 31 22 26 81 65 87 29 49 39 5 69 98 65 46 16 62 36 1 64 55 58 5 55 48 36 45 61 32 75 88 16 11 75 89 79 16 89 17 47 7 76 83 57 92 93 9 41 21
89 41 55 40 51 21 80 83 2 54 76 45 62 78 41 48 55 9 44 57 15 26 46 21 11 11 15 42 42 17 21 58 51 51 78 78 71 4 93 19 76 14 82 83 21 57 31 64 15 76
83 65 57 35 61 78 97 45 98 74 83 28 69 56 54 12 86 75 75 3 88 55 99 91 49 11 3 31 71 32 80 90 90 40 53 56 98 29 22 45 45 22 98 59 49 17 31 33 77 12
23 14 39 37 56 18 63 54 77 59 35 18 95 5 70 43 38 41 28 50 99 95 45 45 86 35 4 26 65 3 91 64 23 21 17 17 43 86 44 50 59 57 64 50 67 51 55 77 93 64
90 26 55 48 84 81 67 4 32 75 41 24 93 87 79 85 74 9 52 90 34 14 7 51 1 8 11 77 53 17 40 97 36 69 1 3 77 96 70 54 12 55 30 2 32 72 92 89 60 76
59 8 88 38 76 8 57 77 33 44 25 13 60 39 68 48 21 7 48 83 15 7 37 88 32 16 86 26 89 42 82 14 21 24 41 18 72 53 85 87 10 98 68 47 6 71 78 60 55 54
33 43 59 89 76 97 75 64 40 17 8 76 7 26 72 34 7 45 85 47 42 4 80 65 48 6 21 60 68 4 43 28 74 2 45 90 74 15 46 17 57 45 41 8 80 73 12 18 86 22
4 68 8 44 86 5 3 73 85 30 94 1 76 43 63 13 52 13 39 72 52 55 82 99 55 64 88 96 42 31 60 25 4 31 36 12 29 36 92 95 45 57 73 97 14 39 27 96 55 1
61 79 60 38 16 91 72 92 18 57 31 35 41 11 3 89 14 57 65 77 18 14 15 88 83 15 39 95 23 36 40 95 70 16 46 19 42 91 93 33 34 67 79 67 20 27 90 63 72 11
52 24 60 8 54 20 37 37 59 35 7 1 90 71 87 62 93 3 88 31 32 84 37 32 15 10 81 27 79 88 63 99 13 33 73 46 28 25 10 50 4 50 12 63 26 10 72 34 29 22
77 73 64 60 26 6 52 94 91 91 44 60 40 17 42 58 39 4 43 92 40 67 65 37 62 28 59 70 21 34 40 77 89 77 46 36 68 3 53 18 1 55 60 1 23 44 59 19 14 83
42 89 18 91 95 51 2 87 29 34 20 83 31 98 72 47 50 3 51 39 90 22 5 87 50 67 89 69 65 81 21 96 3 95 28 17 29 22 5 27 47 17 71 18 33 85 11 84 87 38
63 40 82 6 38 66 34 60 25 87 45 75 80 55 84 95 51 86 29 63 66 14 50 72 4 84 90 99 62 36 43 46 82 34 22 58 46 4 7 39 20 59 10 58 38 10 95 70 62 54
3 38 10 37 95 62 13 34 98 68 55 19 34 11 38 48 46 34 59 35 56 77 33 61 94 65 43 10 13 92 20 89 68 55 12 10 85 29 52 92 16 64 43 75 14 42 46 49 61 6
50 27 24 51 99 85 16 52 44 10 54 17 44 30 80 79 56 21 83 8 54 20 82 46 70 2 87 4 62 42 30 85 47 39 50 63 23 21 23 71 58 92 48 98 26 30 98 78 99 51
24 4 60 73 43 60 5 16 93 63 40 65 40 95 20 17 30 11 32 35 85 57 43 52 89 31 22 24 75 1 86 96 25 55 35 64 97 60 76 93 78 65 40 59 70 20 52 57 31 11
62 24 16 65 87 48 95 37 14 14 23 6 79 80 84 30 95 74 8 28 7 60 1 20 16 96 25 96 28 17 47 65 83 38 67 3 25 75 52 84 43 91 4 31 97 73 20 81 79 74
70 75 39 87 39 42 42 58 73 49 66 2 63 13 69 4 90 32 12 86 17 5 38 9 67 5 98 37 97 61 90 95 41 94 81 90 31 86 31 34 22 85 5 51 45 65 9 93 18 48
64 81 59 33 41 71 46 35 56 13 50 34 67 42 30 90 9 41 26 33 58 97 99 22 17 78 12 41 83 19 11 3 78 32 18 29 36 84 36 2 81 50 11 14 86 90 95 3 76 24
93 60 58 69 59 54 77 9 2 83 16 91 84 31 71 88 52 21 56 16 49 80 60 64 73 69 15 33 40 83 11 77 5 21 58 8 27 68 92 91 70 58 9 17 68 81 42 19 69 21
82 86 45 62 78 12 88 63 14 9 94 10 38 41 69 51 46 40 47 56 12 68 77 54 43 84 86 85 77 47 74 73 69 45 76 98 27 8 55 93 94 65 46 44 29 6 26 15 62 16
78 62 46 65 95 62 78 52 1 27 29 79 78 14 95 47 35 4 39 54 63 50 81 38 58 63 76 38 86 30 63 25 26 6 61 79 87 5 69 84 71 64 83 71 99 3 79 77 32 96
32 1 21 26 63 51 9 45 57 50 11 99 46 26 79 61 45 27 80 13 65 2 30 61 98 23 78 6 67 48 6 94 20 97 22 48 83 5 89 59 68 82 14 30 67 90 91 74 49 71
4 25 73 53 21 47 51 2 8 35 75 31 64 7 60 80 34 65 37 11 73 3 30 45 90 77 33 17 52 93 78 23 33 29 7 92 28 13 1 68 98 73 93 32 39 34 22 1 3 75
65 97 55 32 89 18 98 66 65 31 24 54 21 33 67 95 23 19 53 61 12 86 13 9 64 13 67 3 61 18 24 13 35 60 51 87 11 94 71 59 30 80 6 34 83 12 70 99 1 73
57 13 34 44 83 54 8 76 14 39 80 18 13 65 44 29 39 95 86 46 58 70 66 89 80 74 19 31 82 58 62 7 72 24 60 66 97 79 56 78 6 74 62 52 23 25 54 57 7 12
76 91 11 67 76 83 73 62 28 54 1 83 12 76 87 95 55 62 28 46 21 40 97 55 33 23 23 1 34 98 61 61 89 99 33 51 30 66 50 46 81 64 87 88 17 35 92 99 9 89
28 97 48 60 20 37 96 37 41 94 24 79 55 89 20 96 97 20 80 17 50 86 7 61 23 1 3 50 10 37 70 74 45 27 41 47 45 76 21 1 29 76 60 33 69 78 37 25 27 18
77 73 58 56 13 86 59 57 33 63 63 18 10 8 11 1 23 80 92 40 56 13 31 92 39 21 40 55 74 68 60 41 51 21 55 36 38 99 13 82 75 79 96 32 70 21 3 90 4 69
29 48 93 79 29 21 18 40 85 42 64 11 20 60 88 60 16 72 97 87 92 8 24 75 31 95 21 9 98 97 36 10 23 68 8 97 30 14 93 44 80 94 83 67 45 86 76 83 40 69
92 15 65 24 89 13 39 9 82 82 8 9 98 29 36 87 74 31 64 33 37 68 47 65 21 11 7 96 53 31 85 40 69 1 78 11 94 27 57 98 89 93 47 34 92 71 70 88 65 35
11 80 68 95 13 3 36 28 83 23 87 1 65 5 86 73 58 2 66 72 30 74 51 78 88 65 30 13 51 69 71 77 70 25 98 47 68 59 1 38 16 5 51 37 13 81 22 17 78 40
62 40 16 97 27 47 26 26 68 60 57 94 10 98 49 64 76 71 41 43 1 77 26 55 36 81 67 39 82 87 12 22 18 71 66 49 69 64 29 64 58 12 90 59 70 37 75 29 12 45
2 22 45 57 71 93 62 87 5 93 55 80 11 58 46 89 2 17 43 51 87 71 80 91 5 76 28 29 48 60 45 14 79 43 82 59 1 26 26 50 34 83 88 95 33 91 79 52 1 36
21 67 14 79 33 48 55 10 2 13 82 52 87 73 14 13 80 99 17 45 60 15 91 89 38 76 8 77 33 60 77 16 1 5 76 64 42 50 81 28 62 30 82 65 75 26 52 41 74 94
51 61 74 81 79 90 78 9 77 88 33 72 50 73 77 51 15 82 47 28 84 8 16 72 62 55 4 77 80 61 6 19 69 77 58 54 83 16 42 58 43 90 66 31 40 42 98 42 67 34
50 55 79 98 3 99 53 48 74 84 17 69 92 64 50 51 39 39 88 81 51 38 48 21 8 73 5 46 86 20 73 24 49 58 67 1 29 89 88 24 83 42 3 50 40 52 54 39 93 67
80 87 18 33 73 91 42 81 51 58 53 99 40 51 39 12 87 48 58 53 78 84 84 60 5 70 51 50 5 68 75 41 23 58 8 51 26 90 24 2 55 50 57 74 59 16 90 83 49 42
7 37 53 65 48 91 2 41 52 33 58 30 94 33 20 61 91 54 57 39 10 16 45 27 24 72 80 95 34 35 96 12 51 52 11 52 45 57 62 49 23 24 83 3 54 17 68 70 4 30
75 42 86 32 10 3 53 99 78 42 98 64 92 94 98 68 10 10 39 42 20 72 78 3 26 14 54 89 15 6 31 57 41 75 84 79 97 53 68 80 34 47 74 10 93 52 4 38 1 30
28 87 45 36 43 52 15 44 28 21 12 28 80 8 49 11 62 79 51 74 12 31 14 33 25 63 77 96 91 75 38 66 37 83 16 77 88 59 74 27 89 51 61 51 61 30 45 98 54 36
77 21 40 29 94 1 78 78 85 7 72 16 99 73 33 60 98 80 18 75 63 21 11 56 52 87 84 2 80 83 78 82 56 78 75 79 95 15 48 7 4 7 10 99 42 15 36 77 3 45
31 82 9 68 97 15 87 97 48 47 28 17 81 6 35 63 14 30 19 32 50 53 6 73 24 29 13 42 65 86 79 51 94 39 14 48 35 21 72 64 58 13 32 57 2 1 55 36 67 54
61 73 87 92 52 35 64 61 32 78 20 65 91 75 26 7 41 77 67 38 37 47 47 57 25 69 59 60 84 42 59 82 95 13 65 23 45 70 11 9 76 98 95 83 28 57 11 30 57 94
52 44 50 41 14 57 33 62 10 64 31 56 29 83 85 24 27 5 77 40 6 91 22 70 57 33 51 74 83 21 55 68 23 6 76 65 67 39 11 39 65 82 33 19 83 50 9 90 16 15
89 2 2 16 53 81 10 5 34 61 20 70 41 74 19 90 1 71 64 17 89 66 61 33 98 22 62 86 39 25 30 4 66 16 45 48 35 62 47 34 17 88 65 24 92 71 56 62 58 63
78 88 23 36 84 1 34 20 84 79 88 66 78 18 93 41 14 8 50 73 57 76 92 52 19 60 9 91 18 25 91 39 55 61 8 43 10 53 40 88 48 34 32 61 44 29 81 87 80 89
80 19 26 42 84 53 86 42 76 88 80 61 91 40 64 79 96 72 37 62 56 40 96 25 35 13 30 54 6 25 16 66 33 93 20 10 47 38 60 43 22 17 68 17 41 27 58 69 63 70
34 90 36 9 65 53 61 17 5 80 52 81 92 91 71 34 67 15 39 50 39 90 87 61 79 68 56 85 77 32 75 58 66 40 43 5 23 26 91 72 22 56 48 7 64 5 71 90 58 55
37 71 94 49 64 6 74 19 32 28 61 15 33 88 75 61 37 5 8 64 52 38 17 17 29 55 70 22 49 87 50 24 95 68 29 81 8 70 59 25 81 5 16 19 75 70 79 61 16 71
71 93 2 49 20 70 35 30 79 41 96 82 80 41 14 75 59 80 76 70 91 63 73 17 68 61 13 33 37 73 4 78 54 94 88 36 69 38 97 18 6 42 35 91 71 14 6 91 45 13
68 56 66 9 20 56 84 10 66 4 75 47 4 89 15 83 68 99 10 73 56 75 63 24 86 99 78 51 10 26 49 62 15 70 63 31 46 16 13 56 21 35 47 31 34 15 27 89 46 79
94 38 14 2 74 69 85 32 19 60 63 53 74 37 75 33 2 39 84 30 87 14 3 2 5 28 50 72 7 46 77 64 39 7 75 52 2 86 34 48 58 46 45 86 92 93 75 1 2 11
11 95 80 12 12 42 31 83 61 15 73 3 18 1 76 29 57 17 40 77 57 49 13 48 31 63 85 87 93 76 67 8 56 42 96 65 69 29 97 49 1 20 46 19 15 46 15 99 81 48
95 86 73 54 2 78 63 3 90 5 51 81 52 15 10 83 78 30 4 98 46 91 57 90 84 42 22 37 14 82 14 35 96 66 1 16 52 36 20 19 91 17 24 62 20 92 7 27 42 22
7 36 66 22 36 15 12 88 6 32 66 91 84 42 54 15 73 70 77 93 45 46 20 67 17 72 70 68 7 86 19 40 32 88 49 54 82 88 38 51 8 52 95 48 26 29 17 94 97 17
30 70 60 98 59 32 34 63 53 98 37 11 28 89 63 26 8 48 8 41 79 91 27 64 93 26 79 34 41 50 18 36 47 20 38 45 42 11 32 36 14 22 31 19 18 52 29 85 58 93
7 95 47 99 94 10 33 22 71 98 70 22 69 19 82 17 86 27 69 6 6 35 53 68 93 20 90 17 45 34 97 47 97 54 97 89 99 5 75 79 14 2 98 4 5 24 98 84 55 34
78 24 86 95 68 12 96 6 22 50 82 78 74 81 69 51 53 66 1 94 87 5 81 37 21 93 37 29 56 86 31 65 5 26 66 96 34 68 48 8 54 60 6 46 7 91 29 47 82 82
36 65 96 52 46 7 47 73 3 21 20 9 33 59 4 73 41 77 26 1 10 57 20 64 79 5 26 60 40 16 71 59 97 48 87 74 11 98 55 60 92 54 73 83 36 53 56 36 64 70
92 53 73 71 7 54 70 23 46 43 63 73 47 76 56 88 2 35 9 17 40 64 19 87 94 87 56 42 92 55 67 53 38 53 79 99 19 77 87 77 94 89 84 33 93 55 66 60 29 79
96 27 76 11 25 53 35 52 62 14 6 51 4 73 54 64 74 14 91 56 32 52 33 65 59 94 18 36 12 35 47 25 77 90 86 88 87 33 71 83 2 6 62 91 9 96 85 1 60 94
2 13 10 3 59 34 38 2 70 66 30 61 15 25 65 74 75 77 83 32 84 36 95 10 99 5 27 73 87 61 61 42 37 16 51 29 49 63 59 50 77 80 39 5 86 50 73 10 88 55
53 22 89 86 28 37 84 12 59 93 93 3 52 55 34 70 26 7 77 1 80 39 41 39 45 77 21 60 64 24 25 69 17 55 42 18 27 20 77 78 15 74 1 92 85 57 79 24 62 5
32 24 7 72 4 47 12 51 12 18 66 24 72 88 57 55 11 2 40 62 77 12 91 85 92 80 32 52 25 20 14 28 63 31 81 38 66 58 4 96 67 64 29 7 28 20 1 1 8 71
53 5 88 64 33 32 46 25 34 11 69 4 48 13 28 94 13 46 96 95 87 22 23 22 88 27 27 80 36 54 61 23 70 24 14 11 71 26 96 53 69 98 7 30 66 33 76 39 35 90
41 49 12 69 11 81 99 59 31 6 35 15 48 75 1 27 45 14 91 36 59 51 87 86 98 10 1 21 33 82 36 78 54 51 65 17 78 92 24 31 56 36 10 64 76 36 35 72 84 42
71 36 53 98 82 41 38 34 12 75 81 67 15 33 80 46 82 17 84 53 83 63 2 59 36 12 6 58 54 52 26 52 46 8 14 90 46 98 48 28 43 24 12 67 93 76 23 67 78 64
59 24 96 23 33 34 3 98 69 76 99 28 75 9 91 35 35 76 86 95 73 42 4 62 83 97 38 14 44 98 16 98 57 96 87 22 53 13 17 36 11 35 10 24 80 55 73 5 41 31
1 90 71 9 78 30 87 57 22 82 93 52 13 75 28 18 12 45 50 72 62 27 99 70 7 88 12 61 36 59 74 88 80 83 31 70 63 25 15 61 49 2 74 74 71 81 29 78 76 89
90 7 34 15 63 72 24 88 46 58 89 97 24 76 55 54 6 13 73 23 26 48 6 87 2 20 79 36 5 2 83 68 15 12 93 65 37 33 92 59 67 14 64 70 55 8 51 92 70 68
93 77 9 24 49 42 46 86 30 95 27 95 30 83 41 3 74 62 1 38 49 17 6 57 72 87 95 40 7 31 93 74 43 63 25 85 23 88 43 17 55 46 98 64 38 40 66 80 85 70
19 5 6 61 15 67 46 90 15 74 59 29 20 75 89 44 87 28 22 3 5 39 77 68 71 36 88 91 26 36 9 89 76 6 79 90 53 51 49 37 89 21 16 22 11 6 73 69 44 3
46 9 19 58 91 17 13 51 85 50 17 5 36 95 36 53 17 29 96 23 22 18 41 28 36 50 18 17 89 80 92 61 85 60 97 88 19 98 22 54 29 91 9 42 38 7 99 77 11 97
88 33 49 45 16 26 64 31 65 53 88 28 20 89 67 77 96 62 40 25 61 49 27 95 1 51 60 38 57 21 33 73 80 79 35 24 27 49 24 18 94 82 39 52 5 71 91 85 67 49
68 37 92 70 57 32 39 63 8 32 77 39 32 21 31 4 45 58 16 22 83 18 81 10 94 96 11 9 40 52 34 91 78 79 91 97 37 44 23 22 70 74 64 75 61 99 71 87 7 19
60 68 56 39 47 31 89 50 87 82 25 13 55 86 42 86 92 26 93 52 21 95 57 25 52 20 44 50 66 75 25 25 22 17 15 56 54 1 32 52 91 93 7 34 38 38 44 81 96 51
80 60 28 96 7 2 79 26 55 83 14 41 57 15 83 92 80 75 57 42 78 75 19 6 8 58 65 94 30 48 8 55 4 62 77 76 54 8 44 71 17 84 46 93 47 8 55 94 89 89
5 40 95 10 12 94 68 44 16 86 8 88 67 53 67 65 77 1 98 10 93 45 75 30 82 91 47 65 1 40 35 37 58 61 26 56 52 39 81 48 73 58 99 71 59 45 17 8 37 4
23 52 63 24 5 9 70 33 51 52 15 75 68 48 61 52 42 9 80 88 28 21 89 46 28 90 2 71 23 46 28 84 69 75 75 58 93 73 70 4 79 27 67 17 88 58 89 28 8 5
35 72 93 83 54 69 23 3 41 72 68 34 1 15 81 90 8 46 41 2 3 73 10 33 79 69 54 11 22 3 68 32 11 95 64 71 10 77 51 95 61 45 29 4 16 80 39 64 17 15
9 16 59 93 69 83 59 25 80 29 24 80 32 8 73 89 5 75 59 63 85 49 55 53 84 11 87 30 54 53 87 99 71 59 65 66 98 2 91 19 22 98 29 48 3 91 4 87 40 50
3 76 12 5 13 45 95 26 22 90 4 49 97 81 3 33 62 94 83 72 67 80 35 62 50 91 69 87 42 59 46 20 15 64 58 16 58 52 21 78 28 11 47 96 27 35 44 47 92 73
25 70 1 65 15 30 56 49 62 94 80 21 5 51 28 92 69 7 64 95 41 38 12 41 48 34 62 23 68 75 72 27 22 65 79 3 39 33 2 54 33 20 7 77 7 88 84 85 68 95
85 5 47 76 53 65 82 80 31 51 27 68 68 65 96 71 49 61 26 35 18 53 90 69 94 81 21 76 5 8 74 16 99 79 27 19 41 96 35 1 49 94 58 52 88 39 47 10 73 23

Demandas:
0 1 0 0 0 0
0 0 0 1 0 0
0 0 0 1 0 0
0 0 0 0 1 0
0 0 1 0 0 0
1 0 0 0 0 0
1 0 0 0 0 0
0 0 0 0 0 1
0 0 0 0 0 1
0 0 0 0 0 1
0 0 0 0 0 1
0 0 0 1 0 0
0 1 0 0 0 0
0 1 0 0 0 0
0 0 0 1 0 0
0 0 0 0 0 1
0 1 0 0 0 0
0 0 0 0 0 1
0 0 1 0 0 0
1 0 0 0 0 0
0 0 1 0 0 0
0 1 0 0 0 0
0 0 0 1 0 0
0 0 0 0 0 1
1 0 0 0 0 0
0 0 0 0 1 0
0 0 0 0 1 0
0 0 0 0 0 1
0 1 0 0 0 0
1 0 0 0 0 0
0 1 0 0 0 0
0 0 0 0 0 1
0 1 0 0 0 0
0 0 1 0 0 0
0 0 0 1 0 0
0 0 0 0 1 0
0 0 0 0 1 0
1 0 0 0 0 0
0 0 0 0 0 1
0 0 0 0 1 0
0 1 0 0 0 0
0 0 0 1 0 0
0 0 0 0 1 0
1 0 0 0 0 0
0 0 0 1 0 0
0 1 0 0 0 0
0 0 1 0 0 0
0 0 0 0 1 0
0 0 0 0 0 1
0 0 0 1 0 0
0 0 1 0 0 0
1 0 0 0 0 0
0 0 0 0 0 1
0 0 1 0 0 0
0 0 0 1 0 0
0 0 0 1 0 0
0 0 1 0 0 0
0 0 0 1 0 0
1 0 0 0 0 0
0 0 1 0 0 0
0 1 0 0 0 0
0 0 0 1 0 0
0 1 0 0 0 0
0 1 0 0 0 0
0 1 0 0 0 0
1 0 0 0 0 0
0 0 1 0 0 0
0 0 0 1 0 0
0 0 0 1 0 0
0 0 0 0 0 1
0 0 0 1 0 0
0 1 0 0 0 0
0 0 0 0 0 1
0 0 0 1 0 0
0 0 0 1 0 0
0 0 1 0 0 0
1 0 0 0 0 0
0 1 0 0 0 0
0 0 0 1 0 0
0 0 0 0 0 1
1 0 0 0 0 0
0 0 0 1 0 0
0 0 0 0 1 0
1 0 0 0 0 0
0 0 0 1 0 0
0 0 0 0 1 0
0 0 0 0 1 0
1 0 0 0 0 0
0 0 1 0 0 0
0 0 0 1 0 0
0 0 0 1 0 0
0 1 0 0 0 0
0 1 0 0 0 0
0 0 0 0 1 0
1 0 0 0 0 0
1 0 0 0 0 0
0 0 1 0 0 0
0 0 0 0 0 1
0 0 0 0 0 1
0 0 0 1 0 0
0 0 1 0 0 0
0 0 0 1 0 0
0 0 1 0 0 0
0 0 0 1 0 0
1 0 0 0 0 0
0 0 0 1 0 0
1 0 0 0 0 0
0 1 0 0 0 0
0 1 0 0 0 0
0 0 0 1 0 0
0 0 0 1 0 0
0 0 0 0 0 1
1 0 0 0 0 0
0 0 0 0 0 1
1 0 0 0 0 0
0 0 0 0 1 0
0 1 0 0 0 0
0 1 0 0 0 0
0 0 0 1 0 0
0 0 1 0 0 0
0 0 0 0 0 1
1 0 0 0 0 0
0 0 0 0 0 1
0 0 1 0 0 0
1 0 0 0 0 0
0 0 0 1 0 0
0 0 0 0 0 1
0 0 0 0 1 0
0 0 0 0 1 0
0 1 0 0 0 0
0 0 1 0 0 0
0 0 1 0 0 0
0 0 1 0 0 0
0 0 0 0 0 1
0 0 0 0 1 0
0 0 0 1 0 0
0 0 0 0 0 1
0 0 0 1 0 0
0 0 0 0 1 0
1 0 0 0 0 0
0 0 0 0 1 0
0 0 0 1 0 0
0 1 0 0 0 0
0 1 0 0 0 0
0 0 0 0 0 1
0 0 0 0 1 0
0 0 0 1 0 0
0 1 0 0 0 0
0 0 1 0 0 0
0 0 0 0 0 1
1 0 0 0 0 0
0 1 0 0 0 0
0 0 1 0 0 0
0 1 0 0 0 0
0 0 0 0 0 1
0 0 0 0 0 1
0 1 0 0 0 0
0 0 0 0 1 0
1 0 0 0 0 0
0 0 0 1 0 0
1 0 0 0 0 0
0 0 1 0 0 0
0 0 1 0 0 0
0 1 0 0 0 0
0 0 1 0 0 0
0 0 0 1 0 0
0 0 0 0 1 0
0 0 0 1 0 0
0 0 0 0 0 1
0 1 0 0 0 0
0 0 1 0 0 0
1 0 0 0 0 0
0 0 0 0 1 0
0 0 0 0 0 1
0 0 0 0 1 0
0 0 1 0 0 0
0 0 0 1 0 0
0 1 0 0 0 0
0 0 0 0 0 1
0 0 0 0 0 1
0 0 0 0 1 0
0 0 0 0 0 1
0 0 0 0 0 1
1 0 0 0 0 0
0 0 0 0 0 1
0 0 0 1 0 0
0 0 0 0 1 0
0 0 1 0 0 0
0 0 0 1 0 0
0 0 0 1 0 0
0 0 1 0 0 0
0 0 0 1 0 0
0 0 0 0 0 1
0 0 0 1 0 0
0 1 0 0 0 0
1 0 0 0 0 0
0 0 1 0 0 0
0 0 0 1 0 0
0 1 0 0 0 0
0 0 0 1 0 0
0 0 0 1 0 0
0 0 1 0 0 0
0 0 0 0 1 0
0 0 0 1 0 0
0 0 0 1 0 0
0 0 0 0 1 0
1 0 0 0 0 0
0 0 0 0 1 0
1 0 0 0 0 0
0 0 1 0 0 0
0 0 0 0 0 1
0 0 0 1 0 0
1 0 0 0 0 0
1 0 0 0 0 0
0 0 0 0 0 1
0 0 1 0 0 0
0 0 0 0 0 1
0 1 0 0 0 0
0 0 0 0 1 0
1 0 0 0 0 0
0 0 0 0 1 0
1 0 0 0 0 0
0 0 1 0 0 0
0 0 0 0 0 1
0 0 0 0 0 1
0 1 0 0 0 0
0 1 0 0 0 0
0 0 0 0 0 1
0 0 1 0 0 0
0 0 0 0 1 0
0 0 0 1 0 0
0 1 0 0 0 0
1 0 0 0 0 0
0 0 0 0 1 0
0 0 0 1 0 0
0 0 0 0 0 1
0 0 0 0 1 0
0 0 1 0 0 0
1 0 0 0 0 0
0 1 0 0 0 0
0 0 0 1 0 0
0 0 0 0 0 1
1 0 0 0 0 0
1 0 0 0 0 0
0 0 0 1 0 0
0 0 0 1 0 0
0 0 0 0 0 1
0 0 0 0 0 1
1 0 0 0 0 0
0 0 0 1 0 0

Capacidades:
2 3 1 0 0 0
4 0 1 3 1 3
0 2 1 3 1 2
2 4 4 4 4 2
0 0 2 4 4 1
4 0 1 4 4 3
1 2 4 3 4 2
2 2 2 2 4 1
3 4 1 2 2 4
0 0 3 3 1 4
2 4 3 1 1 4
1 2 4 1 1 3
0 0 2 2 3 2
2 1 4 3 3 3
1 2 1 0 4 1
0 1 0 4 2 4
1 2 3 4 0 1
4 4 1 2 1 1
2 2 3 3 1 2
0 0 2 4 2 2
4 2 2 2 0 3
2 4 3 2 1 1
2 3 3 4 0 2
3 1 2 2 0 2
3 1 4 3 1 2
4 1 2 2 1 0
2 0 3 0 1 3
0 2 1 0 3 4
1 4 3 3 0 3
1 4 2 3 4 3
4 1 2 3 1 1
3 0 1 2 1 1
3 0 0 4 2 0
0 4 2 0 3 2
2 0 4 2 4 2
1 2 3 1 4 3
4 1 1 3 0 1
1 1 2 4 1 3
1 3 2 2 1 2
4 3 3 2 4 4
3 1 2 4 1 1
1 2 0 4 0 0
0 4 0 3 1 2
3 2 3 3 0 1
0 0 4 0 2 3
0 4 0 4 2 3
2 0 2 0 2 2
1 4 1 4 2 1
1 4 4 2 2 1
1 1 3 3 0 2
