m: 250
n: 75
k: 7

Distancias:
11 98 22 46 1 64 8 70 37 50 34 65 7 59 42 55 95 51 59 88 62 72 53 85 94 32 14 27 15 2 11 93 28 97 23 58 70 31 1 90 57 38 80 34 6 64 89 99 21 59 14 36 89 24 56 32 85 51 33 71 62 95 55 83 24 80 5 41 65 42 8 22 94 18 35
17 93 51 44 18 99 78 16 93 75 67 50 61 49 64 43 38 77 96 50 6 63 25 71 18 33 64 7 87 46 6 49 37 34 44 6 85 75 73 16 78 60 99 16 23 94 20 31 1 42 47 50 12 70 82 71 72 2 79 17 50 91 80 7 79 45 26 34 29 89 72 99 42 79 21
46 29 84 77 1 85 30 91 13 62 92 7 84 62 81 63 57 35 34 96 6 95 11 62 64 16 91 76 27 56 25 78 35 9 4 97 70 74 6 56 64 53 16 14 34 40 3 65 43 96 54 97 13 90 66 64 26 90 20 67 25 74 52 66 94 1 19 20 5 18 83 87 75 54 43
71 67 64 30 44 21 53 61 89 67 46 87 42 79 91 31 71 78 46 44 30 63 94 83 15 63 62 66 42 22 53 13 7 91 6 24 14 43 54 95 2 69 85 3 11 5 88 35 55 55 80 80 82 40 70 28 83 14 98 37 69 52 6 2 42 38 93 17 59 32 63 62 18 40 91
64 10 41 75 6 37 72 46 75 67 45 95 36 21 93 82 9 77 16 25 98 37 95 45 3 61 42 57 13 82 44 32 96 21 25 60 51 44 92 78 88 44 58 25 93 82 77 50 66 35 16 55 46 78 51 24 77 92 64 88 12 42 64 47 37 5 97 95 55 56 38 53 35 4 35
7 5 92 86 55 19 79 83 85 60 7 39 44 1 95 87 35 62 27 92 91 74 29 54 95 28 52 66 45 55 32 42 28 52 91 80 79 9 89 2 23 27 65 54 37 91 11 9 86 62 90 87 71 76 38 69 66 45 70 69 69 23 77 98 21 45 9 49 78 39 14 25 61 61 26
78 83 15 25 40 1 61 21 22 35 52 85 7 18 73 10 74 39 22 92 83 81 43 82 9 75 88 53 59 67 5 30 34 89 66 57 87 68 70 12 8 29 73 10 94 17 88 10 86 90 29 43 59 56 48 91 8 3 68 19 81 83 76 74 95 64 2 68 82 93 93 76 39 81 23
21 21 96 54 8 84 71 43 97 58 46 45 99 96 83 12 20 52 95 68 82 14 97 98 4 45 20 49 62 96 58 61 15 41 49 84 83 7 72 93 58 27 87 67 44 6 39 74 7 23 88 16 15 45 11 49 74 55 75 96 64 29 90 20 40 9 11 23 14 63 30 60 32 97 88
79 99 12 68 92 15 85 80 20 31 98 38 64 75 65 6 13 46 71 67 8 75 9 21 73 46 9 98 82 47 37 56 85 86 74 87 32 70 42 35 88 96 63 41 72 89 69 30 71 68 75 64 22 66 41 70 43 97 24 75 15 31 84 16 35 13 58 49 3 97 7 52 55 74 67
92 91 11 45 24 13 79 49 27 97 65 22 40 33 76 62 84 27 94 37 88 76 56 10 17 15 45 72 33 31 30 14 24 47 29 55 12 32 19 53 66 83 14 59 20 46 33 84 36 61 66 19 55 90 37 96 66 67 11 62 28 76 53 95 71 42 54 94 77 29 86 99 86 54 90
47 51 78 83 68 94 47 18 28 98 38 14 26 87 26 44 37 62 38 68 36 67 57 21 76 24 29 91 52 2 38 51 54 83 34 46 84 76 76 87 85 5 2 28 16 30 60 18 32 49 38 6 81 21 31 74 9 88 51 62 32 77 53 22 12 8 40 99 78 87 85 47 23 92 77
48 98 2 43 39 77 37 97 7 92 28 65 79 28 42 6 81 43 78 3 75 77 31 98 87 65 60 56 37 15 66 40 74 23 20 40 11 53 91 88 90 99 46 16 41 6 38 69 47 89 35 31 85 13 2 75 26 84 54 58 47 21 62 44 88 23 13 61 20 71 88 95 5 2 35
61 90 58 98 6 47 26 34 55 64 24 3 68 13 20 33 50 89 9 79 18 16 79 11 49 24 30 94 77 4 48 24 10 62 22 99 11 84 44 79 93 66 67 96 85 9 59 60 74 86 24 2 54 52 72 62 47 57 66 25 45 54 75 25 72 28 49 93 20 96 30 87 80 77 42
97 82 12 37 35 87 76 51 94 82 31 76 31 85 62 39 92 20 68 19 35 90 2 81 32 24 86 67 86 17 13 44 12 34 28 55 48 6 74 8 40 22 84 41 40 87 86 88 75 62 15 56 62 66 98 43 27 63 31 56 58 68 60 96 12 37 47 79 33 75 27 92 88 48 71
77 85 49 41 19 22 60 98 35 68 29 14 89 67 26 18 88 82 28 84 7 30 11 27 69 85 11 27 9 85 64 62 16 95 56 17 10 63 78 84 54 34 20 78 22 24 67 63 42 1 18 77 28 67 82 50 3 39 21 10 20 85 83 22 83 2 72 30 41 3 97 54 68 71 42
48 77 84 3 82 79 44 24 61 43 67 37 46 9 54 70 43 51 91 91 16 46 64 31 34 90 91 13 79 37 89 82 6 99 89 57 5 82 82 24 61 51 75 47 44 34 48 84 43 5 32 68 94 72 40 84 26 69 31 65 10 28 31 10 90 23 22 83 63 83 98 86 2 12 58
15 76 34 38 34 48 93 37 38 87 98 16 85 3 93 18 64 28 8 65 19 6 18 62 59 48 45 83 55 18 13 85 80 18 47 76 36 11 83 6 64 81 17 37 62 38 48 2 53 29 30 25 23 81 3 24 20 33 69 48 28 80 46 30 82 37 54 20 67 8 86 63 23 61 81
54 32 32 99 58 45 77 21 65 86 87 56 99 34 1 67 64 7 93 12 9 55 38 67 79 3 75 44 49 57 99 61 70 55 20 90 30 49 17 19 54 63 29 5 41 33 78 61 16 23 25 93 48 86 19 10 26 50 34 81 8 54 37 96 96 89 73 25 91 43 27 31 64 61 86
37 74 59 86 98 71 9 1 15 49 91 43 78 31 10 8 24 25 21 56 28 21 3 91 95 22 32 85 29 91 70 49 86 34 75 24 43 89 49 86 39 6 89 74 1 69 3 66 40 42 62 8 12 38 94 82 45 62 39 34 91 50 11 33 39 11 94 33 40 34 83 40 45 25 99
23 95 88 21 20 3 85 52 16 56 6 5 99 10 25 22 33 69 98 40 36 58 85 8 78 36 49 5 62 63 70 8 32 30 44 20 30 20 32 22 67 44 88 96 67 33 31 7 10 78 99 2 75 42 94 36 64 40 31 27 17 92 66 37 29 26 30 15 35 16 70 89 98 73 28
4 56 49 94 86 91 60 16 16 21 66 13 95 81 45 68 31 41 26 56 99 94 71 32 72 66 1 87 97 81 8 97 44 44 2 19 19 65 34 99 39 26 72 29 13 15 83 43 13 64 32 33 76 41 68 94 96 2 24 52 78 15 99 69 74 71 31 92 34 2 40 33 6 86 87
97 8 88 69 90 57 34 42 30 86 41 65 46 56 3 96 75 91 78 55 38 38 22 20 54 41 14 72 41 33 28 20 80 13 73 86 89 29 4 91 77 5 75 39 61 91 67 74 55 52 10 83 28 26 99 54 58 99 49 13 5 86 62 77 62 99 64 96 67 67 46 88 97 90 56
60 30 10 43 10 45 8 50 14 17 89 21 41 35 15 2 18 1 62 81 15 31 52 98 22 59 89 56 71 88 62 17 95 31 69 46 11 45 28 93 49 83 56 58 29 96 9 29 71 32 63 67 20 97 85 13 88 72 28 8 61 16 96 89 68 8 66 70 92 28 6 54 26 85 48
66 22 63 3 40 32 20 83 2 34 94 44 81 69 20 53 30 81 67 79 73 8 96 63 46 42 35 80 71 46 37 54 51 34 15 76 15 92 41 90 86 37 59 44 59 39 40 35 46 23 48 57 93 25 62 13 41 14 18 98 73 92 81 7 20 57 71 10 15 65 23 96 9 70 71
50 18 20 99 98 94 68 53 83 21 43 61 52 45 76 50 82 42 96 12 60 20 39 73 66 19 19 14 77 6 57 7 42 49 66 41 99 22 17 10 65 59 40 50 47 56 20 7 81 32 31 42 39 42 17 64 62 49 96 49 68 86 90 91 14 96 58 87 10 49 23 53 58 61 34
20 80 44 30 47 64 25 63 89 2 68 87 74 93 68 65 84 16 96 21 60 56 87 66 24 16 99 39 43 11 45 70 91 13 9 54 81 92 38 94 90 57 22 80 6 51 10 97 63 36 90 11 3 57 68 25 68 91 90 71 75 77 51 56 40 52 44 21 66 2 44 70 63 50 12
2 97 40 22 13 44 62 33 12 94 32 17 16 15 91 63 22 24 91 2 79 55 15 13 56 80 41 9 90 94 40 74 52 61 88 27 3 91 43 59 58 57 7 5 43 47 50 89 66 42 30 70 62 86 26 1 69 80 70 96 21 73 21 63 46 94 61 13 46 2 7 77 3 67 23
80 5 15 56 66 67 89 35 82 69 33 83 33 23 77 2 12 80 67 49 29 67 68 67 2 72 88 35 33 11 12 65 12 73 39 68 91 4 52 20 63 45 9 97 59 99 97 23 28 10 44 35 71 40 19 92 42 36 64 23 88 63 28 84 68 81 14 22 76 20 51 77 10 32 65
13 19 69 70 46 18 18 95 20 63 28 98 62 47 46 76 11 73 87 64 20 64 91 96 94 31 91 31 15 81 86 22 77 65 50 69 8 90 54 82 10 7 31 68 45 40 65 83 27 86 13 3 71 91 1 71 78 35 43 60 43 88 45 61 87 96 47 15 75 33 93 32 2 74 38
93 99 14 59 2 67 10 49 88 21 17 73 40 10 73 74 7 84 61 75 37 85 51 16 62 99 7 37 21 73 92 7 25 67 77 99 3 6 41 58 43 41 80 88 69 37 97 46 92 37 26 53 7 10 35 21 2 85 85 22 47 63 65 20 85 44 58 5 61 5 7 97 66 91 8
76 86 3 75 86 66 93 74 39 10 98 17 47 96 53 12 61 91 59 13 30 18 63 53 64 15 96 96 89 2 15 88 24 81 54 81 57 64 31 48 68 75 1 78 33 84 1 17 3 51 23 91 32 41 27 5 5 20 8 70 9 36 33 29 34 21 96 46 19 19 24 94 37 82 29
15 51 26 54 28 80 40 16 10 20 75 45 15 32 92 32 60 80 24 7 31 96 24 52 13 24 54 22 61 18 9 12 34 26 12 31 3 52 2 94 7 85 23 44 91 47 75 1 89 34 89 64 37 82 20 59 67 97 74 6 47 43 68 77 12 11 16 69 58 5 73 29 73 7 81
6 20 16 55 80 40 42 32 74 61 80 37 92 5 67 95 96 84 24 36 39 16 70 1 68 52 10 74 90 50 13 8 65 8 47 84 94 48 17 85 34 89 21 78 17 3 20 11 6 75 99 9 53 82 67 37 92 23 45 11 87 44 90 79 74 12 7 15 98 65 70 62 87 80 25
68 46 60 44 27 60 46 93 47 69 42 28 37 67 58 2 20 1 6 17 5 84 96 7 89 49 80 30 80 89 41 98 28 40 45 95 58 55 38 7 66 45 31 90 84 26 87 97 58 78 13 84 27 10 79 20 97 76 10 51 54 1 99 95 98 63 45 21 96 55 5 10 91 49 11
8 49 15 86 6 1 47 4 76 51 78 36 60 55 91 31 79 90 99 63 9 4 68 80 94 47 66 50 91 8 51 39 78 55 78 54 68 29 55 78 22 52 40 38 45 94 13 36 44 50 48 18 98 10 35 42 86 73 14 26 7 3 2 95 48 73 34 98 57 48 87 96 66 98 11
57 67 60 26 59 56 69 51 45 28 11 85 82 70 92 33 42 29 85 77 58 68 76 64 41 17 10 49 68 99 61 43 45 54 38 31 51 8 69 87 91 19 86 96 14 74 39 52 9 34 27 98 62 2 13 84 96 18 93 5 92 38 24 32 68 61 27 57 16 2 71 66 53 42 56
85 97 41 84 68 85 28 31 40 37 78 17 39 57 99 69 33 83 74 95 75 40 80 13 70 83 17 75 51 90 14 41 27 33 10 21 19 53 97 97 77 19 11 47 13 40 5 36 82 23 98 53 61 23 37 1 78 33 29 73 8 5 39 97 81 68 35 7 25 47 67 99 91 77 14
48 97 13 79 91 62 29 47 92 76 29 24 27 75 37 53 74 15 27 17 76 69 75 17 47 5 58 63 98 22 65 49 51 22 40 5 55 40 97 6 98 71 72 60 35 12 8 66 97 12 51 33 90 89 73 20 48 24 29 19 16 35 71 43 6 73 43 76 4 69 80 46 19 79 9
37 4 78 72 92 41 12 52 98 38 37 2 78 78 93 95 6 67 99 63 10 2 67 13 86 15 44 39 69 9 92 52 98 57 12 84 22 50 61 63 73 95 41 6 61 57 20 1 99 97 36 8 18 73 7 81 92 8 19 47 29 80 5 52 22 23 16 77 2 85 45 78 18 17 31
35 64 26 96 28 14 63 71 87 31 91 6 97 56 3 15 23 29 25 88 95 26 52 16 3 13 88 72 38 5 79 13 55 46 15 65 49 98 29 3 6 19 95 28 50 14 50 95 67 86 54 41 74 46 22 91 81 93 61 67 61 65 54 6 54 50 52 41 30 81 36 92 42 38 64
46 47 19 99 48 53 56 51 59 45 19 67 41 4 83 58 55 87 42 43 44 57 19 99 6 17 84 47 16 82 75 3 66 77 45 97 89 15 60 81 71 29 8 43 42 79 13 81 82 15 35 17 54 31 17 27 25 55 65 70 68 73 53 72 98 92 74 14 54 52 83 77 28 98 13
72 91 60 98 53 29 57 22 16 72 5 22 32 78 53 19 1 53 27 56 44 30 76 36 41 51 65 59 41 94 32 79 29 51 42 15 80 92 36 77 5 51 24 68 35 35 10 92 48 42 42 54 64 4 72 71 42 46 35 89 44 85 68 79 1 28 15 45 16 6 10 16 52 1 38
5 89 98 60 69 43 84 69 28 82 65 88 97 58 74 47 58 38 49 65 22 87 58 87 28 92 67 54 97 39 41 33 76 15 58 11 39 52 20 52 25 65 89 44 13 55 17 69 93 56 86 93 2 16 17 21 11 13 64 91 1 54 64 8 28 35 61 77 30 8 98 94 77 87 84
25 95 99 9 50 93 69 73 7 1 25 5 68 97 43 51 32 56 97 91 13 7 74 64 59 29 43 38 81 84 53 14 43 99 69 6 72 50 71 67 4 28 94 62 10 53 54 24 29 40 12 41 58 11 57 4 59 6 85 75 66 84 20 37 49 40 15 60 14 17 54 6 89 39 28
93 8 67 13 85 56 87 70 96 51 1 33 40 67 15 40 35 51 79 36 65 80 54 79 66 47 20 45 71 78 99 24 2 65 57 22 64 80 22 78 45 93 87 51 64 53 35 77 62 38 1 78 72 71 98 11 95 93 98 20 58 74 29 12 88 35 74 87 40 89 95 30 45 14 85
30 49 37 52 45 86 30 93 30 80 4 99 32 72 13 12 50 49 9 21 84 20 89 38 14 15 97 84 95 74 50 45 12 72 3 98 51 35 92 39 40 10 91 78 27 21 92 80 62 63 33 38 96 48 91 85 11 30 53 47 31 93 96 10 70 14 59 90 3 12 53 36 88 93 40
61 22 30 72 87 38 60 85 44 8 49 86 39 80 49 88 94 67 55 6 80 41 12 11 27 90 16 4 31 80 77 16 58 30 99 46 39 68 38 98 87 8 27 92 49 87 47 79 80 13 58 10 65 42 78 15 97 20 67 64 88 80 99 66 55 3 25 57 4 70 61 75 92 55 39
36 29 71 91 66 82 70 37 71 96 35 98 1 57 2 5 86 34 47 69 77 51 80 66 11 40 34 61 90 18 27 81 17 59 73 2 96 51 4 9 78 27 68 74 67 99 14 94 13 15 60 18 77 73 4 17 14 31 25 97 38 63 60 80 37 55 19 47 8 82 95 38 93 67 95
74 74 26 87 67 14 35 46 37 22 62 6 16 34 43 96 43 73 42 33 12 8 20 92 25 9 33 93 97 18 34 42 82 89 85 10 47 98 96 19 65 52 94 80 47 92 86 45 37 78 48 17 97 25 27 15 16 94 75 83 22 37 34 59 65 60 82 70 68 63 22 76 57 87 78
54 27 97 53 49 18 42 14 35 70 30 90 69 62 43 22 52 35 50 94 63 98 76 96 34 51 48 71 6 42 44 49 64 63 60 26 65 85 9 5 54 61 38 9 78 37 80 84 39 23 27 83 89 45 68 8 49 98 49 87 32 64 20 58 12 17 18 40 32 99 72 94 33 3 65
77 28 9 1 97 22 94 30 74 91 32 77 81 22 86 24 23 53 78 85 63 91 50 16 66 90 54 31 7 15 38 62 47 42 75 47 99 43 31 16 26 18 26 68 72 30 59 68 39 54 84 91 49 63 27 10 47 68 21 94 89 18 10 21 90 63 69 61 13 29 64 14 7 7 80
38 33 32 32 46 34 11 39 89 12 34 6 98 5 66 22 46 19 41 59 60 20 52 27 30 84 4 60 6 50 12 18 20 75 63 99 22 36 84 40 98 1 52 39 49 16 56 19 15 2 19 47 67 13 9 49 45 21 77 52 43 30 17 13 32 80 10 50 80 39 32 32 1 7 71
72 28 86 26 32 71 4 9 94 42 61 35 99 1 62 97 93 78 31 85 30 42 22 25 95 57 58 87 9 88 10 88 42 45 73 24 67 36 89 14 61 59 50 38 1 75 81 94 64 68 14 80 19 20 18 41 64 90 89 54 41 95 42 42 4 25 57 56 58 48 90 89 74 17 83
11 66 10 66 97 97 89 60 56 6 56 96 14 69 20 7 57 85 34 50 92 89 48 91 86 57 43 15 2 66 89 85 8 70 91 94 61 23 13 60 68 88 8 93 30 63 21 20 64 72 63 16 50 62 56 58 56 7 97 65 66 57 73 43 83 89 29 37 30 81 31 16 86 16 94
48 61 49 93 53 30 19 27 51 47 59 25 73 20 47 45 12 35 56 27 25 97 71 46 93 29 92 18 62 79 91 42 16 20 58 77 65 30 97 98 88 15 75 13 90 91 31 31 27 89 96 89 7 7 66 92 53 19 91 81 25 37 5 56 76 54 71 99 1 52 71 29 14 32 56
9 42 59 41 18 35 80 95 5 69 46 27 97 17 69 49 89 19 1 43 52 96 41 75 42 1 84 57 64 50 82 23 79 49 26 82 74 28 80 59 33 65 98 49 37 61 95 72 8 40 11 24 14 38 87 81 75 41 88 59 39 82 32 23 49 70 50 22 62 22 53 28 97 92 74
76 53 1 43 9 64 5 82 17 98 7 54 62 65 59 92 63 32 43 84 65 24 37 68 94 61 96 31 88 59 72 23 76 95 82 33 61 4 90 26 98 33 43 68 96 95 49 93 97 41 25 45 59 55 43 28 9 52 41 87 28 45 46 28 7 76 95 93 5 67 59 38 88 23 71
18 19 37 3 57 74 40 81 35 69 61 98 99 98 76 79 49 1 61 1 71 9 11 84 30 26 17 42 84 81 67 87 4 16 25 57 27 86 82 4 96 6 93 27 9 40 79 38 74 13 21 24 36 78 99 99 92 90 84 14 58 97 85 78 85 40 31 88 89 66 9 43 9 67 61
6 46 68 33 6 56 49 23 13 28 25 80 84 32 27 45 19 5 41 53 6 35 55 9 85 96 33 59 52 71 5 60 25 5 19 1 64 76 42 41 68 91 81 17 12 13 21 43 78 88 12 37 69 61 76 5 45 4 76 76 99 13 28 59 83 54 61 12 64 60 55 34 62 8 74
78 4 42 80 23 38 23 99 50 21 55 78 63 46 52 88 90 29 87 65 54 93 40 58 52 6 11 32 80 41 38 50 79 5 78 10 33 6 84 50 63 19 55 84 38 63 2 32 38 85 57 58 84 61 35 17 79 24 14 79 21 10 50 5 48 23 61 17 12 36 72 3 16 61 94
86 91 47 82 68 67 68 79 43 88 88 97 52 6 13 53 45 67 13 76 36 32 71 93 73 53 96 10 66 59 57 30 67 15 45 30 30 45 23 70 38 75 29 53 22 35 36 64 37 57 25 95 38 17 12 39 86 13 99 98 77 37 32 20 82 48 37 54 95 52 71 19 55 81 13
23 92 49 22 29 25 6 80 55 5 32 5 12 39 99 72 32 9 4 31 96 73 9 59 3 96 96 8 32 87 32 12 46 73 90 87 93 74 7 70 46 68 52 98 58 45 96 43 24 62 78 23 69 58 91 78 45 7 49 28 9 60 72 57 32 18 68 13 61 66 61 64 31 72 87
3 24 50 59 68 6 71 6 67 1 43 10 10 88 42 82 22 20 45 93 61 18 48 3 11 44 87 74 63 46 21 1 94 13 50 83 44 33 27 56 62 84 50 59 30 19 95 76 56 73 59 38 42 93 37 18 49 30 68 91 3 42 43 3 66 9 81 60 20 19 44 60 90 18 34
47 29 55 15 39 55 18 11 43 95 5 42 7 16 25 82 45 78 12 67 38 49 76 91 47 94 61 19 22 32 55 48 58 97 28 77 62 11 27 77 36 93 39 29 36 37 62 26 25 8 9 93 51 44 10 13 67 84 18 78 65 26 66 77 77 73 90 49 26 77 57 31 89 51 3
45 53 88 82 66 1 3 65 33 97 1 52 69 40 95 50 78 17 11 19 6 97 7 88 52 27 80 26 43 64 99 85 45 74 2 96 31 4 8 44 65 88 22 9 89 62 5 6 75 85 76 60 73 49 29 38 66 14 77 37 97 74 84 34 66 77 43 94 61 99 63 58 79 13 22
36 31 63 2 71 6 63 14 78 87 38 20 19 55 38 62 61 44 90 21 60 24 35 2 19 51 60 35 79 72 21 36 41 44 18 8 27 95 23 56 28 29 17 19 52 93 44 12 43 79 36 10 43 3 40 23 36 90 41 55 25 6 55 41 3 55 67 20 10 77 78 47 88 65 50
82 17 81 6 65 93 90 86 84 81 47 74 33 74 72 69 88 74 25 46 82 47 5 92 69 70 9 34 85 85 15 45 60 87 59 41 96 91 52 15 74 90 84 48 30 1 90 76 14 52 12 90 3 67 9 96 61 54 59 73 43 82 83 47 62 35 85 46 16 36 17 99 69 53 91
73 23 25 10 53 97 28 82 19 9 66 50 50 5 40 56 51 85 67 89 78 19 84 31 84 22 12 54 48 68 74 27 15 50 38 73 33 85 3 7 20 77 85 28 72 26 54 95 4 29 52 12 58 42 99 99 89 99 90 22 70 25 81 56 1 78 34 96 71 2 7 65 19 88 94
44 25 62 83 77 64 46 80 13 30 81 74 70 10 87 95 84 1 33 51 56 86 2 99 81 62 41 36 48 35 81 10 40 79 41 44 19 40 40 10 36 19 82 2 37 35 53 7 94 93 96 49 64 43 57 8 88 71 80 29 97 92 6 79 45 28 2 23 59 81 37 12 53 87 38
29 76 69 66 12 32 81 64 11 21 38 46 46 19 16 24 19 95 49 66 15 13 3 38 66 3 40 36 27 46 19 18 61 43 92 13 59 20 10 3 72 12 49 21 8 4 76 72 11 39 37 83 26 81 10 30 46 38 10 75 5 14 89 8 10 5 58 28 32 71 37 39 97 2 10
52 49 50 74 36 86 7 86 56 62 82 82 66 46 62 24 65 87 36 2 68 17 84 31 48 20 86 52 46 6 6 1 34 28 55 55 7 83 21 95 8 13 44 80 83 56 58 41 9 71 28 91 12 90 53 79 78 19 98 59 83 5 48 60 66 9 29 24 11 99 9 65 81 38 68
68 64 64 68 81 94 65 83 76 41 59 34 93 20 82 68 95 6 36 46 64 85 25 27 28 43 88 33 86 16 38 67 19 99 77 22 16 96 6 37 92 53 61 38 78 91 60 65 12 26 19 42 17 77 40 98 26 88 58 8 45 34 9 82 2 4 60 78 39 97 2 66 71 97 90
28 8 45 80 8 48 33 27 61 89 44 8 65 54 13 34 27 14 61 37 92 15 38 63 13 69 33 69 30 52 36 28 32 72 98 75 71 54 54 8 94 16 84 26 85 34 99 30 21 93 25 34 75 23 37 33 41 86 97 23 46 72 47 30 40 59 46 79 92 89 64 19 18 92 92
18 96 30 4 91 29 66 47 72 58 59 7 47 1 32 64 81 54 7 80 25 32 27 57 34 56 60 33 46 27 50 41 74 37 59 66 96 42 52 64 8 53 60 40 96 93 34 8 84 44 29 3 54 46 13 31 27 58 92 93 21 84 17 16 32 48 13 17 14 81 42 26 89 73 40
30 95 85 66 97 72 82 70 74 59 71 78 7 33 2 91 7 59 60 5 13 58 60 73 72 1 59 44 62 47 16 12 40 59 7 95 64 25 51 20 82 28 48 83 26 9 5 36 40 39 54 49 27 74 36 84 74 49 70 69 77 46 11 33 35 22 49 47 19 13 73 6 17 35 49
44 20 1 65 74 36 38 13 7 56 96 29 3 98 94 35 27 57 77 53 53 80 63 87 37 92 22 10 39 16 78 83 98 86 9 28 4 72 99 47 24 3 61 23 33 75 27 54 30 67 12 56 27 36 74 16 86 7 66 34 84 95 71 85 75 15 91 81 91 41 68 29 18 58 41
79 57 52 45 36 10 10 4 57 87 21 62 49 18 8 39 68 46 92 95 91 44 94 25 72 2 37 97 84 3 31 37 72 36 57 23 28 89 45 31 63 43 95 57 96 97 30 53 22 22 54 35 87 71 73 13 79 22 20 16 73 75 43 23 18 13 49 22 38 9 31 37 32 55 74
45 73 59 92 16 72 94 96 93 9 90 90 31 39 77 91 52 34 93 26 15 83 60 25 40 19 90 18 83 78 56 71 69 75 40 54 10 57 28 54 69 73 12 14 78 20 96 26 29 77 20 89 55 92 92 38 52 61 91 63 41 79 6 29 34 38 62 74 97 83 85 28 11 77 18
17 70 20 58 42 84 65 5 81 91 65 82 57 51 72 55 33 72 2 97 22 30 36 83 51 25 11 70 46 51 52 73 1 16 65 16 6 39 52 17 42 97 91 27 96 81 51 40 41 83 52 45 81 72 72 36 29 66 2 35 9 15 86 44 88 81 98 36 6 78 88 15 35 13 95
14 70 95 82 73 27 56 93 98 29 34 96 79 61 13 84 90 12 86 5 72 52 8 70 93 28 82 43 50 18 71 65 68 97 63 61 57 20 77 3 32 13 15 73 22 2 58 52 73 75 2 9 41 63 3 77 80 94 51 99 21 33 52 31 76 92 82 22 65 40 50 13 7 28 38
45 19 68 62 13 76 61 86 95 58 71 84 91 8 52 43 62 22 57 76 91 95 15 45 39 27 88 19 26 74 31 43 55 27 25 96 16 77 44 76 16 70 93 81 10 23 76 59 3 89 99 77 21 33 1 23 72 59 42 30 81 32 85 92 1 51 86 91 8 38 47 9 92 17 98
28 46 56 22 78 30 20 5 52 91 81 9 77 69 94 31 50 45 6 23 77 72 33 57 16 62 19 62 54 2 97 94 6 95 7 49 27 57 83 92 43 29 85 87 64 38 22 61 13 86 63 6 58 30 48 79 32 41 98 67 79 32 7 22 8 37 47 48 38 42 10 18 61 60 3
48 91 90 38 24 84 68 1 53 61 19 34 66 70 45 81 72 98 92 37 23 39 77 97 70 66 44 71 76 78 60 23 38 71 82 53 14 26 46 37 31 32 76 2 2 22 90 90 83 34 43 32 74 48 54 73 31 87 24 99 63 39 1 74 5 52 7 46 90 90 79 67 63 37 81
10 47 92 61 57 7 57 40 42 7 17 44 66 92 38 33 52 63 39 98 93 8 79 56 69 47 40 92 94 49 73 51 15 60 91 7 92 96 24 42 31 97 6 48 78 14 89 31 42 57 85 70 54 2 44 12 34 83 42 46 84 17 51 65 10 27 41 66 98 34 68 72 5 30 67
47 26 38 25 59 83 71 67 98 97 16 80 42 72 59 83 69 99 2 75 58 10 39 16 87 4 80 75 57 1 23 20 98 19 91 22 14 40 89 86 67 59 1 1 6 63 93 36 61 83 97 39 42 28 70 74 16 99 18 85 18 31 20 80 80 93 20 68 62 79 90 52 51 16 88
24 30 6 58 84 17 93 87 34 22 31 31 67 9 30 8 24 77 81 85 65 58 45 84 29 73 92 19 14 1 24 68 91 88 57 52 21 47 32 87 60 67 36 36 52 41 75 3 19 67 63 44 18 69 96 22 48 93 57 49 65 47 91 91 98 65 26 65 4 68 57 89 95 32 94
67 3 66 5 28 70 62 17 65 11 13 48 13 71 2 70 92 55 25 10 35 37 87 52 75 82 47 84 98 2 70 60 65 63 97 25 37 66 72 47 61 97 93 72 4 23 87 39 31 40 65 16 84 62 6 89 55 6 16 59 21 37 81 92 8 82 14 99 66 40 34 99 68 36 14
26 43 79 3 43 79 99 77 14 72 22 79 1 96 44 35 91 1 83 5 40 57 85 23 95 54 72 93 29 31 40 92 51 97 81 63 97 86 64 28 99 56 48 67 37 61 3 16 88 59 10 22 35 77 44 17 93 52 48 6 57 22 85 43 96 31 50 21 44 49 18 35 68 88 69
72 53 46 64 62 83 62 39 58 13 38 94 61 34 32 46 22 67 31 38 52 79 50 97 14 25 85 83 63 26 81 29 23 77 81 43 10 44 59 80 94 78 96 29 38 44 61 96 46 42 40 41 17 19 32 13 57 15 38 45 26 72 35 44 94 55 66 35 1 36 20 12 26 63 52
85 7 19 85 59 73 4 96 48 14 49 73 44 18 99 60 51 61 35 38 13 23 34 12 97 94 24 33 20 84 79 69 81 62 79 68 44 45 83 69 71 83 60 42 38 99 14 62 54 96 52 85 33 49 33 52 49 64 94 60 43 31 73 78 84 98 72 73 80 12 44 79 58 81 9
30 50 72 20 93 67 4 80 86 12 9 94 79 49 31 38 78 74 79 17 80 93 69 24 70 30 56 8 7 9 82 64 76 26 21 85 5 92 74 26 34 94 45 81 5 22 85 77 60 23 15 12 78 24 38 21 86 47 9 53 46 47 81 9 14 95 3 17 26 54 58 15 30 82 90
96 76 60 91 45 17 88 7 91 87 90 37 32 4 8 4 2 95 32 55 16 83 74 98 92 86 92 38 79 48 5 93 30 24 73 41 59 98 28 58 79 7 74 60 3 49 1 42 28 25 37 14 49 88 59 90 66 28 5 99 55 16 3 24 47 20 95 74 78 76 73 44 66 3 37
16 69 61 52 14 50 9 28 50 29 86 31 66 22 30 63 79 8 94 9 66 46 5 2 48 22 92 78 94 50 54 67 64 84 90 16 19 32 91 68 58 64 56 82 37 34 55 47 42 93 11 16 5 41 15 77 44 2 83 37 80 8 14 66 78 34 19 46 39 45 78 67 47 74 23
60 39 4 84 60 27 95 97 96 98 9 40 62 6 92 87 46 53 46 24 69 11 90 4 63 6 21 3 81 76 66 26 41 54 95 17 1 91 81 1 59 17 60 54 27 15 59 60 10 86 8 48 18 86 35 26 93 98 43 2 86 64 5 86 36 51 15 49 80 71 31 50 57 82 81
23 71 9 39 43 47 89 2 59 2 62 74 2 78 84 3 30 59 53 83 22 37 46 16 15 55 91 34 73 60 8 39 31 99 73 80 46 25 77 80 59 72 58 16 73 43 51 39 26 71 5 23 39 34 49 61 17 97 56 76 87 13 53 8 6 18 50 93 57 77 35 4 97 37 84
78 96 74 18 7 78 43 46 57 30 35 99 28 18 88 46 68 68 45 26 27 60 44 15 36 53 82 9 51 31 39 6 63 4 50 45 67 31 45 49 12 55 3 43 5 37 79 24 87 84 24 15 30 95 88 40 74 1 57 83 65 81 52 66 66 40 86 91 7 58 71 8 85 99 78
21 9 89 60 3 4 51 71 36 91 1 85 38 32 18 62 59 54 11 34 34 45 36 94 57 86 89 72 15 74 99 3 73 73 71 59 16 70 94 73 42 32 50 9 84 75 64 55 93 26 67 25 38 93 13 97 88 74 50 73 7 3 93 27 16 26 99 68 53 9 6 81 77 51 28
64 31 42 42 74 36 17 21 39 82 53 58 90 29 51 48 25 71 40 72 57 18 30 79 29 75 67 52 7 57 33 39 57 15 74 42 48 49 2 33 21 75 28 16 31 30 90 4 53 32 5 74 3 8 1 53 62 26 39 78 16 14 21 92 68 73 69 38 17 45 17 47 39 44 42
74 51 99 51 50 19 7 78 56 71 11 70 78 57 74 39 21 42 92 78 3 23 40 58 5 21 63 92 27 79 4 15 7 32 28 32 25 39 84 69 36 81 90 29 13 15 43 45 86 26 29 94 64 55 12 87 57 57 95 55 31 80 32 31 33 34 68 17 2 76 47 28 46 92 85
41 46 80 90 91 83 71 69 21 89 11 29 49 48 69 66 7 67 99 78 60 97 17 21 82 82 90 59 53 97 45 75 23 39 27 53 35 8 21 37 59 28 42 55 13 67 89 67 29 70 63 27 95 23 72 27 18 24 75 34 58 76 28 49 12 61 62 55 39 28 71 35 4 59 27
68 52 33 82 31 53 43 63 50 22 96 84 93 25 46 65 64 6 57 96 13 96 48 15 40 61 15 60 60 97 96 54 8 74 47 58 75 87 37 28 86 84 10 52 27 18 82 23 10 29 72 38 73 17 89 13 3 72 71 39 40 76 31 3 45 53 3 88 14 24 14 52 59 45 4
35 80 38 23 44 48 11 48 80 37 6 55 38 46 56 49 3 79 95 45 83 39 92 37 5 26 96 29 79 78 85 54 45 72 67 39 5 40 15 68 59 13 57 26 86 40 76 24 81 29 43 10 37 57 9 78 87 73 17 59 20 84 52 13 53 19 85 85 7 58 67 32 21 81 69
90 38 5 85 20 59 57 64 15 33 50 81 8 11 92 99 40 65 46 20 55 76 76 9 52 1 14 78 89 40 43 27 38 30 19 43 84 38 62 2 68 99 17 25 62 19 82 31 97 11 47 2 69 91 71 3 57 3 61 52 63 41 46 72 37 78 92 66 6 24 86 71 66 32 12
61 89 39 57 50 92 81 45 17 70 26 91 81 52 99 74 18 24 6 73 40 1 65 4 81 79 90 17 95 61 56 82 36 24 5 31 96 36 75 25 18 80 6 61 11 64 50 13 47 69 8 95 51 91 11 35 14 74 94 79 87 46 42 88 94 85 29 57 52 74 81 93 70 93 71
35 46 34 79 24 64 28 10 3 86 50 93 60 69 19 12 69 6 17 37 38 60 75 84 75 88 8 28 2 9 16 86 24 10 63 72 61 8 38 63 98 47 67 13 30 38 50 80 87 15 35 44 97 32 44 32 66 45 76 84 6 58 43 66 78 25 68 1 95 99 22 65 84 85 2
17 65 18 5 17 12 66 54 57 82 37 20 5 60 79 99 51 51 12 81 38 6 17 40 51 45 50 34 84 96 81 9 71 38 96 28 3 28 23 24 14 43 91 88 6 56 54 74 8 12 62 6 26 37 73 3 59 29 54 69 56 96 34 41 98 50 96 79 23 12 83 42 10 41 48
28 22 56 51 78 76 63 2 32 51 37 41 70 60 92 10 56 61 49 12 80 76 97 28 67 99 85 31 70 72 20 26 98 79 75 49 43 49 96 67 55 89 4 12 96 13 56 15 30 40 90 44 92 58 83 78 33 58 50 41 88 97 83 37 7 53 5 85 43 46 76 94 69 68 1
27 78 95 38 24 5 23 12 4 99 6 74 23 11 49 74 89 93 6 73 59 74 26 5 75 35 70 58 45 32 8 54 10 79 75 95 44 59 6 91 81 63 53 98 57 53 50 38 95 1 97 69 29 89 68 77 45 33 53 84 62 16 75 93 82 73 38 82 97 8 20 54 79 18 88
97 54 48 50 19 13 88 27 31 1 8 71 97 67 88 22 97 20 34 18 43 63 77 40 61 4 90 39 29 81 50 51 86 44 85 12 76 97 50 28 9 34 37 94 74 57 70 20 89 84 56 21 22 31 67 33 60 36 66 54 16 5 74 80 69 33 19 59 30 29 53 27 59 46 76
2 66 80 55 47 77 78 64 41 54 67 67 4 15 82 93 63 46 97 3 79 53 34 94 89 95 10 57 2 5 76 65 26 8 78 53 2 5 88 46 18 44 46 77 76 71 82 98 93 14 88 30 63 10 38 14 11 36 6 73 32 74 61 36 14 13 33 29 90 35 43 17 98 23 93
97 99 25 82 24 97 19 54 74 71 5 33 27 73 18 66 87 79 1 33 52 27 21 3 10 21 60 85 46 36 55 30 87 46 99 79 64 84 10 99 46 46 85 77 53 37 46 87 77 27 47 22 96 48 51 34 7 24 29 19 99 52 99 71 6 42 66 31 73 54 51 51 12 10 1
97 65 92 99 3 45 23 81 10 58 87 97 56 14 87 67 33 23 24 45 99 51 57 1 25 13 74 95 69 33 82 85 36 95 83 81 11 75 15 27 26 60 51 42 3 48 37 23 20 56 55 25 20 21 92 6 77 69 30 10 24 23 67 65 88 2 44 51 3 24 92 67 90 22 66
3 61 36 97 83 69 28 58 37 28 41 84 72 64 40 50 54 18 61 40 66 89 65 61 10 18 40 71 26 47 69 38 81 42 72 37 3 78 23 54 89 3 28 97 93 62 74 4 81 50 39 50 99 66 3 88 54 33 35 14 93 84 45 68 45 38 14 23 4 39 47 14 9 56 38
28 35 91 17 84 30 92 38 81 99 97 62 44 18 72 93 55 75 96 8 48 50 42 28 88 54 75 28 28 50 38 87 47 7 80 45 34 56 50 65 17 54 93 20 91 14 23 71 41 87 57 4 84 63 24 5 88 9 55 38 63 39 10 43 32 87 64 14 35 90 33 39 12 83 33
68 27 46 48 99 3 81 35 2 4 98 40 24 97 53 14 10 63 11 54 74 63 78 62 80 37 81 70 23 68 9 36 22 52 92 94 11 38 66 69 10 39 97 19 55 29 47 38 40 94 43 81 2 11 65 64 58 66 40 60 70 56 76 9 1 28 69 72 56 97 61 54 36 28 53
97 81 17 2 96 32 40 96 54 6 93 99 8 9 92 23 21 66 33 19 80 64 9 19 92 97 7 7 13 87 35 99 10 53 60 44 14 16 37 26 6 9 35 91 89 21 73 31 33 32 64 12 61 48 69 8 26 94 31 4 19 75 90 33 34 18 65 36 26 10 49 25 29 17 85
57 65 66 38 6 59 22 88 98 11 48 61 21 85 98 2 68 31 67 25 96 18 60 75 3 60 53 2 96 40 56 15 73 63 81 26 86 90 55 71 41 73 44 16 64 23 93 42 76 4 42 18 54 98 68 93 93 53 63 76 78 46 66 15 21 89 87 29 78 67 21 84 47 62 25
65 88 99 58 72 41 56 96 21 4 78 10 19 67 88 66 90 79 98 61 68 78 17 22 87 37 8 13 41 6 60 14 84 90 54 61 66 85 70 21 91 63 17 80 87 59 7 24 9 54 30 88 34 93 38 56 35 5 28 47 95 93 53 92 55 99 10 37 28 95 4 41 48 62 55
33 42 33 81 36 80 48 45 99 45 99 51 61 76 31 5 50 6 36 49 6 17 68 70 20 61 67 69 51 20 44 2 62 73 87 94 21 20 65 85 76 22 10 90 67 59 69 91 11 34 83 26 54 77 15 21 93 95 39 56 45 88 7 62 40 5 26 89 46 13 86 6 12 47 43
22 44 76 20 68 1 81 32 52 8 64 95 83 56 52 29 11 5 93 17 83 4 81 82 62 33 68 66 3 99 82 6 3 68 67 54 48 63 83 71 71 61 33 31 44 55 40 48 77 39 32 75 23 51 71 97 45 98 29 78 17 14 19 33 80 2 13 6 37 81 53 36 50 42 75
38 1 65 41 18 48 16 44 46 29 67 1 22 53 79 66 2 74 45 35 89 91 33 35 37 16 7 21 97 82 86 13 72 4 87 42 77 50 94 26 54 22 2 42 71 76 72 69 15 72 87 67 90 99 70 82 78 75 68 42 91 85 21 94 75 16 56 44 77 20 1 44 40 8 66
66 55 29 38 96 28 94 10 77 82 27 97 75 96 72 56 81 23 70 45 17 83 32 86 12 93 47 30 57 74 73 8 19 91 59 15 73 3 95 73 92 65 29 58 55 95 5 57 58 23 66 28 15 71 31 46 85 15 98 16 90 26 30 75 36 97 80 91 29 83 5 35 24 99 25
58 41 34 21 19 93 25 39 76 47 44 85 53 19 63 92 25 49 56 47 29 71 91 12 27 55 28 32 46 34 31 42 43 28 44 67 47 44 16 55 22 82 59 94 16 62 29 85 1 15 82 89 42 40 81 27 30 43 42 87 54 22 45 92 30 68 78 88 83 49 78 68 41 10 64
88 2 40 97 50 50 37 77 42 95 75 36 65 50 91 80 6 45 72 43 38 16 6 4 55 50 28 21 44 54 81 70 14 12 92 95 60 15 56 50 16 81 6 43 36 37 35 40 11 72 14 42 58 96 10 31 79 80 63 89 99 15 55 20 39 98 1 47 61 74 14 8 53 39 53
89 64 6 50 8 62 3 8 98 71 20 4 94 52 1 38 23 10 1 24 50 45 58 93 52 44 39 36 31 78 86 40 40 10 61 8 25 53 71 76 59 89 71 65 40 5 65 71 22 12 11 45 8 82 32 32 46 36 62 56 3 64 24 71 19 38 50 76 21 91 79 80 96 52 31
27 83 32 8 85 33 71 54 18 15 59 72 77 23 69 21 43 91 29 69 37 25 17 57 57 35 73 60 40 87 86 61 43 27 13 80 6 93 20 70 61 55 54 86 6 41 32 41 11 49 18 56 6 39 41 93 60 48 1 90 79 65 8 35 31 6 40 55 46 62 5 2 94 8 48
69 35 18 57 90 15 11 76 92 53 48 48 96 8 70 55 28 41 71 7 80 60 88 73 29 4 2 59 87 96 32 55 69 49 58 71 44 84 28 46 14 83 8 72 46 39 49 90 1 52 44 92 95 21 53 26 3 4 7 75 63 64 24 25 17 35 66 42 19 97 49 15 30 63 92
72 8 92 24 10 53 22 1 4 43 65 68 77 51 22 73 61 40 84 62 94 54 30 82 72 48 78 47 64 23 53 65 68 8 73 36 32 38 41 96 3 62 64 76 96 69 46 83 50 98 76 50 93 15 59 86 5 39 84 42 98 58 54 70 50 30 22 67 36 65 83 15 58 56 43
48 67 77 72 63 98 16 7 20 29 40 57 11 11 46 1 31 89 10 60 71 86 92 71 61 70 91 20 38 87 14 82 32 35 55 53 39 5 69 46 58 25 66 64 42 51 10 77 71 76 33 41 79 23 8 99 91 13 45 21 29 23 56 83 91 23 68 63 1 9 92 8 5 27 69
81 24 98 5 81 85 7 72 5 57 95 10 40 72 44 22 44 50 14 95 85 22 68 20 16 14 9 65 64 97 22 73 34 4 54 67 5 4 22 63 26 41 50 78 83 48 75 29 46 77 64 35 44 78 27 9 56 63 74 41 91 98 51 98 74 72 67 43 87 15 43 6 94 50 12
57 48 87 29 89 97 74 5 15 10 81 2 4 11 22 84 84 97 84 31 52 85 22 6 5 12 18 56 66 59 61 93 34 14 98 63 97 93 67 41 87 39 45 9 92 53 51 21 63 17 61 4 60 32 1 71 55 30 34 73 52 81 22 13 94 47 85 65 17 99 17 86 23 49 61
27 98 41 1 19 31 35 29 99 2 98 91 17 85 59 51 41 41 83 6 64 71 6 4 18 71 83 19 36 84 28 12 5 56 38 71 90 31 66 88 64 28 39 86 35 16 68 27 92 31 59 76 16 84 99 53 3 73 34 62 57 90 29 10 68 47 85 37 52 50 96 68 40 47 16
39 35 38 24 96 79 88 85 6 22 49 73 82 23 38 55 80 92 55 55 78 6 59 41 47 11 95 25 48 49 64 32 27 80 6 17 18 55 83 20 21 37 6 41 23 59 2 8 20 49 59 56 62 5 14 68 24 90 3 56 48 50 22 7 57 54 99 90 58 40 37 29 8 52 72
81 42 21 53 83 84 39 80 47 2 78 62 55 67 6 68 56 55 11 21 62 10 82 94 39 42 48 33 37 49 69 58 37 84 20 30 73 32 38 81 32 30 79 93 59 86 34 84 41 88 49 36 75 15 11 54 7 65 58 68 87 37 60 7 33 43 96 6 80 10 31 94 88 46 98
84 28 14 61 60 82 58 33 71 86 49 6 34 52 30 91 8 76 98 93 43 39 78 16 25 7 83 50 80 28 44 32 69 2 3 49 87 32 73 13 14 6 73 3 58 98 78 15 98 17 62 81 94 59 75 53 69 87 10 99 93 46 80 84 33 3 24 30 41 66 4 45 32 79 69
99 38 80 61 45 9 92 86 4 56 45 33 4 75 23 68 77 35 29 22 37 55 50 91 41 61 81 14 35 86 42 79 68 94 50 22 61 43 24 47 10 74 45 80 39 74 33 8 84 25 21 76 97 2 74 66 56 14 55 64 54 11 64 82 91 88 37 64 60 13 35 65 91 45 93
22 48 92 27 32 2 20 11 81 45 73 98 21 22 73 23 10 40 67 88 80 96 64 97 80 31 64 38 67 14 1 60 65 54 80 80 66 36 93 8 5 10 43 91 61 82 31 48 57 6 17 51 46 20 78 69 49 8 42 28 38 90 12 17 17 73 39 79 66 93 71 18 11 41 38
56 1 89 21 18 39 5 57 84 29 47 49 16 22 88 25 53 79 29 16 54 96 38 59 96 80 62 63 52 85 24 40 34 83 36 15 74 64 63 50 29 9 58 41 27 26 84 40 35 52 64 15 96 67 78 21 9 63 63 49 8 4 94 1 26 80 19 17 38 1 46 64 92 10 55
30 1 22 77 7 92 41 18 5 99 71 51 43 56 97 72 80 23 45 91 23 15 75 48 28 13 93 66 89 60 88 83 39 39 75 7 63 79 53 73 91 88 44 10 58 4 89 71 68 5 70 85 14 30 30 3 6 54 93 76 48 12 60 16 11 26 84 35 75 1 2 97 44 31 13
64 75 11 10 76 52 30 57 47 29 37 17 29 30 76 51 22 13 56 24 99 47 31 53 23 1 91 1 93 90 89 21 38 50 88 88 56 95 32 32 68 64 93 49 19 27 27 17 50 57 62 51 19 28 53 69 92 60 51 30 30 19 67 29 58 29 69 10 16 44 32 98 17 60 42
2 76 68 71 33 7 51 70 91 41 41 82 95 68 92 10 27 71 6 55 92 67 19 71 22 41 92 5 57 39 48 90 81 83 80 95 15 8 68 25 56 51 30 42 71 83 30 16 31 99 21 93 14 99 48 85 32 67 55 23 40 10 84 21 66 39 89 2 15 73 64 76 57 22 82
97 8 42 97 86 74 30 52 47 7 33 39 71 19 4 68 49 57 58 7 82 59 33 46 23 75 95 66 18 17 11 63 64 77 10 76 79 85 49 47 1 69 31 29 18 51 63 83 25 97 97 79 15 81 40 61 40 68 39 84 83 59 84 27 4 20 19 98 86 90 37 19 42 68 76
24 91 51 78 41 66 21 43 37 88 90 87 53 89 3 20 17 86 10 47 87 11 20 11 54 10 44 25 95 84 3 92 54 16 60 53 9 18 87 83 45 27 45 86 64 45 22 83 24 32 41 65 74 24 7 48 41 76 97 36 9 12 88 17 51 16 84 8 34 48 80 47 89 77 15
10 76 98 19 38 60 57 87 33 23 84 62 95 66 13 77 71 9 65 48 33 93 19 49 40 21 69 3 41 60 47 62 64 71 18 92 33 29 98 39 32 99 43 60 90 47 85 25 8 87 6 18 21 45 69 28 76 27 32 49 63 55 85 24 86 50 40 80 12 80 1 64 97 29 67
69 92 57 19 89 74 36 48 85 23 52 18 45 91 2 83 39 86 2 13 19 4 23 83 97 48 9 81 71 66 83 65 27 12 3 82 71 10 82 11 87 98 17 72 66 35 26 27 83 8 65 47 58 3 11 54 14 18 16 74 59 6 87 86 22 82 17 20 32 98 2 6 16 17 24
67 77 17 34 41 9 12 61 20 23 26 6 46 69 95 93 14 94 15 71 8 87 89 4 90 49 96 85 74 47 47 12 73 1 46 28 62 3 41 97 50 79 49 50 96 69 66 18 73 54 84 1 47 27 38 66 57 92 54 53 45 91 14 67 79 99 30 62 7 38 77 25 35 38 65
87 93 60 45 5 47 66 40 81 1 43 11 88 64 32 49 26 39 15 47 29 9 12 62 53 9 93 35 93 6 13 9 19 98 2 61 76 5 47 53 8 56 37 21 21 24 72 25 53 44 60 55 67 36 18 17 39 26 41 87 30 18 68 71 65 96 79 74 16 85 52 74 66 48 59
74 18 45 72 50 9 90 29 97 56 1 93 49 82 87 93 95 94 32 64 46 71 95 34 72 33 87 33 15 54 60 78 84 21 12 10 25 64 13 23 28 41 14 16 95 14 57 13 20 48 41 76 22 90 39 58 74 25 39 44 78 1 60 4 72 11 6 33 14 75 77 45 78 98 69
90 45 14 9 73 33 24 65 57 96 38 48 51 33 5 48 27 91 81 90 79 52 12 6 22 8 79 94 84 94 74 6 22 44 44 76 77 35 64 38 89 56 32 63 14 72 9 36 75 60 69 40 76 86 32 99 65 96 85 7 91 25 85 19 64 20 15 81 45 1 70 12 74 27 26
61 29 30 88 81 76 3 61 86 37 35 90 4 37 8 23 57 9 31 26 4 58 15 7 76 43 82 80 58 30 41 50 24 71 1 95 81 96 80 42 75 25 52 68 42 35 97 48 29 42 17 22 89 33 89 61 48 80 86 94 59 1 40 55 70 87 15 30 85 39 76 59 97 38 11
38 46 92 2 21 58 48 62 9 76 41 81 61 61 5 33 48 15 38 41 6 40 29 14 88 90 75 84 6 79 71 9 26 78 78 41 20 43 26 10 12 13 48 5 90 46 19 94 39 49 6 2 60 68 64 55 75 22 75 18 94 56 63 17 56 23 23 24 45 8 6 45 45 26 24
19 86 79 89 21 71 54 59 69 83 55 32 88 8 68 16 86 38 88 19 64 42 62 8 74 73 36 10 96 5 31 39 2 11 82 58 10 8 57 27 31 58 36 91 2 42 12 95 10 91 91 10 87 79 68 88 95 98 14 15 84 69 23 66 81 94 19 53 8 25 90 91 84 65 39
97 98 57 59 71 54 87 64 45 93 45 72 67 25 13 92 71 25 85 24 4 88 16 12 61 24 20 50 56 64 84 6 64 23 93 12 9 53 53 75 32 24 62 99 43 45 41 97 38 15 57 91 58 71 12 71 17 45 6 70 96 29 65 22 49 41 57 81 36 51 45 52 54 94 51
22 79 97 61 59 67 78 6 86 16 73 76 86 21 44 46 68 9 29 64 13 66 54 58 79 81 18 13 83 5 54 78 42 70 22 70 88 96 3 29 91 32 87 26 83 90 40 82 94 13 44 46 60 18 26 11 89 9 81 91 44 79 99 19 45 44 26 30 24 73 95 38 92 55 9
58 82 95 3 65 44 7 15 72 43 21 67 95 83 38 54 74 97 28 17 8 91 48 58 53 68 16 18 28 64 3 75 59 56 51 78 89 6 17 86 69 84 65 63 94 91 65 2 29 32 47 4 11 45 60 1 50 17 59 49 58 76 52 6 68 61 35 53 48 64 79 56 48 31 33
35 70 94 33 3 67 44 38 84 74 58 96 32 83 14 75 35 63 11 50 45 9 85 55 63 16 53 41 6 77 53 68 92 45 5 22 50 42 77 53 72 48 90 46 71 1 94 51 92 22 20 55 81 69 84 22 10 78 30 15 77 98 78 77 32 59 60 24 26 81 94 94 56 80 24
54 89 97 81 81 26 63 51 5 23 68 94 79 55 8 72 87 47 47 34 19 88 57 35 36 82 85 25 47 33 21 83 17 37 12 35 98 57 77 38 89 52 47 90 36 68 39 10 55 87 3 47 49 39 50 24 60 99 90 47 93 94 71 46 52 8 88 95 7 11 56 74 59 39 50
48 65 98 10 79 24 51 10 34 64 39 34 54 6 57 56 98 74 62 90 14 4 32 13 59 60 44 13 51 96 99 31 8 11 14 2 76 71 95 16 79 32 14 97 46 76 42 13 26 35 67 85 41 74 36 34 67 53 57 84 13 93 31 80 96 97 73 76 23 62 82 6 23 82 28
67 81 73 28 70 98 99 50 68 12 98 98 48 85 95 64 53 85 8 56 11 76 2 60 86 72 5 43 79 16 57 35 66 55 71 10 37 94 55 97 20 40 40 37 37 32 31 86 47 3 63 64 18 97 36 10 55 10 8 16 41 52 64 75 10 21 16 70 97 33 61 87 33 13 8
51 4 40 61 79 2 28 59 85 83 6 36 67 4 44 43 32 75 79 54 4 28 47 80 94 11 8 94 68 53 39 69 18 17 38 5 93 32 5 38 89 12 24 5 2 24 11 37 68 86 2 9 17 99 46 60 77 51 48 36 24 74 63 52 94 44 56 21 63 19 58 18 56 77 15
30 99 27 62 54 15 33 81 32 69 18 93 73 89 84 5 50 98 81 62 54 47 99 32 83 89 14 16 28 82 81 91 71 95 87 81 54 12 28 98 51 74 90 25 76 19 39 73 76 61 45 49 32 55 48 57 17 10 50 17 26 12 85 62 32 23 81 45 85 69 74 83 7 75 84
91 79 42 13 18 48 48 38 40 79 26 78 25 41 52 11 49 82 9 3 14 83 31 84 60 90 50 65 98 11 20 42 28 83 29 53 58 56 56 96 28 97 99 50 1 99 90 93 13 9 8 65 88 90 47 92 11 12 62 82 74 66 8 67 6 38 76 46 40 66 81 15 38 79 67
31 50 44 99 59 81 9 53 45 94 59 79 28 71 76 93 50 83 31 48 90 57 58 94 97 51 30 2 7 63 7 49 7 72 44 57 31 84 83 85 39 21 32 82 13 72 50 86 13 41 85 86 44 68 74 60 68 62 16 28 73 49 93 5 94 5 56 21 80 42 45 10 2 94 97
9 78 76 58 10 65 9 98 70 5 18 28 22 14 28 34 99 73 81 39 71 10 66 38 46 12 51 75 69 16 1 15 28 45 61 27 94 58 43 30 37 93 39 98 97 21 84 10 11 35 57 45 8 17 53 28 59 36 93 39 19 26 60 10 19 48 36 5 27 2 58 66 34 85 83
54 7 41 65 7 37 56 21 2 17 9 27 81 22 9 96 4 57 56 43 15 9 10 20 57 14 78 89 17 38 37 21 24 87 49 84 58 72 93 22 70 72 81 45 86 57 50 20 55 17 63 78 16 66 82 93 57 56 92 32 61 45 98 76 5 76 54 86 3 60 45 54 6 52 2
89 1 53 49 98 98 24 72 52 12 50 3 6 20 54 60 81 5 89 49 85 10 86 30 81 78 56 93 10 30 89 60 46 89 79 39 90 80 34 80 29 27 74 23 97 28 59 78 88 35 62 37 37 59 69 32 18 78 12 15 96 17 81 92 89 3 32 48 13 20 91 74 33 21 3
6 70 77 32 63 79 45 57 78 26 15 33 89 9 50 54 93 37 52 43 11 53 13 48 23 73 72 63 34 34 60 24 34 48 10 32 92 42 46 14 49 36 66 93 71 59 12 52 73 52 90 61 49 2 99 84 88 67 15 83 72 29 60 23 92 8 35 70 14 44 85 77 43 41 90
65 72 76 31 32 17 26 6 31 23 21 51 15 95 69 65 17 74 30 51 57 73 78 74 32 67 60 82 54 16 63 74 66 32 75 54 49 34 7 99 96 86 41 39 3 25 50 70 16 55 22 61 56 23 89 34 35 89 48 68 71 2 33 39 56 81 35 67 47 71 53 15 24 91 43
52 68 24 95 92 89 3 34 90 85 42 78 73 30 68 9 57 64 77 88 18 40 94 31 97 62 68 67 45 86 82 30 28 92 8 20 93 91 56 18 85 76 92 9 59 19 69 95 11 85 98 64 92 36 63 77 14 91 18 86 80 10 96 61 43 15 36 49 39 83 80 46 45 5 46
64 21 49 18 14 86 70 68 33 30 7 47 74 2 59 40 4 12 88 58 54 98 2 86 10 86 95 22 75 26 60 51 92 37 34 71 73 94 50 55 28 47 15 75 13 3 15 59 20 45 95 15 48 15 41 18 86 87 51 85 31 47 64 13 18 75 69 88 97 39 63 6 61 77 60
88 4 21 64 16 61 85 13 11 19 27 51 34 39 80 7 54 99 44 12 44 91 77 21 22 94 88 60 42 4 27 97 24 78 25 75 1 48 66 71 94 9 59 4 88 32 81 25 59 23 36 12 19 3 74 39 79 87 41 44 47 21 37 69 48 62 44 35 77 46 45 55 67 76 63
5 35 87 19 64 31 3 13 46 69 13 78 40 51 25 9 60 47 93 70 99 79 1 37 19 93 46 54 61 1 24 7 71 56 82 48 25 63 96 3 43 45 47 46 5 78 31 13 59 25 46 19 90 89 86 66 65 25 45 50 52 17 32 1 96 88 97 65 88 73 54 74 13 78 82
80 45 22 17 36 38 72 47 9 32 30 73 86 2 36 48 14 59 46 47 38 76 53 99 1 69 6 2 15 59 45 17 99 78 6 47 93 5 19 20 36 85 62 22 25 68 48 61 39 36 12 35 34 66 85 23 12 59 67 42 18 58 38 2 93 33 52 5 70 47 48 81 92 42 25
97 97 20 63 57 13 13 69 30 43 27 22 99 3 68 64 29 38 48 64 75 8 10 30 25 70 44 22 8 53 13 53 95 72 23 37 48 5 99 61 76 94 88 33 75 51 83 51 18 64 79 11 63 1 76 9 96 84 14 8 37 67 83 9 4 73 51 94 40 23 99 25 87 87 50
43 21 16 90 57 62 19 36 79 90 38 61 42 94 67 37 60 31 27 77 81 23 85 37 73 64 47 14 74 55 95 43 5 32 70 89 78 15 98 23 85 30 81 54 20 20 60 95 36 93 81 64 68 64 90 76 84 5 29 52 15 6 65 48 52 28 77 80 23 70 48 87 81 85 6
28 74 82 74 19 49 38 38 83 7 59 29 28 28 97 15 4 89 59 33 29 89 20 21 3 7 77 30 88 84 37 29 58 64 63 85 36 61 57 80 19 47 83 56 30 76 2 26 39 60 52 92 79 11 33 10 56 75 89 77 75 59 87 34 52 47 46 77 35 76 6 47 66 99 81
24 85 59 20 6 13 6 49 6 14 55 89 32 17 20 77 60 97 30 19 81 19 17 37 92 43 20 49 62 40 68 98 92 1 13 87 23 57 17 97 26 49 61 1 73 33 11 12 25 38 11 10 40 49 49 40 6 20 45 29 9 69 37 31 1 82 52 35 24 39 20 63 97 21 53
29 50 75 74 15 41 63 64 82 41 36 39 60 50 2 36 50 45 48 80 98 90 55 98 99 38 21 79 20 47 44 58 42 88 15 91 75 30 32 95 68 21 48 80 98 41 79 52 29 62 19 14 81 49 51 91 10 41 79 2 81 23 3 69 76 9 15 65 44 22 43 60 72 31 34
25 85 66 92 11 6 62 22 26 54 3 41 42 55 2 4 22 83 37 93 81 3 48 46 46 30 23 32 45 14 48 10 49 3 67 23 24 25 51 25 62 4 56 55 15 29 27 45 8 32 66 35 1 77 14 39 55 7 73 98 42 93 8 67 53 65 81 35 49 11 75 72 26 57 33
8 60 6 22 54 41 2 39 94 69 89 77 81 88 40 8 17 6 66 48 89 4 10 62 68 62 40 42 62 64 69 93 50 67 49 16 51 92 26 15 18 27 93 75 45 42 65 25 71 63 60 56 61 10 94 78 41 20 59 99 98 7 79 42 53 21 74 19 62 34 93 87 76 59 4
76 86 94 40 93 92 87 8 17 66 14 57 24 91 20 31 81 95 74 3 89 79 8 24 26 26 39 56 44 20 44 98 64 82 20 82 22 28 55 77 40 96 71 20 73 56 59 22 94 23 60 70 25 55 27 51 16 23 83 13 27 39 36 21 19 89 70 96 34 81 57 49 28 11 99
15 3 77 78 54 78 97 63 87 52 80 98 60 94 7 47 59 48 89 22 2 99 14 28 36 19 8 1 16 13 56 29 16 27 33 23 78 74 19 41 88 61 12 15 41 68 31 88 82 9 52 75 63 83 65 39 9 52 63 19 86 4 5 56 50 1 19 23 36 54 39 43 88 53 30
88 27 29 54 76 15 71 64 68 57 7 66 82 90 12 10 9 18 22 59 4 46 32 39 12 84 57 95 8 25 47 87 99 81 85 77 68 82 24 89 54 12 66 43 43 61 25 22 24 31 31 35 2 84 99 10 49 96 24 44 92 57 26 48 2 47 69 71 40 68 25 87 44 68 18
98 31 45 82 91 16 38 7 79 13 88 3 51 81 53 86 87 73 21 46 23 65 14 52 96 86 39 89 68 62 20 94 59 87 77 29 40 82 4 72 32 17 4 77 47 75 36 63 79 40 6 75 11 81 30 7 33 89 73 67 38 48 71 1 16 89 88 86 43 40 95 14 7 62 53
50 34 22 30 81 24 42 85 91 65 4 52 1 40 49 2 84 41 48 6 56 80 80 61 11 49 64 34 50 15 39 29 76 9 55 68 93 20 24 34 67 2 31 83 52 2 46 50 80 23 90 66 90 28 66 38 34 25 61 84 73 47 20 86 93 46 27 1 65 66 94 60 62 27 79
46 79 95 99 56 46 76 77 19 22 50 72 38 1 23 59 56 47 13 37 32 6 8 27 35 57 2 2 8 32 50 30 16 21 94 4 62 53 1 94 11 26 69 21 39 6 16 56 52 16 23 69 56 20 7 81 71 10 86 97 38 36 72 6 36 80 17 10 45 40 28 77 18 39 56
58 32 74 22 74 19 17 79 12 13 49 21 75 30 80 90 17 15 11 55 69 17 32 46 65 34 19 74 51 46 5 51 44 95 32 65 75 50 78 9 60 45 3 89 15 21 28 70 53 50 11 8 98 54 34 71 60 98 84 88 21 91 64 15 69 76 38 90 67 60 92 4 32 79 33
11 12 76 68 60 21 42 74 24 73 69 96 45 32 28 24 85 83 65 8 1 7 46 52 21 12 87 60 48 99 36 28 13 2 57 11 58 10 97 1 80 38 75 7 68 86 37 72 90 90 10 18 34 67 72 53 7 79 47 92 85 48 85 3 2 89 88 21 13 36 21 78 97 63 42
89 25 87 1 8 34 77 38 45 46 20 60 55 13 53 81 49 96 40 46 95 7 55 46 26 50 90 26 81 78 31 88 26 37 95 71 72 23 72 63 14 62 43 80 96 56 41 90 97 36 28 28 21 59 1 82 53 20 56 9 82 99 49 96 15 80 55 34 80 42 95 68 62 97 48
92 22 90 28 48 96 70 19 76 7 67 7 99 24 52 73 75 8 69 66 95 17 82 97 25 56 15 10 30 8 38 46 98 89 14 23 40 74 27 68 55 55 91 90 35 52 88 13 86 95 2 85 63 75 57 60 29 23 81 83 74 80 88 14 97 49 87 30 45 66 13 53 63 54 61
55 40 4 40 8 65 46 62 99 52 47 32 3 90 1 23 53 64 68 83 18 97 57 69 42 61 3 42 76 40 4 70 97 50 32 65 93 30 88 53 75 30 61 71 29 97 93 31 76 72 14 54 65 92 96 13 28 83 92 10 63 62 29 74 7 53 79 27 14 78 33 68 41 93 20
5 74 96 63 30 63 62 43 99 82 28 74 98 60 37 24 13 55 91 47 52 24 21 77 84 86 40 70 82 1 32 17 39 63 24 17 14 22 18 47 43 85 17 19 85 22 81 86 75 31 86 46 98 65 75 13 93 50 32 49 13 57 67 53 91 6 40 34 84 24 96 60 4 6 40
13 30 6 35 64 71 19 42 80 12 20 47 78 15 75 14 96 6 84 73 91 61 39 13 99 39 91 89 95 74 76 36 38 84 46 29 54 92 27 84 39 69 27 71 1 14 75 83 92 97 49 76 2 54 35 26 63 29 70 19 47 93 80 81 1 54 48 72 66 81 50 66 89 78 7
68 65 95 3 20 95 71 69 24 86 54 14 47 80 95 84 19 90 50 34 11 84 19 83 50 17 4 75 47 8 33 68 67 60 50 87 13 62 45 11 27 12 18 25 31 98 29 19 93 89 12 31 85 66 65 71 49 76 5 38 97 36 32 46 2 75 48 60 63 17 95 24 67 21 36
50 98 36 37 63 35 11 25 99 75 41 82 11 97 90 21 97 63 18 72 62 9 64 34 79 39 35 36 48 75 46 83 9 14 86 81 63 93 8 59 1 39 67 34 65 95 46 83 29 24 50 6 44 24 92 88 67 58 2 61 15 26 46 29 42 38 43 78 78 73 11 81 52 22 21
70 35 58 13 5 76 22 47 21 12 50 78 70 34 93 2 58 54 56 11 26 16 43 55 91 30 51 48 15 58 58 76 38 74 45 21 32 29 87 65 61 31 40 7 94 91 58 11 13 40 96 55 64 50 85 64 85 91 68 33 80 37 83 6 11 31 5 76 76 41 20 65 35 65 52
63 84 82 72 17 69 86 4 33 70 94 49 68 58 97 42 16 15 94 59 57 9 61 21 46 5 95 30 38 97 25 8 69 15 9 20 42 76 86 96 73 75 9 17 98 99 12 55 38 68 40 1 13 10 66 22 45 53 68 23 23 66 22 59 27 6 62 21 2 51 23 45 47 53 79
89 20 64 87 53 33 58 6 37 52 80 78 72 28 51 23 60 69 41 89 97 61 32 43 72 56 35 28 16 52 41 47 40 4 50 45 20 24 37 46 91 69 19 47 24 10 78 88 71 60 91 78 47 30 23 57 19 79 2 17 8 46 68 61 82 22 77 32 44 48 93 37 20 45 23
14 8 8 90 14 27 23 2 69 21 39 34 90 35 86 63 55 43 79 88 78 5 53 1 47 51 49 50 52 80 52 96 21 59 90 78 41 52 46 4 20 89 16 53 67 88 57 68 24 98 5 32 51 53 78 76 30 22 62 97 77 78 67 80 78 4 74 71 76 2 93 69 84 7 35
17 63 59 77 81 91 67 17 75 6 51 85 83 36 15 60 98 38 89 43 51 83 17 92 68 36 67 15 99 62 65 10 79 25 40 37 9 83 69 51 23 31 22 60 30 34 49 37 5 42 75 92 86 58 11 82 13 97 94 95 82 73 35 11 68 30 60 32 73 80 89 73 48 59 56
70 73 84 50 93 34 29 2 53 40 24 63 48 90 46 46 8 63 61 8 16 62 91 68 23 92 39 17 36 48 74 81 57 88 16 88 2 77 92 56 58 16 66 4 97 18 57 1 35 23 14 72 66 49 80 6 62 24 2 72 3 17 15 61 22 16 6 96 68 34 58 7 27 16 99
17 32 95 7 83 27 91 86 72 52 20 20 21 70 51 42 7 38 34 55 57 93 22 69 34 94 98 49 37 2 34 2 61 94 92 13 38 83 83 6 16 31 84 40 30 39 65 47 66 9 64 70 35 35 59 12 15 23 57 39 1 2 99 2 82 31 63 71 44 57 61 83 39 74 3
75 10 51 34 13 30 96 9 45 79 50 64 24 42 15 67 66 99 69 25 33 71 81 4 70 96 23 2 95 66 22 67 9 84 25 70 36 48 99 42 37 19 81 59 78 90 4 83 69 18 15 5 74 21 35 64 67 93 42 75 44 3 97 5 8 32 9 82 85 84 80 9 55 83 41
87 80 33 87 86 71 6 98 18 60 31 7 19 83 82 8 63 17 91 2 3 13 12 59 66 99 50 5 47 25 3 24 77 14 76 73 7 55 51 49 47 38 8 78 4 18 75 68 77 26 28 88 93 53 32 45 8 5 84 72 38 43 14 53 96 17 22 28 95 35 5 57 39 23 11
90 29 93 17 26 42 39 21 57 83 74 91 9 63 83 72 7 48 87 89 76 79 93 78 57 14 57 86 87 7 94 55 31 85 55 33 43 14 56 51 29 6 63 44 66 57 52 79 48 55 23 80 19 39 90 76 40 9 70 87 29 29 73 10 51 21 24 95 62 57 62 46 18 39 56
82 2 86 13 56 3 15 51 18 6 48 46 59 51 20 93 50 90 80 96 40 44 55 72 99 32 31 54 28 68 54 45 86 34 99 20 92 93 21 99 19 69 57 67 60 81 4 90 72 15 6 55 71 12 20 95 48 95 38 36 30 37 41 27 52 3 41 60 12 36 24 54 80 8 75
90 11 67 24 11 56 44 76 91 57 93 78 52 30 2 11 44 10 5 63 27 69 42 92 27 51 55 89 53 61 19 20 29 54 41 73 21 77 41 50 18 10 87 42 27 78 24 1 83 69 39 48 63 38 40 61 44 50 61 86 86 38 45 23 24 64 3 7 74 8 11 65 40 97 18
28 60 60 68 23 34 8 80 86 98 25 72 88 34 31 1 43 44 65 23 99 43 70 52 57 42 71 57 54 65 41 27 74 42 4 57 45 64 3 40 27 36 35 9 21 38 88 55 33 8 43 90 33 8 20 48 25 13 39 38 37 26 23 5 57 43 73 29 94 24 4 63 69 31 20
82 92 50 35 43 77 91 31 1 27 98 88 92 99 15 51 21 79 45 63 4 36 51 76 66 83 14 91 95 39 84 36 65 41 78 86 38 19 24 96 51 44 41 17 95 99 21 90 93 13 95 70 18 7 69 90 89 2 16 10 2 24 32 92 93 33 39 9 2 43 52 18 9 33 28
10 15 93 75 18 60 1 66 40 1 19 61 96 68 41 94 43 27 22 14 58 36 23 59 46 81 93 60 26 51 95 80 39 65 61 35 10 36 64 72 77 20 29 53 55 30 18 80 21 79 84 59 4 5 83 92 52 91 62 9 14 43 32 38 87 32 85 78 1 64 58 17 76 88 18
92 46 20 49 69 85 38 25 74 41 25 33 67 81 74 58 66 82 92 44 89 50 77 37 92 14 93 23 64 59 30 5 53 57 80 95 35 44 89 25 31 45 24 68 24 24 16 90 56 99 17 34 35 80 52 70 45 36 83 18 31 99 45 77 23 3 44 21 41 80 68 35 14 17 19
48 98 89 37 74 30 42 57 39 95 93 27 22 77 65 52 4 15 33 74 93 36 62 52 51 30 23 98 43 6 33 62 68 94 11 21 72 99 72 29 36 64 57 31 73 36 83 47 27 19 31 65 63 50 81 6 38 16 54 56 72 62 59 50 80 94 96 15 13 62 93 40 90 34 91
71 61 25 3 38 65 58 82 26 60 27 96 51 42 29 8 58 39 15 18 42 51 74 61 23 54 58 51 28 49 28 6 53 27 12 32 16 37 17 5 4 68 88 27 80 1 10 88 92 1 41 3 57 95 65 28 73 47 25 38 75 11 14 6 10 96 93 21 1 78 62 9 5 75 52
78 96 72 26 43 27 13 38 19 38 24 11 69 60 48 63 21 99 13 44 38 11 30 9 57 20 77 67 90 38 48 34 96 44 60 72 81 92 18 29 58 92 65 82 64 60 22 11 29 11 7 76 17 80 93 79 78 96 34 16 18 50 69 54 27 88 34 57 70 31 82 51 7 83 93
85 30 42 67 74 26 89 89 80 58 75 7 60 13 20 92 4 41 76 47 6 9 95 63 29 63 67 33 80 71 66 22 93 65 3 90 1 8 90 95 33 8 79 88 47 84 46 10 77 3 26 20 16 32 38 95 4 80 64 55 47 31 66 49 25 45 28 95 62 40 38 30 77 80 28
28 20 78 85 98 93 21 81 72 76 14 97 64 85 33 83 9 58 77 61 78 37 84 80 42 18 15 7 65 17 35 86 43 20 56 56 42 51 90 29 41 33 96 5 42 98 81 69 8 61 40 98 49 25 29 89 95 99 93 62 24 51 59 2 92 38 21 91 5 30 65 39 92 72 58
9 11 98 94 10 70 57 53 79 34 52 73 85 86 45 34 96 74 43 79 58 92 69 16 12 89 36 55 41 60 96 56 71 6 75 25 55 2 52 47 37 48 82 19 25 49 31 94 89 91 58 95 7 69 3 57 31 31 26 5 11 37 72 78 45 48 8 80 21 53 43 54 69 31 72
51 89 34 1 4 76 3 15 49 62 28 73 85 68 98 31 81 69 28 24 46 11 23 87 62 84 4 38 31 86 7 5 54 56 39 93 36 79 25 81 69 4 81 3 38 80 89 65 1 71 6 19 49 13 79 43 71 6 69 55 99 24 56 81 90 96 40 11 83 13 6 64 35 47 2
71 31 81 91 71 66 85 92 44 72 51 90 70 15 12 90 56 18 35 46 11 75 95 20 18 49 47 93 28 62 64 90 1 81 24 79 36 68 26 73 59 36 77 24 25 9 18 42 40 42 65 63 22 39 74 98 23 89 32 30 49 54 26 55 61 91 54 16 66 21 14 49 91 15 64
70 28 72 3 23 71 34 94 49 30 95 63 92 76 53 48 85 10 21 87 44 79 30 57 6 23 49 95 55 97 79 47 90 45 61 59 24 83 97 24 45 75 35 79 18 45 45 82 31 80 64 90 7 98 72 73 76 34 54 33 77 9 69 93 2 31 70 97 28 70 75 72 26 50 96
1 22 37 99 63 35 26 17 37 26 65 66 32 33 33 44 8 98 2 32 85 52 82 65 21 68 47 25 21 43 32 79 58 33 65 14 87 63 73 56 63 90 65 22 34 82 54 26 22 46 98 11 70 41 6 4 63 69 24 70 37 29 85 87 22 91 80 48 25 28 71 68 71 83 15
51 51 52 73 54 79 3 10 56 81 23 66 70 67 93 78 47 41 4 63 22 25 26 56 88 57 15 43 85 46 21 68 7 41 96 28 23 16 36 31 73 77 23 17 10 45 60 29 14 51 73 52 41 42 20 24 22 33 46 6 53 84 69 40 72 49 67 6 67 59 87 13 63 44 12
25 24 34 99 44 59 15 8 96 87 1 2 35 72 78 33 36 17 58 24 54 44 79 59 79 44 2 71 38 99 93 69 34 67 70 49 91 48 13 52 10 34 95 26 66 82 83 96 18 43 99 96 21 15 4 69 67 72 67 98 85 53 22 55 59 65 25 78 54 69 10 41 75 42 87
54 64 94 43 69 86 18 25 52 8 92 5 2 38 27 8 61 61 26 73 75 50 94 39 19 87 63 15 18 56 50 80 67 96 5 66 75 26 40 93 67 21 7 1 43 12 29 83 52 15 34 34 18 94 25 93 25 38 91 79 16 56 51 43 9 87 12 14 25 33 58 20 39 66 60
30 17 30 35 49 96 82 5 28 55 27 95 83 3 77 49 75 57 10 52 78 96 35 78 34 67 27 9 79 27 8 41 77 90 22 70 27 88 72 82 13 62 55 62 38 34 57 54 59 4 67 66 5 60 20 19 20 62 11 91 91 76 32 55 92 76 35 63 49 12 86 37 29 55 85
86 89 88 52 63 27 60 21 64 8 16 18 1 64 97 45 56 75 55 36 78 95 29 89 5 10 11 32 12 52 87 72 21 37 60 31 19 41 72 17 53 22 76 78 36 35 27 29 97 16 27 63 58 99 1 1 88 38 21 57 65 90 28 13 95 84 18 38 82 32 51 93 72 68 7
25 60 62 40 56 74 11 7 19 98 16 88 48 47 4 25 75 57 20 2 37 96 63 78 93 74 67 40 81 58 13 8 86 13 57 42 55 68 3 4 49 96 30 48 97 50 86 49 2 30 19 14 22 5 26 67 39 52 27 15 93 88 23 13 48 11 50 5 60 20 31 63 24 3 76
2 89 62 44 5 36 24 34 21 11 6 79 63 79 7 65 60 28 86 60 31 14 40 68 80 80 6 39 80 44 13 47 9 21 19 87 89 64 35 51 65 32 88 35 21 39 50 69 73 6 33 15 20 69 63 79 35 75 16 81 71 40 41 79 55 47 81 14 67 35 22 6 82 37 7
70 70 43 98 25 11 11 63 88 50 15 18 49 63 26 68 14 71 21 20 50 3 91 91 81 51 23 82 6 75 94 60 61 72 69 42 62 88 78 79 25 65 91 84 76 67 94 12 72 85 64 56 62 62 36 64 8 58 84 80 16 42 66 31 9 43 88 85 55 54 24 16 22 89 24
8 32 70 87 91 37 36 86 40 52 17 86 52 4 21 55 31 87 15 63 34 49 82 8 38 36 60 30 33 11 28 3 64 60 71 71 14 86 65 94 5 22 80 28 49 23 91 78 66 59 81 65 43 91 44 65 76 43 53 27 31 37 84 30 20 7 13 92 56 36 65 84 84 62 29
82 60 68 20 83 6 95 45 77 64 90 94 92 96 65 56 55 80 44 40 49 27 12 31 21 78 23 16 26 35 83 25 91 2 45 3 69 43 78 41 54 52 53 79 70 71 65 96 81 12 68 90 14 1 34 53 28 78 24 71 20 78 87 21 97 57 39 94 44 41 92 99 39 85 79
56 33 37 80 49 94 44 8 55 35 74 99 63 92 50 31 69 98 91 7 93 80 68 32 73 73 91 64 77 4 34 75 30 99 32 17 77 73 79 68 65 2 35 54 81 70 53 52 31 40 99 39 67 60 9 84 20 28 51 31 24 15 99 60 23 72 72 96 47 35 86 90 15 76 18
76 61 47 65 25 52 21 10 12 49 74 61 67 46 6 94 64 12 74 38 13 83 71 78 31 80 42 45 70 83 8 14 98 41 64 46 74 88 51 86 33 1 47 26 44 74 96 29 61 40 91 39 90 99 46 25 74 64 64 36 55 76 45 18 6 39 81 97 80 88 82 36 43 34 19
82 28 55 30 30 37 35 96 39 52 16 92 11 51 69 90 22 79 21 93 31 77 38 7 4 26 77 3 66 39 1 41 63 86 24 73 70 3 29 27 79 12 87 31 13 84 36 9 8 22 62 10 66 59 38 12 5 39 6 83 62 97 84 54 77 77 91 26 2 5 64 74 77 27 23
70 63 66 36 7 23 87 27 83 93 90 3 71 47 30 25 32 97 59 34 77 33 58 47 56 48 45 67 47 58 62 18 8 3 60 10 37 25 83 61 16 74 48 41 94 74 4 20 87 27 97 23 56 35 4 85 27 15 50 87 80 50 39 73 39 29 31 17 38 53 70 74 58 77 59
81 48 81 4 71 15 7 76 6 33 85 59 80 8 74 82 50 1 32 76 58 42 99 46 72 31 81 6 98 11 75 54 51 61 52 34 71 7 55 99 24 5 10 71 71 32 52 79 32 4 90 17 71 17 71 49 55 7 30 2 78 21 13 93 73 67 19 92 90 7 24 35 6 63 78
11 53 98 69 98 82 28 72 94 25 70 41 19 64 70 28 94 56 46 30 12 47 96 43 14 65 9 97 26 8 58 74 45 2 38 73 35 94 99 33 9 98 52 86 36 10 18 46 7 51 95 86 54 42 65 53 81 84 59 83 28 75 85 68 63 91 64 10 62 87 78 61 5 85 49
28 73 52 92 29 57 39 93 32 10 73 41 96 29 45 12 74 45 94 42 99 63 45 88 1 86 28 23 34 7 12 94 44 56 90 3 45 67 39 27 66 16 39 35 59 33 48 50 61 64 66 93 94 77 98 57 68 57 74 37 93 43 93 48 35 63 45 82 3 60 6 85 6 86 62
28 33 67 60 24 24 88 25 8 17 58 32 84 11 97 94 1 85 79 32 67 14 46 27 51 45 94 39 62 85 15 78 43 46 44 96 37 85 78 11 14 30 29 35 92 51 2 44 6 40 34 28 40 98 45 32 50 21 57 74 56 87 40 17 93 64 3 80 1 14 69 80 15 10 56
86 74 82 14 22 85 24 23 14 62 88 21 25 33 34 13 6 37 2 54 35 60 29 24 31 41 13 70 89 39 16 13 31 10 22 80 32 59 88 68 75 74 81 5 99 76 21 61 58 88 2 96 92 70 20 27 29 56 36 9 53 80 82 23 25 92 21 44 61 62 91 99 50 96 30
91 20 94 65 72 11 70 37 22 66 34 91 97 35 41 93 20 64 67 80 84 89 20 52 34 48 48 37 27 37 18 95 60 2 6 8 76 23 30 75 28 66 96 4 11 60 93 3 69 65 55 77 7 95 13 43 54 88 61 79 89 23 90 51 77 68 9 71 19 3 75 76 25 62 40
76 41 21 76 25 46 12 15 83 26 84 57 59 15 10 42 32 51 40 12 57 21 20 67 89 26 14 92 9 47 14 36 56 94 43 76 37 34 3 29 73 5 9 81 44 68 99 24 8 69 3 45 71 67 7 71 12 37 70 78 31 2 61 44 66 3 74 75 41 58 14 95 59 95 69
83 26 41 25 63 35 71 33 80 19 82 31 84 53 13 56 93 89 9 49 84 33 60 72 14 19 8 61 2 75 16 29 81 7 98 4 97 41 42 93 36 65 46 68 5 42 12 62 55 14 83 48 94 17 40 55 97 74 89 86 91 90 83 7 98 91 83 72 35 78 92 72 29 83 93
14 18 91 97 58 22 93 91 92 71 36 99 21 59 86 67 85 54 91 64 79 24 52 57 73 90 64 92 56 82 35 74 27 54 79 19 35 21 70 25 42 48 21 22 13 96 70 11 94 51 10 73 80 52 94 6 83 10 74 87 99 7 73 34 36 80 28 60 47 17 9 81 10 33 32
2 27 18 55 25 77 25 93 17 56 8 20 20 28 20 65 10 5 58 95 32 65 43 29 78 31 67 7 94 71 48 2 61 93 26 85 21 50 52 80 97 62 60 8 91 29 51 99 97 7 71 18 43 71 25 70 45 80 26 52 62 92 31 51 74 38 81 19 8 61 65 21 70 61 64
45 75 67 31 17 62 24 54 28 76 39 57 80 80 79 15 93 90 13 38 11 2 29 40 36 3 82 16 57 7 11 59 78 17 94 87 19 26 10 56 78 76 97 46 98 80 14 3 42 5 96 13 79 49 62 68 48 59 82 72 73 9 20 30 26 80 67 78 95 71 80 40 52 41 62
53 97 77 93 66 32 70 37 19 71 14 87 48 74 32 98 10 83 77 15 2 20 17 24 12 20 99 93 62 84 55 61 66 34 36 94 45 62 14 78 35 37 72 7 39 57 1 34 97 33 99 25 85 77 12 34 88 93 74 35 40 10 90 42 82 24 89 36 26 11 88 17 20 64 16
56 54 40 98 66 18 13 65 22 51 33 20 99 38 87 74 76 42 10 15 39 92 48 89 79 75 85 88 63 45 21 47 94 76 99 60 67 23 58 72 14 41 13 35 84 57 27 65 99 51 52 40 96 74 82 58 57 28 66 73 72 8 26 6 42 83 35 83 33 53 58 71 1 60 12
90 77 9 98 36 17 29 58 60 1 84 29 83 14 39 67 36 48 33 7 36 96 46 64 73 96 38 86 49 86 73 71 71 78 74 63 18 96 45 77 49 93 37 63 97 56 31 24 89 27 59 51 54 49 87 12 27 18 12 34 23 97 53 43 65 80 27 98 5 83 99 8 79 28 51
42 72 55 80 74 96 75 42 6 76 17 34 32 6 46 38 2 79 88 67 41 16 76 77 26 57 80 98 82 68 1 62 18 8 14 94 47 53 43 61 96 40 30 96 88 44 55 86 47 20 96 20 77 88 16 28 46 68 64 22 55 72 98 7 92 57 7 84 65 5 11 16 92 97 70

Demandas:
1 0 0 0 0 0 0
0 0 0 0 0 0 1
1 0 0 0 0 0 0
1 0 0 0 0 0 0
0 0 1 0 0 0 0
1 0 0 0 0 0 0
1 0 0 0 0 0 0
1 0 0 0 0 0 0
0 0 0 0 0 0 1
0 0 0 0 0 0 1
0 0 0 1 0 0 0
0 0 0 0 0 0 1
0 0 0 0 0 1 0
0 1 0 0 0 0 0
0 0 0 0 0 0 1
0 0 0 0 0 0 1
0 0 1 0 0 0 0
0 0 0 0 0 0 1
0 1 0 0 0 0 0
0 1 0 0 0 0 0
0 1 0 0 0 0 0
0 0 0 1 0 0 0
0 1 0 0 0 0 0
0 1 0 0 0 0 0
0 0 0 0 1 0 0
0 0 0 0 0 0 1
0 0 0 0 1 0 0
0 0 1 0 0 0 0
0 0 0 1 0 0 0
0 0 0 1 0 0 0
0 0 0 0 0 1 0
0 0 0 0 1 0 0
0 0 1 0 0 0 0
0 1 0 0 0 0 0
1 0 0 0 0 0 0
0 0 0 0 0 0 1
1 0 0 0 0 0 0
0 0 1 0 0 0 0
0 0 1 0 0 0 0
0 0 0 1 0 0 0
0 0 0 1 0 0 0
0 0 1 0 0 0 0
0 0 0 0 1 0 0
0 0 0 0 0 1 0
0 0 0 1 0 0 0
0 0 0 0 0 0 1
0 0 0 0 0 1 0
0 0 0 0 0 0 1
1 0 0 0 0 0 0
1 0 0 0 0 0 0
0 0 0 0 0 1 0
0 0 0 0 1 0 0
0 0 0 0 0 1 0
0 0 1 0 0 0 0
1 0 0 0 0 0 0
0 1 0 0 0 0 0
1 0 0 0 0 0 0
1 0 0 0 0 0 0
1 0 0 0 0 0 0
0 1 0 0 0 0 0
1 0 0 0 0 0 0
0 1 0 0 0 0 0
0 0 0 0 0 1 0
0 0 0 0 0 0 1
1 0 0 0 0 0 0
0 0 0 0 0 1 0
0 0 0 0 0 0 1
0 0 0 0 1 0 0
0 0 1 0 0 0 0
0 0 0 0 0 0 1
0 1 0 0 0 0 0
0 0 0 0 0 0 1
1 0 0 0 0 0 0
0 0 0 0 1 0 0
0 0 0 0 1 0 0
0 0 1 0 0 0 0
0 0 0 1 0 0 0
0 1 0 0 0 0 0
0 0 0 0 0 0 1
0 0 1 0 0 0 0
0 0 0 0 0 1 0
0 0 0 0 0 0 1
0 1 0 0 0 0 0
0 0 0 0 0 1 0
1 0 0 0 0 0 0
0 0 0 0 0 1 0
0 1 0 0 0 0 0
0 1 0 0 0 0 0
0 0 0 0 0 0 1
0 0 1 0 0 0 0
0 0 1 0 0 0 0
0 1 0 0 0 0 0
0 0 0 0 0 0 1
0 0 0 1 0 0 0
0 0 0 0 0 1 0
1 0 0 0 0 0 0
0 1 0 0 0 0 0
0 0 0 0 0 0 1
0 0 0 0 1 0 0
1 0 0 0 0 0 0
0 1 0 0 0 0 0
0 0 0 0 0 0 1
0 0 0 0 0 0 1
0 0 1 0 0 0 0
1 0 0 0 0 0 0
0 0 1 0 0 0 0
0 0 0 0 1 0 0
0 0 0 0 0 0 1
0 1 0 0 0 0 0
0 0 0 0 0 0 1
0 0 0 1 0 0 0
1 0 0 0 0 0 0
0 0 0 0 0 0 1
0 0 0 0 0 1 0
1 0 0 0 0 0 0
1 0 0 0 0 0 0
0 1 0 0 0 0 0
0 1 0 0 0 0 0
1 0 0 0 0 0 0
0 0 0 0 0 0 1
0 0 0 0 0 0 1
0 0 0 1 0 0 0
0 1 0 0 0 0 0
1 0 0 0 0 0 0
0 0 1 0 0 0 0
0 0 1 0 0 0 0
1 0 0 0 0 0 0
0 1 0 0 0 0 0
0 0 0 0 0 0 1
0 1 0 0 0 0 0
0 0 0 0 1 0 0
0 0 0 0 0 0 1
0 0 0 1 0 0 0
0 0 0 0 1 0 0
0 0 0 0 1 0 0
0 0 0 0 0 0 1
1 0 0 0 0 0 0
0 0 1 0 0 0 0
0 0 0 0 1 0 0
0 0 0 0 1 0 0
0 0 0 0 1 0 0
0 0 0 0 1 0 0
0 0 0 1 0 0 0
0 0 0 0 0 1 0
0 0 0 1 0 0 0
0 1 0 0 0 0 0
0 0 0 1 0 0 0
0 0 0 1 0 0 0
0 1 0 0 0 0 0
0 0 0 0 0 0 1
0 0 0 0 1 0 0
0 0 0 0 0 0 1
0 0 0 0 1 0 0
0 0 0 0 0 1 0
0 0 0 0 1 0 0
0 0 0 0 0 1 0
0 1 0 0 0 0 0
1 0 0 0 0 0 0
0 0 0 0 0 1 0
0 0 1 0 0 0 0
0 1 0 0 0 0 0
0 0 0 1 0 0 0
0 0 1 0 0 0 0
0 0 0 0 0 0 1
0 1 0 0 0 0 0
0 0 0 0 0 1 0
0 0 1 0 0 0 0
0 1 0 0 0 0 0
0 0 0 0 1 0 0
0 0 0 0 0 0 1
0 0 0 0 0 0 1
0 0 0 0 0 0 1
0 0 0 0 0 0 1
0 0 0 0 0 0 1
0 0 0 0 0 1 0
0 0 0 1 0 0 0
0 0 0 1 0 0 0
0 0 0 1 0 0 0
0 0 1 0 0 0 0
0 0 0 0 0 0 1
0 0 0 0 0 1 0
0 0 0 0 0 0 1
0 0 0 0 1 0 0
0 0 0 0 0 0 1
0 0 0 0 1 0 0
0 0 0 0 0 1 0
0 0 0 0 1 0 0
0 0 0 0 0 1 0
0 0 0 1 0 0 0
0 0 0 0 1 0 0
0 0 1 0 0 0 0
1 0 0 0 0 0 0
0 1 0 0 0 0 0
1 0 0 0 0 0 0
0 0 0 0 0 1 0
1 0 0 0 0 0 0
0 0 0 0 0 1 0
0 0 0 0 0 1 0
0 1 0 0 0 0 0
1 0 0 0 0 0 0
0 0 0 1 0 0 0
0 0 0 0 0 1 0
0 0 0 0 0 1 0
1 0 0 0 0 0 0
0 0 0 1 0 0 0
0 0 0 0 1 0 0
0 1 0 0 0 0 0
0 0 1 0 0 0 0
0 0 1 0 0 0 0
0 0 0 0 1 0 0
0 0 0 1 0 0 0
1 0 0 0 0 0 0
0 0 0 1 0 0 0
0 0 0 1 0 0 0
1 0 0 0 0 0 0
0 0 0 1 0 0 0
0 0 1 0 0 0 0
0 0 1 0 0 0 0
0 0 0 1 0 0 0
1 0 0 0 0 0 0
0 1 0 0 0 0 0
0 0 0 0 0 1 0
0 0 0 0 0 0 1
0 1 0 0 0 0 0
0 1 0 0 0 0 0
0 0 0 0 0 1 0
0 1 0 0 0 0 0
0 0 0 1 0 0 0
0 0 0 0 0 0 1
0 0 0 0 0 0 1
0 0 0 1 0 0 0
0 0 0 1 0 0 0
0 0 0 1 0 0 0
0 0 0 1 0 0 0
0 1 0 0 0 0 0
0 0 0 0 0 1 0
0 0 1 0 0 0 0
0 0 0 0 1 0 0
0 1 0 0 0 0 0
0 0 0 0 1 0 0
0 0 1 0 0 0 0
0 0 0 0 0 1 0
0 0 1 0 0 0 0
0 0 0 0 0 0 1
1 0 0 0 0 0 0
0 0 0 0 0 1 0
0 0 1 0 0 0 0
0 0 0 1 0 0 0
0 0 0 0 0 0 1
0 0 0 0 1 0 0

Capacidades:
4 3 4 2 4 3 1
2 4 3 0 4 4 2
2 3 0 4 0 2 0
1 3 0 4 4 0 3
0 4 1 4 2 0 0
4 3 1 1 3 3 3
1 3 4 1 3 3 1
4 0 2 1 1 3 4
4 1 3 4 4 2 1
0 0 0 0 4 3 4
2 4 2 3 0 0 1
0 4 0 4 1 4 2
4 2 2 1 0 2 3
3 1 2 1 2 1 3
2 0 0 0 1 1 0
1 4 4 2 0 3 0
1 3 4 1 2 2 1
3 0 2 3 2 4 3
1 2 4 4 1 1 3
0 4 4 1 2 0 1
1 0 2 4 2 0 2
1 1 3 4 4 3 3
3 4 2 1 2 3 4
2 1 3 2 4 1 2
2 3 1 2 4 2 2
3 2 4 4 2 4 4
4 1 0 3 1 3 2
2 3 0 0 2 4 3
4 4 4 3 3 0 2
0 3 2 2 1 3 0
2 2 1 1 0 0 1
2 0 2 2 4 1 1
0 4 1 2 0 1 4
0 2 4 3 1 3 1
4 1 1 3 1 4 3
0 3 4 2 4 3 2
0 3 1 0 0 0 3
2 4 2 3 0 1 4
1 2 3 4 4 0 1
1 1 3 0 3 3 3
2 1 0 2 3 0 4
3 0 0 3 3 0 3
0 4 2 0 0 2 0
2 0 3 3 1 0 1
4 2 1 0 3 3 4
3 1 1 4 4 0 1
1 1 2 3 2 2 3
4 1 4 3 3 3 4
1 1 4 2 1 0 2
3 1 2 2 3 2 4
4 2 0 4 4 0 0
3 4 4 2 0 0 3
0 1 0 0 0 4 1
1 4 1 2 4 1 2
3 2 1 3 4 3 1
2 2 0 2 1 0 1
0 4 0 0 2 0 3
2 4 2 0 1 2 3
0 0 2 2 1 2 1
0 2 2 1 4 0 0
1 4 2 4 3 2 1
3 4 3 3 3 1 1
0 0 2 1 3 0 2
3 2 1 0 1 1 4
3 4 2 0 4 4 3
0 3 1 3 3 1 4
4 0 1 0 4 1 3
3 4 1 2 3 2 3
3 0 4 2 0 3 2
1 1 1 4 1 0 4
1 3 0 2 4 0 2
0 0 1 0 4 4 0
4 1 2 1 0 0 1
1 0 2 0 2 2 4
0 0 2 0 1 0 0
