m: 250
n: 50
k: 7

Distancias:
46 24 42 40 37 51 44 84 20 37 5 23 86 24 70 85 35 19 86 5 28 4 98 79 88 32 24 52 48 2 91 86 97 59 69 80 7 65 57 3 26 78 30 73 73 23 58 83 26 28
79 38 41 22 19 90 87 13 56 87 59 79 91 18 81 19 75 31 4 49 79 18 48 62 66 84 57 40 30 12 32 59 39 88 19 2 34 15 99 86 15 86 12 80 21 90 7 75 26 38
72 78 77 43 20 22 57 78 78 68 41 17 53 24 2 61 72 77 6 90 16 6 13 11 78 75 41 54 93 65 78 69 73 75 98 97 99 31 69 56 65 56 2 20 46 24 39 98 59 71
43 67 84 16 61 21 78 6 60 5 52 63 56 79 95 4 88 87 26 4 82 67 91 8 53 37 3 93 57 51 25 57 21 63 59 76 69 95 30 5 5 28 6 90 72 60 18 32 44 6
5 40 18 22 58 39 36 36 88 46 27 12 23 49 48 98 7 80 50 54 40 31 21 11 2 46 34 51 67 30 16 40 94 34 26 66 99 82 27 74 87 63 77 33 69 6 56 45 48 17
96 62 50 52 32 90 81 72 81 14 26 83 35 45 84 74 7 97 26 35 42 16 15 80 52 72 91 53 99 46 74 20 61 6 20 44 50 73 64 77 35 13 86 11 22 8 40 22 7 74
5 89 75 55 64 96 42 97 40 40 20 32 16 37 52 60 7 80 24 28 49 83 97 37 38 35 36 19 59 73 37 9 75 39 58 55 56 97 8 57 9 93 82 17 6 68 88 62 34 97
71 8 23 65 73 74 53 85 85 58 53 10 87 16 65 48 33 58 73 94 83 43 54 63 24 67 2 41 43 17 78 67 4 39 8 57 55 75 81 72 41 33 9 35 31 66 59 76 88 46
29 14 78 71 5 82 11 78 87 96 28 23 24 83 35 14 7 8 64 88 88 94 37 19 85 86 14 99 86 5 27 4 41 77 36 12 68 77 67 3 98 99 56 10 35 86 46 73 67 24
71 55 29 3 29 18 13 53 11 80 51 23 42 26 45 97 71 39 56 21 99 89 43 18 60 96 84 68 49 10 48 9 93 33 75 36 19 94 31 9 23 70 40 23 88 48 73 36 59 43
44 92 22 61 35 96 74 42 83 56 60 46 91 69 16 24 98 6 43 39 71 84 97 49 84 49 34 31 54 11 57 62 71 15 76 97 92 68 57 37 4 5 94 47 62 23 72 80 82 40
47 77 16 77 73 4 57 39 30 68 65 55 24 69 44 52 48 30 34 96 91 7 45 2 50 65 45 59 27 94 63 38 95 33 43 39 5 80 79 23 74 46 73 10 60 88 62 70 51 32
10 53 83 7 73 88 18 22 78 79 50 96 87 79 56 97 10 37 72 8 79 30 84 25 6 13 98 41 5 66 7 73 81 71 77 49 14 51 19 30 85 77 50 33 25 94 55 46 80 77
62 56 90 1 42 91 98 99 42 18 15 2 52 57 11 28 5 63 59 31 23 84 89 80 17 37 34 8 26 30 11 32 13 84 42 57 64 21 23 44 23 77 3 98 31 48 69 12 30 47
86 15 30 32 82 30 17 97 56 2 27 2 35 72 70 80 35 96 84 30 5 41 87 25 80 83 88 88 86 38 84 41 99 77 55 6 65 97 13 10 19 65 16 93 39 42 61 50 43 42
18 70 7 80 65 95 98 31 9 93 9 71 3 25 4 74 60 66 2 51 40 73 38 28 20 36 22 84 55 48 79 81 74 15 44 89 39 77 95 39 55 81 32 50 89 88 57 45 65 62
13 51 56 39 1 79 7 26 1 24 79 21 4 3 90 67 47 12 27 24 81 85 6 54 92 63 61 20 79 64 18 37 77 43 34 74 11 65 64 10 81 54 7 30 74 33 72 42 47 66
70 82 23 64 4 87 90 61 58 71 85 47 90 35 9 29 65 57 16 23 56 11 25 31 67 59 90 11 45 24 73 55 92 83 29 36 74 19 85 59 1 39 48 17 15 93 55 66 78 78
33 23 89 2 86 93 13 43 24 65 8 48 49 26 3 84 54 82 87 98 87 76 14 20 24 93 38 82 52 10 53 1 53 71 22 30 69 10 98 27 58 43 35 87 26 17 56 64 92 83
85 8 49 82 2 4 68 50 71 95 36 89 18 56 83 22 81 64 37 70 96 96 74 93 59 60 29 61 83 19 30 27 25 15 82 77 96 41 5 30 88 18 28 15 30 64 55 45 95 41
72 29 34 85 91 39 68 19 1 32 99 18 66 73 58 60 77 97 49 53 71 62 93 26 47 11 45 98 59 65 66 63 27 63 57 67 3 18 36 84 76 39 81 53 57 76 61 50 20 61
2 14 8 59 61 7 2 1 20 27 21 62 75 24 23 79 48 82 89 84 17 63 34 24 50 8 2 62 43 11 67 64 40 52 78 82 42 70 76 65 54 59 76 14 9 51 62 20 82 92
65 76 81 16 51 24 48 38 76 51 14 71 13 44 39 41 85 64 28 81 99 95 27 17 50 10 34 53 42 59 60 97 14 49 61 59 33 21 26 79 9 90 79 44 47 41 3 66 79 84
84 82 48 23 64 17 20 75 43 1 86 22 55 81 26 95 79 69 13 61 72 30 18 94 16 96 29 82 91 88 6 22 86 52 48 50 96 3 53 91 88 9 23 82 65 83 84 27 81 64
67 45 40 33 11 30 27 7 76 81 94 84 61 37 29 73 79 69 32 26 56 45 12 97 26 59 92 11 63 52 97 63 38 57 89 82 25 92 49 24 10 18 15 6 23 38 22 21 73 67
12 38 62 61 60 30 71 90 66 70 59 71 3 33 23 47 47 11 64 51 76 47 93 58 56 19 89 20 24 41 22 89 50 75 86 7 40 41 85 11 26 84 19 18 14 83 63 38 74 34
92 94 87 8 44 56 35 10 19 1 85 93 91 33 60 7 35 78 70 56 31 29 28 27 85 51 59 80 21 3 55 62 67 57 53 67 11 12 52 88 42 56 19 28 48 45 58 94 55 50
80 70 22 35 57 74 60 93 58 36 42 40 1 77 92 58 41 57 91 17 74 57 83 66 58 31 30 92 4 79 83 50 22 76 20 18 42 80 45 82 97 40 23 6 94 79 90 86 74 88
77 19 85 66 58 92 32 73 37 89 69 97 53 79 7 55 44 37 27 75 28 90 34 21 45 27 63 69 9 16 68 81 89 45 28 7 98 72 25 50 73 64 47 86 98 69 47 1 7 53
5 15 29 53 14 82 75 90 1 51 22 97 92 26 6 96 88 60 56 17 42 50 67 8 29 99 98 38 68 30 5 34 22 97 64 28 39 17 60 89 94 89 29 26 79 76 3 33 5 82
24 83 13 16 64 72 56 18 25 96 94 62 78 23 89 87 68 49 52 19 31 72 89 76 85 47 58 46 36 25 18 75 98 2 63 79 14 76 10 1 71 88 42 47 84 14 19 93 55 83
16 42 90 10 41 75 21 95 76 76 17 75 15 64 68 5 78 61 66 2 81 19 95 52 55 11 20 61 6 31 82 93 74 9 80 76 97 69 43 66 90 73 19 8 94 66 96 18 3 49
2 37 94 73 64 3 33 32 45 34 61 22 68 71 91 62 61 73 26 9 99 47 14 13 43 17 5 24 25 13 5 99 29 50 40 45 82 54 1 30 2 11 97 64 88 41 31 32 20 61
13 93 45 99 67 25 68 35 88 67 28 75 52 48 42 70 34 53 75 18 54 59 21 1 73 22 9 92 8 93 35 15 87 41 9 96 20 69 8 51 29 58 1 83 22 61 48 61 10 50
24 7 3 98 24 52 9 43 73 1 57 99 16 47 74 12 17 15 63 44 44 24 63 91 52 95 90 12 71 51 54 56 81 99 87 13 49 23 36 13 42 79 40 84 24 31 40 54 86 73
9 99 16 90 61 89 67 16 64 46 64 26 96 86 76 98 21 59 69 54 50 12 54 35 55 72 53 9 32 30 4 33 48 9 70 76 2 11 71 93 74 69 54 2 71 77 4 69 77 2
75 80 68 20 92 56 46 59 61 33 18 85 28 63 67 25 69 21 33 93 95 98 23 85 87 89 85 26 25 12 4 39 23 82 35 74 51 25 6 12 74 22 52 57 94 91 60 13 75 90
66 18 14 41 75 65 46 91 18 74 80 5 48 36 99 17 60 82 85 39 57 72 91 36 59 61 95 95 22 98 90 37 86 75 21 52 37 64 43 96 3 68 5 39 30 3 28 86 24 71
14 72 22 75 39 89 18 86 18 18 16 41 26 34 28 3 94 28 68 93 87 96 19 7 5 23 65 53 18 32 45 45 19 50 66 50 70 54 15 58 99 91 30 8 92 89 96 69 17 87
29 83 21 27 66 31 15 54 84 93 42 11 13 67 48 14 1 96 82 87 79 76 87 97 71 3 77 90 86 32 25 28 56 97 56 53 62 6 23 37 21 36 15 78 57 59 79 31 12 75
16 88 55 13 67 58 68 61 80 42 45 66 49 43 54 24 71 85 14 12 10 94 97 17 54 92 79 28 36 12 10 56 41 51 95 93 81 80 81 58 11 87 23 28 36 96 61 83 71 80
97 67 66 12 6 48 97 92 98 81 54 95 19 47 75 20 84 36 89 20 75 16 90 87 10 54 54 37 28 43 93 96 39 94 84 75 68 32 60 5 73 42 80 38 42 27 18 72 81 91
65 19 39 70 37 54 35 33 4 47 27 79 54 48 41 30 42 64 17 30 44 60 78 84 3 76 22 84 37 65 78 88 18 8 78 71 33 18 95 37 41 25 41 88 52 24 62 43 49 34
51 59 81 59 96 17 97 76 96 51 10 5 7 9 9 62 71 40 17 44 67 14 49 67 56 67 26 33 68 60 33 80 51 12 49 74 35 67 32 72 61 68 4 96 25 37 85 37 1 62
33 81 19 81 2 30 27 1 95 26 72 25 82 1 14 52 19 11 32 34 6 54 66 28 75 35 66 99 2 10 45 5 47 54 23 97 97 29 71 97 43 55 89 56 4 44 50 37 31 50
92 56 19 39 39 60 51 80 16 97 50 91 95 31 97 90 57 81 31 33 87 95 66 99 71 34 78 28 52 18 41 82 91 92 82 77 19 19 15 45 1 37 50 73 14 77 87 14 94 94
16 71 31 59 23 75 88 43 43 53 49 70 67 46 44 67 87 17 17 46 36 46 63 62 39 34 61 29 24 77 89 13 6 64 30 94 15 36 87 10 20 24 57 51 65 74 39 14 77 99
99 23 15 11 3 79 84 67 43 79 64 25 82 75 51 2 28 69 61 43 26 4 90 87 46 89 84 14 67 4 60 90 66 32 32 55 56 6 83 81 40 65 51 22 71 90 96 25 88 99
8 73 66 2 26 13 78 29 21 39 94 70 29 95 50 10 51 58 73 16 58 35 14 59 63 16 97 94 65 2 89 30 29 14 61 6 19 81 25 57 87 98 7 69 8 50 45 15 61 11
94 73 26 23 67 76 16 12 16 61 18 13 56 11 40 10 67 72 23 40 41 3 30 18 58 43 43 54 46 43 89 70 80 7 1 82 5 61 13 38 92 83 96 26 20 77 65 19 75 8
15 3 20 93 84 78 34 77 12 34 97 65 10 41 32 44 92 11 26 21 23 48 24 80 97 68 75 20 72 42 75 8 41 11 97 9 92 13 50 96 32 35 43 46 4 60 31 45 85 16
46 96 45 58 68 3 74 62 97 41 71 21 64 11 39 51 52 52 29 12 38 51 90 90 7 29 39 38 73 99 12 81 82 26 80 37 11 64 3 87 84 37 59 41 28 34 86 8 57 15
14 7 50 78 89 58 48 82 82 81 61 82 82 56 78 16 48 42 20 97 43 75 95 12 95 77 50 87 63 60 27 75 75 36 96 22 95 47 69 27 95 2 59 83 84 31 89 6 10 68
42 53 59 49 98 22 98 41 6 99 97 26 53 31 65 21 95 66 51 39 93 3 40 33 60 58 85 99 7 68 75 9 51 44 29 42 95 48 59 40 67 8 16 80 5 5 49 87 29 96
25 51 55 50 92 27 48 33 51 3 19 88 8 22 66 75 71 33 9 37 14 93 42 56 70 62 53 67 8 88 31 95 23 96 76 14 81 34 2 87 53 13 71 29 66 72 73 12 7 79
78 32 52 39 40 76 38 32 61 59 79 24 29 26 50 20 72 99 41 97 95 40 74 86 54 79 60 96 27 17 11 27 58 40 79 9 42 52 62 8 78 37 35 9 22 32 4 69 55 57
67 27 96 88 27 32 48 23 72 99 12 78 89 55 94 22 14 6 16 21 91 7 56 89 38 48 21 72 10 87 36 65 86 30 44 92 98 98 65 93 99 86 88 99 5 72 14 98 50 84
11 47 58 10 37 14 40 56 11 94 62 76 37 8 57 19 58 77 21 41 9 62 10 19 20 58 2 80 82 73 85 97 56 53 64 98 51 10 29 90 30 86 38 80 92 78 24 33 62 30
32 39 42 44 44 12 23 62 53 23 30 44 2 78 4 53 59 72 38 94 90 80 4 49 82 69 80 21 99 93 74 2 2 92 89 97 48 3 59 67 69 34 83 98 21 85 41 10 61 82
58 24 59 90 28 65 57 79 65 91 20 22 59 77 11 37 98 68 55 92 51 91 67 10 81 53 99 73 22 56 99 21 88 45 32 92 65 98 60 40 17 29 10 42 86 91 81 5 86 51
53 77 19 70 62 45 2 87 50 95 49 8 83 64 79 45 66 21 71 45 90 14 60 64 69 52 63 71 1 39 9 35 74 53 94 54 34 62 2 81 57 87 83 7 51 31 44 53 38 89
20 25 92 77 79 57 57 67 83 71 21 84 98 10 82 63 56 82 94 7 75 44 89 94 95 60 76 23 66 4 47 90 89 66 73 13 70 52 49 78 31 92 43 87 10 51 79 9 99 27
13 16 14 64 11 19 32 45 55 68 52 1 49 78 35 30 84 27 3 13 59 62 89 3 59 66 97 18 13 1 18 59 45 94 11 10 70 22 26 3 29 58 12 4 83 19 49 85 84 10
77 42 56 51 82 27 44 68 38 40 16 40 5 39 3 26 31 95 26 69 87 13 48 52 90 69 6 64 18 72 18 52 65 34 6 34 82 50 10 97 65 27 61 84 36 66 32 32 48 14
30 75 51 42 44 36 41 76 9 7 77 19 45 39 31 27 81 42 75 86 65 70 78 73 68 37 32 53 9 66 14 18 5 17 85 51 74 50 17 71 85 95 12 74 45 60 86 25 6 84
55 37 84 62 94 33 43 73 66 44 52 32 61 61 38 77 88 25 14 8 20 39 30 6 66 47 26 34 93 23 20 90 74 25 56 73 24 96 16 17 17 48 21 92 46 17 82 60 31 24
61 69 45 75 38 98 55 69 39 92 40 45 8 28 48 19 45 76 55 44 95 15 59 60 51 75 31 32 38 2 71 16 24 45 18 91 94 82 12 37 68 24 10 63 29 20 24 3 85 40
79 1 42 91 73 75 35 52 70 53 50 70 64 17 96 22 21 1 56 35 91 93 75 77 51 34 60 87 47 28 48 47 57 79 87 8 83 29 33 24 75 48 60 72 9 47 32 50 98 93
78 83 55 8 10 53 96 79 72 98 21 77 11 93 88 36 21 11 56 34 36 62 30 11 55 11 73 87 64 95 30 78 55 98 40 65 47 34 48 32 9 68 5 79 32 77 39 88 43 35
10 67 61 55 43 22 50 46 77 65 31 27 2 20 92 17 74 99 98 69 70 32 27 59 38 77 68 7 37 40 8 47 37 48 19 95 18 76 47 41 62 84 10 28 24 88 39 68 27 34
30 9 87 55 90 65 50 57 1 46 20 4 38 36 25 8 96 77 81 27 9 74 45 41 88 38 19 55 22 84 70 57 98 42 32 27 41 72 11 57 27 98 69 39 45 81 6 6 50 61
22 17 42 79 85 14 50 76 63 23 11 16 53 88 78 38 25 99 73 46 76 84 94 77 71 42 24 23 49 74 46 74 51 88 81 50 4 72 76 55 52 47 47 55 5 84 34 61 96 33
45 66 50 42 77 23 15 3 77 67 55 68 4 72 81 28 30 19 32 89 46 31 50 47 79 88 34 78 25 92 52 69 78 14 41 98 25 36 87 28 9 5 54 86 66 16 99 6 84 85
58 24 73 34 17 73 71 85 3 31 58 86 77 21 57 58 49 79 1 54 70 77 71 12 79 9 35 68 7 37 44 40 58 37 82 77 50 88 94 91 45 12 31 10 63 30 33 38 10 13
67 62 62 80 66 25 25 16 26 1 46 9 73 36 18 74 89 14 9 6 58 47 61 15 40 44 36 21 73 74 12 59 56 42 6 45 68 70 81 32 69 11 56 68 57 45 87 3 5 89
2 26 99 99 20 51 11 42 67 84 77 68 61 43 95 77 28 26 96 11 88 12 5 14 29 37 32 36 91 59 73 45 81 75 4 62 18 51 42 12 39 7 69 10 85 9 72 13 53 83
50 53 27 7 60 50 55 59 80 66 26 22 65 78 54 6 74 2 95 8 3 77 12 2 55 55 40 1 78 88 89 14 73 89 92 29 36 2 18 18 28 85 68 51 93 41 19 1 71 95
96 75 14 52 63 28 19 88 30 10 29 84 30 30 81 38 54 60 36 65 83 69 21 69 30 3 97 27 48 70 20 59 42 95 21 48 88 86 2 92 10 2 64 29 41 15 37 90 61 33
5 67 51 23 34 74 10 9 5 98 29 44 97 98 10 95 39 27 29 44 64 50 34 22 87 75 67 89 75 71 81 96 43 84 84 46 55 88 54 82 18 5 64 2 50 49 46 33 92 21
29 91 37 96 89 96 14 70 54 3 74 50 5 87 74 13 29 58 61 18 31 20 75 60 60 90 6 5 47 94 92 92 91 88 46 20 76 13 87 67 32 82 4 22 59 98 21 70 20 16
54 28 44 91 57 96 23 15 2 3 54 94 18 54 71 56 10 53 26 46 31 80 69 55 26 44 41 28 51 27 12 31 60 20 95 45 62 42 26 91 63 89 28 39 80 58 42 50 1 39
13 37 74 28 30 50 42 17 26 55 1 40 10 14 98 73 18 42 91 53 10 78 42 64 15 5 93 13 47 95 44 53 50 53 46 74 26 5 73 46 8 84 18 80 28 3 23 81 1 27
70 24 33 98 1 81 2 23 20 70 46 6 44 68 95 32 80 96 70 26 54 43 81 17 1 24 65 36 17 71 53 36 33 44 67 68 43 5 94 34 92 73 52 10 80 37 86 33 83 53
1 8 35 91 8 6 67 67 54 61 33 21 9 80 68 85 76 92 19 75 75 47 88 75 92 91 83 69 82 34 25 65 43 87 11 92 10 34 61 77 75 66 29 64 29 94 15 29 18 49
4 44 73 15 98 21 80 18 69 70 64 45 74 1 49 69 60 33 69 11 18 12 6 90 5 89 59 38 51 87 17 3 29 95 53 74 31 86 34 54 52 17 8 56 80 60 26 86 36 52
24 77 27 77 15 87 99 70 75 81 44 46 78 61 32 81 40 61 31 52 49 8 47 65 17 51 14 48 3 13 20 90 51 75 84 48 21 6 65 65 91 82 61 16 19 11 80 46 67 12
52 74 53 44 78 16 57 17 88 5 89 29 9 55 40 75 83 29 3 43 84 3 63 97 63 46 46 56 91 93 12 41 10 85 38 46 8 72 92 93 19 66 16 87 44 78 61 20 87 62
10 86 2 32 75 56 96 59 79 65 38 4 99 64 36 2 24 60 47 78 6 92 34 49 2 25 75 83 38 12 70 1 63 88 25 73 95 85 94 65 54 85 40 78 91 99 35 9 18 45
45 58 87 43 38 55 96 87 28 99 12 5 51 82 8 66 39 12 39 82 94 86 49 31 38 2 40 46 58 48 4 98 71 47 41 29 30 31 81 90 8 16 92 94 53 91 36 49 79 64
93 3 9 50 85 70 96 98 39 94 88 54 51 60 39 88 95 11 41 75 2 56 60 5 60 40 49 66 8 59 29 33 14 18 88 59 31 20 45 39 69 48 23 17 45 75 73 61 57 2
15 82 95 45 74 66 20 77 47 97 32 10 16 99 62 88 8 10 50 6 62 24 15 11 41 64 91 17 16 56 86 56 79 24 6 45 52 12 58 10 43 72 12 96 67 77 86 71 91 63
22 77 62 98 16 6 63 58 26 71 84 58 67 93 35 91 9 6 70 63 36 35 44 36 17 5 41 24 55 76 40 44 30 97 67 47 47 38 87 62 39 21 54 44 56 85 10 77 46 39
23 74 87 84 4 73 54 33 62 61 64 2 11 3 43 13 54 90 70 35 47 47 5 28 80 37 57 66 44 99 72 96 84 37 56 57 59 10 4 87 69 43 69 27 11 23 41 23 38 33
13 5 21 26 65 8 33 63 7 37 77 19 6 99 48 55 91 44 28 2 29 28 12 55 19 16 99 42 55 87 76 6 28 50 25 56 67 6 29 25 92 21 35 6 65 75 5 75 59 86
16 81 48 92 39 28 34 4 28 71 22 55 45 13 79 4 31 89 26 38 68 45 12 28 60 58 11 51 64 71 14 63 14 86 2 16 73 35 35 27 81 52 70 98 34 20 83 19 1 88
38 50 71 53 71 71 73 7 40 18 12 36 95 45 15 90 73 77 36 32 39 78 66 26 1 38 5 23 53 29 11 90 88 11 1 83 53 94 1 20 9 92 80 49 99 74 74 85 65 90
8 70 95 95 52 38 52 86 16 98 28 47 20 95 42 61 66 87 65 56 22 96 35 88 40 50 85 22 12 43 39 90 10 59 55 92 73 79 48 10 69 83 18 62 69 50 86 48 11 52
64 76 57 74 65 99 8 45 10 9 53 44 74 45 67 31 89 70 48 42 86 40 5 33 29 96 31 2 3 61 24 69 8 19 72 60 25 64 3 25 30 96 23 30 65 97 3 69 43 18
11 40 5 17 45 84 69 55 79 2 24 36 36 80 71 21 19 78 81 29 3 68 65 66 6 11 84 35 21 81 23 19 5 5 68 41 93 23 57 10 48 67 9 24 26 88 46 57 79 43
38 21 8 8 69 34 76 75 53 41 25 16 5 13 83 93 38 63 52 86 69 73 24 74 60 49 45 85 62 41 42 25 39 35 51 17 17 80 86 77 18 88 73 90 20 39 20 57 30 76
41 98 2 3 79 6 57 26 44 3 12 61 15 77 69 51 49 91 75 76 49 42 63 66 35 86 5 33 39 17 61 44 18 44 46 5 6 79 79 79 87 71 20 9 63 27 16 99 78 16
74 49 28 62 11 22 69 63 38 87 67 21 77 73 78 64 69 12 43 65 51 94 82 90 57 26 15 88 94 26 87 76 97 81 26 62 32 20 19 39 8 91 14 24 28 24 91 91 83 92
19 97 2 18 21 92 3 48 30 57 99 4 7 13 7 29 82 97 60 37 27 96 95 38 21 95 3 48 8 76 32 88 33 9 22 9 43 23 28 79 28 95 7 82 85 55 16 81 36 85
2 61 3 86 9 69 80 61 63 7 21 72 3 98 9 71 68 83 31 93 93 8 75 33 97 83 39 90 29 15 79 46 82 46 48 23 31 60 34 73 40 26 14 65 95 84 79 67 50 33
67 97 42 94 72 64 71 33 71 27 24 10 97 32 43 2 80 94 32 2 59 93 92 62 35 35 87 56 45 39 64 63 71 82 39 85 36 62 83 35 69 73 53 61 24 30 61 66 5 73
14 6 10 77 50 7 66 79 16 67 3 41 64 35 89 44 56 80 87 71 94 36 27 36 81 87 68 70 20 88 50 95 97 48 25 11 29 58 99 40 18 94 80 55 97 74 95 1 62 22
21 61 75 58 67 67 26 86 4 84 61 8 24 25 50 1 38 55 15 44 31 22 58 56 46 37 2 66 92 94 95 7 57 20 8 61 7 44 99 90 4 43 12 77 12 22 70 67 75 18
60 80 14 8 12 30 7 57 67 87 41 48 53 96 11 97 98 2 1 75 77 84 7 30 97 64 4 95 55 63 80 73 67 57 13 92 82 18 34 94 39 63 17 27 83 78 9 61 3 37
92 48 85 45 20 24 68 82 81 19 2 24 83 57 27 97 61 17 20 29 37 10 79 63 26 75 58 57 72 13 40 37 76 17 88 61 14 72 86 74 75 11 94 98 74 29 1 3 11 31
6 64 40 87 20 44 82 94 49 45 99 41 19 15 76 83 79 11 78 65 92 43 95 12 1 80 59 66 62 79 87 29 40 13 2 27 71 71 42 17 82 63 62 67 55 1 94 19 5 10
11 85 57 14 77 53 10 2 81 97 59 9 11 22 85 57 72 63 69 55 73 10 4 18 34 95 14 4 79 12 17 64 45 51 11 5 71 26 14 55 36 64 69 2 38 25 43 7 86 82
94 92 84 51 40 43 70 50 74 38 78 49 10 33 70 11 18 26 70 74 74 5 46 79 22 76 18 20 47 30 46 11 52 85 94 49 21 36 89 58 11 5 37 80 86 13 65 1 45 97
74 52 69 84 28 27 9 64 48 38 69 21 80 96 12 99 9 16 28 59 51 80 2 84 98 36 85 41 23 18 8 44 8 52 97 12 89 37 10 91 22 26 56 22 85 87 41 62 26 83
73 3 55 42 26 85 73 95 14 82 60 10 37 19 86 18 10 26 64 55 1 87 71 98 42 14 62 47 15 88 96 16 94 15 38 2 45 14 76 73 12 47 10 66 67 67 46 56 22 4
72 12 52 43 13 51 75 74 41 94 26 59 48 38 35 63 13 54 86 63 23 94 58 71 98 98 74 31 26 18 38 89 98 50 78 32 7 11 64 53 82 69 43 14 84 23 52 80 3 58
44 60 71 76 32 75 98 2 13 12 99 67 53 35 62 6 52 77 46 89 53 49 60 5 87 28 53 94 46 31 7 55 71 79 96 64 84 98 66 18 23 28 4 88 73 83 35 56 30 96
99 18 37 31 30 72 68 57 29 8 87 98 34 20 83 10 64 24 84 12 31 56 78 21 7 69 33 76 77 18 56 4 2 56 90 37 91 95 25 23 34 7 76 87 14 17 16 30 45 38
84 72 20 67 48 74 2 27 61 27 8 39 40 16 64 21 82 30 90 74 75 76 42 49 35 66 10 23 66 47 42 15 47 73 15 79 92 66 52 91 38 58 47 39 52 52 54 11 4 24
74 69 84 23 50 50 23 16 50 10 60 83 37 4 66 56 54 1 91 76 99 48 93 33 75 17 47 99 61 37 93 22 62 82 21 61 72 68 82 80 87 76 67 43 14 98 23 1 55 43
12 96 43 65 66 11 22 90 96 83 78 84 63 31 90 51 82 95 17 97 22 7 51 34 91 44 50 89 84 62 89 59 80 31 2 25 58 15 49 23 63 39 20 25 33 22 89 16 84 80
98 42 20 59 96 66 74 88 64 56 43 50 35 4 66 13 32 77 65 35 62 84 81 41 81 79 92 23 75 78 50 44 47 71 64 79 29 19 24 67 66 53 55 32 71 48 90 95 39 35
63 68 14 88 93 65 16 88 28 56 37 42 92 34 10 94 41 91 39 62 83 16 95 2 71 4 42 10 99 11 4 65 14 33 31 41 92 52 69 39 33 87 9 22 63 70 57 74 12 98
43 95 70 43 8 86 30 60 33 37 14 96 36 22 26 32 7 26 48 64 90 1 37 32 41 3 68 27 71 75 75 67 4 8 39 69 60 91 26 42 63 78 60 3 16 14 31 30 52 10
13 47 27 75 2 37 38 72 72 70 49 91 48 12 22 31 11 43 93 75 32 14 74 50 89 67 70 26 78 92 87 63 31 21 80 52 81 67 92 19 89 98 97 21 50 39 28 68 4 96
67 24 92 73 27 36 37 94 74 74 61 27 24 20 61 83 1 97 15 92 77 39 87 89 25 55 29 31 70 79 79 39 61 50 94 75 79 15 9 85 17 30 77 80 67 96 98 81 91 46
39 73 72 18 30 57 88 46 98 76 95 62 13 6 43 45 76 59 8 28 76 99 7 51 72 57 15 15 32 64 49 22 13 38 16 15 97 22 29 49 39 55 31 95 89 5 22 71 90 69
92 84 34 64 78 83 59 34 58 50 58 84 77 57 7 88 23 2 55 84 97 95 52 46 24 27 37 7 5 93 82 66 37 18 75 96 30 35 20 15 26 28 9 22 4 87 19 90 59 91
51 90 33 5 76 72 50 47 51 49 52 69 44 55 23 18 31 67 57 74 83 46 93 55 51 9 83 2 81 20 79 93 13 14 53 86 37 22 9 35 1 50 12 80 84 38 44 49 36 4
5 44 75 41 73 17 60 70 99 33 77 67 19 2 40 7 80 95 35 41 28 33 11 72 1 33 80 92 23 54 91 30 4 31 55 11 63 32 4 25 76 58 70 53 86 40 24 24 35 88
30 6 35 97 3 29 62 54 25 17 31 97 35 14 84 52 88 54 85 37 24 36 23 96 44 93 32 52 65 49 11 9 10 73 37 46 70 37 4 21 39 81 31 36 76 43 68 17 65 7
47 76 71 23 34 65 48 8 53 79 81 63 1 88 28 31 88 49 53 78 26 89 43 48 9 45 6 80 41 86 27 28 7 45 82 49 55 8 72 33 76 29 47 82 60 81 69 31 69 99
16 83 33 82 88 21 83 46 22 76 66 21 14 43 80 60 20 55 70 31 41 68 32 4 99 12 89 97 90 26 25 93 91 97 86 64 34 48 41 5 98 87 57 90 32 57 5 75 40 88
11 64 53 13 17 68 38 6 85 7 6 24 17 43 33 11 57 4 21 26 37 12 9 15 23 29 37 30 51 54 58 58 40 12 15 93 70 21 27 99 26 5 4 37 44 80 46 29 38 63
43 14 37 40 92 36 21 52 35 18 98 65 31 48 57 27 14 64 81 92 54 34 68 78 34 82 18 88 59 92 97 34 10 70 87 97 1 3 63 19 21 73 33 32 16 10 1 44 49 93
68 51 76 28 49 77 29 18 25 68 25 64 24 21 31 38 58 55 1 18 46 23 97 72 81 1 92 30 68 1 75 42 62 39 35 69 47 90 56 95 14 5 71 2 35 85 21 71 43 73
9 8 12 85 69 82 61 67 62 52 10 37 75 27 10 21 22 53 61 99 76 95 23 98 31 51 38 74 3 33 82 20 85 33 68 44 78 40 47 39 15 92 60 55 46 94 99 26 14 92
63 52 78 50 51 99 59 11 72 20 66 65 3 35 56 32 79 30 82 82 72 63 60 49 66 63 58 18 30 84 43 52 40 44 28 79 41 95 24 31 6 71 47 81 90 4 18 81 67 99
21 27 17 99 26 21 36 35 60 49 52 74 34 87 94 5 58 7 83 25 26 20 29 39 78 31 74 89 98 1 53 80 12 12 5 57 36 17 7 41 75 41 6 88 81 67 55 24 60 12
16 61 83 11 39 89 80 48 8 73 67 92 60 13 71 64 11 55 80 43 16 11 41 77 60 70 21 63 23 44 20 95 11 30 84 29 85 59 12 21 29 90 86 23 99 36 67 82 35 27
29 4 41 22 67 38 30 56 50 10 79 85 85 75 96 26 19 61 35 5 1 32 19 38 47 23 41 38 60 67 65 79 59 32 62 72 94 34 20 59 11 75 79 5 27 13 20 22 41 20
81 87 64 10 40 84 50 43 2 34 98 61 66 67 84 73 7 47 9 73 98 75 75 41 92 81 35 86 43 3 38 55 49 45 58 16 8 76 46 73 68 20 86 83 11 87 38 57 78 3
27 15 56 91 41 32 55 18 21 82 41 29 31 74 68 82 71 31 58 67 15 58 60 67 57 10 77 97 14 46 90 32 39 29 62 80 50 99 2 22 26 50 88 84 85 59 22 49 82 43
78 4 49 92 6 91 45 37 91 99 75 14 44 60 34 99 62 85 78 6 18 14 57 89 59 98 82 10 73 34 77 78 68 35 2 35 36 36 12 7 96 6 97 4 23 82 71 73 49 91
24 54 46 13 71 77 13 44 66 10 90 28 68 45 35 96 92 41 27 94 28 55 26 40 44 82 88 60 93 13 25 15 18 64 59 51 48 33 91 14 51 36 87 2 79 97 46 67 38 15
29 43 87 58 91 91 34 90 18 35 36 78 83 97 30 85 25 13 9 38 80 48 69 75 4 39 76 46 38 88 43 3 55 48 66 49 58 80 16 90 36 24 66 14 47 54 49 89 57 76
40 37 41 43 59 51 88 62 71 44 52 87 39 93 3 76 66 96 48 68 96 77 62 27 88 34 45 48 46 52 91 32 88 80 38 79 73 82 50 32 54 42 46 62 26 20 54 14 31 54
11 99 48 60 9 31 11 12 20 7 86 15 73 93 43 11 29 37 99 58 16 91 4 78 42 84 99 86 54 72 23 90 98 19 56 78 44 6 73 9 60 48 30 82 11 47 21 67 42 32
35 68 91 30 6 95 18 80 30 55 65 45 64 17 24 9 41 39 71 68 64 20 77 19 96 37 82 76 37 65 12 31 50 34 52 21 66 87 49 94 80 37 4 39 65 70 74 39 62 19
27 63 51 45 96 47 7 70 88 59 87 55 91 39 43 10 66 76 64 89 63 82 34 60 33 2 85 41 25 56 62 16 18 97 83 33 2 41 7 42 53 40 33 17 72 66 37 94 79 79
39 59 50 2 19 43 28 21 87 3 9 1 13 86 83 3 59 19 46 83 77 8 37 31 88 23 86 39 34 7 28 64 60 89 20 43 84 33 60 91 86 8 27 68 15 51 5 54 84 50
14 46 25 2 78 12 30 27 17 70 26 70 56 55 12 43 29 33 10 52 1 5 63 64 82 89 91 22 17 30 27 88 34 50 54 59 7 49 20 95 42 42 26 33 63 86 6 14 22 81
50 61 80 16 53 25 74 19 52 19 71 28 6 87 41 75 78 97 20 45 71 30 54 77 52 58 12 6 33 55 66 56 72 34 13 48 42 64 7 81 53 90 14 35 15 24 37 88 7 43
12 61 77 37 64 9 72 26 44 83 17 27 15 16 18 45 91 89 23 5 88 36 66 70 18 82 1 2 93 7 18 22 95 44 89 37 38 20 55 53 42 63 48 87 30 34 18 41 63 93
42 97 1 63 10 55 17 65 96 75 74 93 31 10 33 80 11 5 60 75 84 79 69 31 92 60 8 75 10 42 23 48 16 85 39 17 23 26 34 22 81 39 75 70 43 56 79 95 91 77
34 60 19 35 38 34 65 97 19 95 9 43 24 7 83 7 21 53 84 53 12 71 45 31 19 27 24 42 90 30 20 84 54 58 69 73 58 89 95 60 61 19 69 49 24 3 94 65 44 97
76 7 95 55 41 35 26 57 31 9 1 35 85 49 43 5 53 33 1 52 70 15 2 66 55 93 80 38 59 17 73 3 57 99 27 37 37 48 30 12 72 79 38 81 93 3 88 4 79 25
64 11 63 31 84 19 62 21 26 4 72 17 60 31 61 98 33 91 15 63 71 63 20 50 91 84 72 85 23 29 2 24 10 15 12 81 69 90 49 61 39 6 41 85 46 91 3 70 58 15
48 20 21 92 9 30 54 51 84 94 31 40 51 55 2 54 49 75 14 30 87 33 1 28 44 72 8 24 1 80 37 32 48 3 80 39 42 69 44 96 64 35 79 51 21 54 21 10 52 39
53 50 90 59 9 78 35 19 64 92 53 3 86 51 57 84 84 41 82 96 86 84 76 14 65 14 45 88 86 56 68 18 64 47 6 57 49 71 94 58 96 90 4 19 22 90 55 80 6 11
56 47 46 16 13 72 4 71 10 34 26 24 30 93 4 9 91 87 77 94 55 26 59 20 74 24 86 41 43 20 28 76 24 23 96 81 36 74 47 61 37 31 18 64 59 97 8 11 42 38
29 20 4 79 4 29 80 3 65 35 99 20 11 72 53 48 65 61 84 70 73 82 40 26 80 19 3 53 30 58 78 31 58 19 11 7 20 10 3 55 69 20 57 67 53 49 32 61 74 88
37 60 87 81 35 48 91 64 2 50 47 43 70 32 83 47 24 28 53 14 94 79 97 31 40 10 43 70 6 40 53 91 35 11 21 96 82 95 35 71 76 52 3 86 46 62 84 74 79 27
65 51 57 94 38 68 99 56 11 73 69 84 73 50 18 67 43 71 79 49 49 18 29 43 21 17 71 21 25 55 50 55 32 79 59 11 6 91 49 78 13 33 70 78 19 48 66 15 27 38
42 25 5 90 23 81 91 66 51 29 51 98 35 66 20 74 56 97 67 52 29 29 2 2 48 85 31 66 7 78 26 58 52 51 38 16 45 28 67 32 18 46 90 13 17 99 19 16 59 54
95 13 46 45 79 40 28 7 63 98 45 46 90 4 77 89 71 92 92 27 41 41 26 85 74 42 94 34 28 67 33 96 79 84 59 84 37 41 58 38 1 26 55 39 32 49 42 45 53 76
19 8 26 93 91 14 64 36 31 61 38 78 36 94 28 34 30 54 65 80 88 34 34 16 15 41 88 20 32 89 70 64 61 41 25 37 55 53 51 44 66 20 24 23 64 29 66 22 13 86
8 44 31 81 12 91 71 60 47 23 39 98 10 51 12 19 49 31 59 30 62 2 70 67 39 91 3 83 27 97 30 47 3 91 37 80 7 17 23 8 62 83 48 40 87 12 48 96 6 72
59 75 26 47 73 78 32 47 20 73 55 93 24 7 57 10 41 60 17 1 40 1 75 1 28 76 21 94 13 10 17 95 5 22 76 98 67 80 29 56 87 7 58 94 42 74 68 40 18 62
60 45 73 25 90 74 69 82 46 32 28 50 95 72 45 17 14 23 36 93 64 52 47 2 78 29 33 40 52 56 2 37 47 24 6 82 53 2 35 18 62 89 9 19 47 82 76 62 52 1
63 86 63 32 31 39 2 91 61 66 27 44 50 83 54 85 34 4 95 27 9 41 78 57 67 37 8 60 72 28 45 17 19 86 73 12 80 42 1 26 64 69 34 84 71 79 29 25 47 78
69 29 87 73 48 48 74 91 55 31 56 12 50 26 11 12 62 99 34 35 71 38 51 38 73 63 2 27 10 91 1 18 28 5 98 92 88 34 4 9 46 9 52 26 89 8 13 76 69 77
16 27 46 41 53 37 6 28 88 44 12 81 52 99 69 34 91 45 29 14 42 55 41 96 89 78 83 87 15 38 41 36 93 40 40 46 19 90 78 52 45 44 81 17 91 26 55 85 85 18
72 89 74 85 93 56 40 19 10 28 75 86 51 92 46 13 17 40 41 30 24 93 24 42 26 46 64 11 49 53 28 10 90 26 90 48 21 10 79 44 65 29 6 40 18 53 16 64 54 97
41 19 85 83 29 47 7 63 40 86 69 63 49 89 17 4 32 83 7 57 84 36 89 32 19 32 52 51 79 48 13 71 85 73 96 42 17 59 32 69 2 42 12 26 20 34 43 71 20 92
50 20 33 62 74 51 62 21 50 35 12 71 54 37 49 20 48 1 31 61 50 63 69 85 56 6 49 44 37 90 3 42 32 19 2 4 77 58 60 55 32 2 7 4 64 43 83 36 67 55
12 61 55 57 73 55 90 6 9 71 74 48 93 22 13 97 92 48 67 51 11 57 72 45 71 40 90 66 74 64 97 71 10 12 56 59 47 14 53 76 30 97 17 18 61 55 89 15 7 85
24 53 63 64 21 61 65 57 64 10 38 13 19 43 8 62 82 94 58 84 75 12 31 81 4 67 47 91 57 56 56 58 50 45 70 8 34 66 87 48 74 12 3 7 10 42 68 7 20 78
56 12 86 23 40 96 88 58 40 69 81 74 81 22 91 54 76 11 9 5 87 82 55 91 45 33 93 20 65 7 54 76 35 68 72 64 37 30 89 85 59 59 9 87 60 22 60 11 50 82
25 11 63 65 54 88 73 65 66 47 25 49 39 75 98 97 92 19 97 29 37 35 94 9 23 72 9 9 88 43 32 84 3 76 83 34 23 24 69 80 44 70 3 94 30 37 60 28 49 37
47 44 44 89 33 42 65 50 22 48 82 3 31 76 4 29 36 2 82 1 48 18 54 19 65 99 35 51 63 64 78 26 21 71 43 49 73 86 79 85 53 70 47 38 61 8 39 30 86 44
82 78 1 93 97 40 59 87 65 29 86 50 78 15 95 99 45 97 64 45 55 47 81 20 77 67 54 65 3 71 31 5 31 41 30 87 16 86 75 85 22 17 24 53 98 28 53 52 51 78
95 56 10 7 80 36 94 64 48 76 17 96 60 65 27 78 18 3 4 5 14 57 31 71 78 39 79 62 76 14 86 27 73 6 9 12 57 81 98 9 13 25 68 76 82 57 17 86 80 96
69 14 43 29 44 26 46 97 7 68 70 20 85 70 28 50 55 28 50 38 57 27 13 87 92 99 67 92 7 40 36 33 95 98 73 85 93 19 47 10 32 7 60 73 91 64 71 45 94 21
94 90 90 62 55 59 72 90 26 90 79 63 10 86 68 15 59 54 80 74 40 31 13 24 43 64 22 98 43 68 69 12 27 46 93 61 79 96 45 1 69 94 36 47 70 86 47 20 12 48
20 26 64 88 73 66 31 70 39 5 7 90 10 52 96 29 48 29 60 92 10 54 46 24 52 20 15 25 16 38 50 93 98 1 69 88 66 31 69 37 72 53 3 48 62 2 90 35 15 80
52 10 19 67 90 43 76 1 33 55 54 50 39 21 71 25 2 53 2 55 24 2 46 7 36 47 63 66 76 69 46 54 29 43 77 25 36 34 77 80 50 15 48 22 66 50 63 65 86 99
96 65 16 50 90 82 25 41 99 2 18 42 42 40 22 90 95 3 5 83 14 38 99 88 3 26 89 1 83 15 16 95 29 62 29 19 66 38 76 36 82 90 53 48 92 35 68 59 37 75
32 77 19 49 65 15 47 57 1 98 26 4 59 4 34 23 47 80 54 3 75 44 12 78 71 89 82 27 15 61 57 15 15 55 48 70 1 42 92 66 92 1 3 63 34 52 45 34 31 35
57 34 34 58 99 9 47 8 15 24 20 82 23 41 97 37 81 3 41 58 44 62 46 88 55 95 58 43 49 15 88 25 53 51 16 86 3 57 42 68 83 46 29 75 88 69 64 60 1 76
95 46 33 44 57 88 49 48 5 47 37 66 42 45 94 69 23 54 34 63 41 2 54 50 75 95 61 59 55 63 7 68 98 61 31 47 18 74 55 69 61 51 78 21 62 18 30 65 89 14
20 91 79 4 10 21 52 87 51 2 45 2 67 34 30 36 44 1 29 71 77 36 11 80 12 41 63 89 94 16 62 66 70 23 12 90 74 58 79 21 40 28 77 74 1 18 49 59 35 46
28 23 60 52 82 75 18 74 97 3 20 30 55 72 83 85 54 43 55 48 51 12 15 33 89 3 2 81 37 97 11 80 57 27 46 97 16 47 39 68 41 88 93 41 93 5 86 7 74 62
91 41 32 66 45 85 21 45 7 33 85 63 69 89 58 3 37 79 13 93 14 64 90 17 34 26 27 8 29 85 37 25 70 50 43 6 65 33 36 96 25 4 9 2 49 46 27 9 69 98
29 7 21 35 78 75 5 34 88 22 98 22 23 87 1 96 81 73 87 92 87 25 2 61 50 29 88 31 11 39 22 30 20 40 23 63 23 84 89 12 78 41 50 17 70 26 16 41 3 96
64 76 61 84 37 63 23 7 35 13 34 96 63 59 77 15 73 13 25 65 65 22 21 72 36 88 52 37 56 16 60 33 8 87 51 3 94 64 65 78 90 26 76 39 31 22 62 65 86 72
82 3 80 97 45 61 40 94 6 12 42 56 50 2 81 46 65 39 73 66 56 3 38 41 54 29 35 32 32 69 63 43 41 28 97 44 70 55 24 78 62 25 73 54 19 8 8 94 28 52
34 2 79 48 29 62 13 30 6 9 4 13 77 6 19 97 43 89 49 14 34 69 31 79 97 86 60 75 93 19 91 20 18 75 92 83 1 11 27 44 51 40 55 32 17 68 82 6 75 50
99 18 82 83 55 41 18 86 27 82 10 88 23 73 44 97 22 15 79 45 33 14 59 97 86 28 64 34 64 61 57 53 24 87 77 80 93 83 65 84 58 54 12 24 57 42 48 88 24 93
16 46 60 99 89 28 29 65 10 81 90 98 44 46 12 65 9 41 45 54 73 31 91 84 99 25 33 67 6 19 96 69 86 39 90 65 61 6 61 65 38 49 56 76 35 25 13 30 4 30
37 66 41 65 3 31 45 67 10 95 81 64 29 64 81 74 17 16 96 4 34 77 58 64 55 13 82 35 10 69 58 29 32 88 59 51 61 46 81 18 97 37 59 29 81 48 95 33 83 19
20 36 76 47 79 63 49 25 87 7 70 90 27 22 84 98 62 96 92 22 87 77 6 14 58 8 26 52 22 61 36 73 94 94 38 78 54 90 26 26 33 93 59 74 63 93 72 31 66 24
87 28 64 88 25 7 69 33 81 74 74 74 50 33 57 15 43 4 89 99 41 87 73 90 35 1 90 89 34 84 12 52 63 81 18 2 60 88 78 96 60 31 30 29 14 71 5 79 68 7
82 30 61 41 19 47 78 6 67 77 92 41 22 83 75 59 12 45 51 52 73 98 79 77 9 2 44 4 68 60 26 1 69 57 34 30 98 55 69 11 50 77 82 55 29 98 68 71 98 50
41 35 32 3 97 38 91 53 68 50 35 96 26 45 19 97 99 27 1 20 6 67 91 48 87 19 46 69 72 24 22 50 60 97 48 65 63 94 1 25 15 29 48 98 97 13 77 96 57 91
15 80 22 89 61 84 74 56 21 31 69 24 71 49 3 20 88 11 72 47 38 41 15 1 85 59 39 46 82 75 40 34 98 13 87 43 61 31 35 23 61 6 46 51 60 93 18 17 77 19
47 83 94 16 88 54 8 2 2 73 41 40 21 32 21 95 93 18 21 11 53 76 78 4 34 18 11 88 25 55 28 27 11 31 77 61 91 1 18 49 97 82 46 4 59 60 64 24 55 47
58 21 34 81 86 34 99 81 85 5 83 91 53 30 43 9 84 72 27 47 3 80 35 86 73 73 60 18 38 86 65 2 57 1 90 40 17 35 22 54 58 54 1 16 1 84 74 11 41 4
93 76 75 69 26 71 11 10 73 38 45 32 39 32 59 26 96 70 47 88 5 59 30 47 71 71 93 9 19 23 89 33 99 4 12 43 26 24 22 21 82 42 36 61 81 48 89 71 15 3
5 45 73 83 8 84 64 86 22 72 29 37 41 85 17 85 73 94 5 94 85 33 52 50 73 60 86 85 17 97 10 39 37 38 96 75 79 85 2 2 43 62 67 94 8 50 34 58 2 65
58 80 44 41 53 61 96 77 17 18 42 26 23 43 52 40 39 53 6 46 18 96 59 47 53 91 66 30 15 28 94 61 7 33 3 95 84 25 65 45 50 37 43 40 31 96 76 78 65 65
29 95 38 34 51 13 57 86 76 80 8 70 43 61 31 67 48 73 34 27 11 78 90 76 97 18 29 56 21 12 13 10 21 51 13 45 70 80 24 39 42 95 2 29 94 12 65 84 30 34
42 60 75 76 77 16 38 99 83 25 78 9 76 49 83 22 37 86 39 64 74 82 29 10 83 80 26 74 95 4 53 16 8 15 49 29 93 50 32 93 67 15 67 11 85 25 71 24 1 34
73 97 68 9 66 85 25 32 86 83 40 61 10 89 73 80 89 52 78 37 61 97 88 54 49 18 9 83 74 46 42 87 13 56 47 31 62 87 36 49 44 99 66 6 26 96 45 33 77 18
47 84 36 61 88 19 36 93 93 23 33 46 89 26 67 52 77 25 72 36 93 15 80 65 95 17 37 91 99 89 75 22 76 50 43 12 56 54 19 84 58 39 34 8 80 68 53 83 54 18
98 33 49 95 11 47 74 11 24 66 19 45 95 58 56 28 97 28 80 36 2 35 70 44 63 78 66 85 78 53 24 87 68 15 14 86 95 82 93 23 51 75 52 22 53 77 26 44 8 16
98 76 19 23 49 36 86 3 77 17 83 75 49 40 80 38 27 21 18 54 62 4 20 51 61 50 36 39 23 93 24 88 36 35 83 81 16 58 52 2 75 99 61 64 22 95 51 44 2 2
56 67 37 65 25 63 46 39 19 29 83 68 23 39 82 19 66 35 13 82 64 45 2 73 22 80 55 41 58 39 69 49 61 68 28 16 40 76 30 4 6 15 43 17 34 41 44 13 28 93
47 44 68 29 51 48 87 4 37 92 28 52 22 28 64 81 58 99 25 89 39 50 13 83 89 8 45 48 34 43 5 6 34 96 66 17 94 52 45 25 83 77 12 81 67 8 73 82 26 17
97 17 68 93 14 57 97 79 6 12 56 1 49 15 85 66 3 88 47 68 77 66 57 8 75 26 3 73 5 84 64 99 38 65 45 94 83 35 77 91 50 57 59 12 45 1 78 60 94 84
85 62 19 61 94 20 67 93 71 42 69 32 77 84 1 25 76 80 3 58 28 58 96 6 91 91 89 66 65 6 34 60 49 33 2 81 37 93 18 12 59 46 17 33 36 3 14 60 8 79
43 13 58 29 12 62 4 4 90 13 62 28 93 9 97 53 60 52 29 88 71 38 38 15 42 12 38 45 99 81 62 27 43 35 44 84 57 50 82 69 59 39 75 83 36 34 92 28 96 48
93 59 2 80 50 7 75 45 66 9 8 11 24 62 59 51 26 1 11 81 30 77 95 19 33 75 13 93 84 18 28 43 77 32 15 36 90 2 42 43 9 18 48 89 22 23 65 64 67 34
61 47 16 13 55 52 43 89 51 94 17 77 34 67 4 76 69 2 92 89 20 30 15 3 13 81 51 47 33 8 20 58 28 61 90 58 54 80 45 68 41 85 88 13 62 73 92 27 68 36
56 87 13 45 19 93 30 74 43 2 3 2 54 67 28 95 2 93 69 24 95 45 26 30 58 60 29 85 84 71 62 84 97 27 13 95 58 22 11 23 65 42 98 55 55 41 6 47 76 85
64 60 77 53 84 77 65 34 70 4 33 61 69 8 74 41 97 1 60 53 7 62 76 53 71 29 88 54 27 44 30 74 76 48 36 95 20 11 10 70 79 82 4 3 62 94 67 85 28 83
2 82 76 82 55 88 99 35 65 70 96 87 87 58 75 99 91 83 19 32 56 98 69 62 90 37 73 38 71 87 98 43 44 15 18 21 27 47 72 83 85 26 71 19 79 13 21 94 7 19
59 82 95 42 83 36 75 62 47 50 13 5 13 66 26 2 47 68 56 31 54 77 40 27 57 21 64 23 67 28 26 78 93 70 93 81 37 66 96 97 94 21 70 40 31 66 28 61 43 40
66 46 5 86 80 36 6 18 5 51 36 3 89 7 14 40 6 97 81 87 56 83 96 17 72 4 16 62 71 29 32 13 64 87 36 52 4 25 36 62 7 39 59 25 69 55 3 16 86 31
33 58 17 90 90 76 26 9 83 62 30 83 26 11 92 5 30 6 79 51 74 45 76 84 81 95 74 35 73 81 56 39 55 23 3 88 41 72 22 78 57 71 43 11 60 29 67 66 47 14
23 19 64 93 93 41 80 88 29 25 64 65 83 93 40 56 15 66 2 39 37 22 53 50 61 44 94 95 64 12 24 33 53 82 26 63 97 72 48 85 1 34 73 22 78 39 82 24 13 21
73 90 47 45 46 44 46 20 35 99 95 65 15 98 11 52 43 73 15 32 96 84 92 50 99 98 7 83 82 10 2 33 9 42 49 44 22 63 32 95 80 54 81 93 69 94 24 60 18 61
25 44 97 56 65 12 96 34 54 83 42 58 74 15 64 70 42 7 21 86 61 65 61 27 56 95 91 72 61 8 57 63 19 43 19 39 77 45 46 3 70 10 67 12 70 93 26 69 42 45
29 34 32 88 56 26 29 68 71 20 75 30 41 78 74 25 6 14 85 1 31 39 93 63 99 81 56 37 71 17 41 27 22 49 2 26 28 55 89 38 52 52 93 19 89 10 5 24 62 87
80 1 67 6 50 27 63 53 8 83 90 61 77 5 29 49 26 53 63 51 25 1 48 91 1 72 86 48 20 56 68 44 93 68 91 27 9 19 87 84 53 1 21 28 67 5 97 46 33 74
5 65 10 22 41 53 26 78 72 99 70 58 9 39 41 85 42 29 68 56 31 75 19 95 58 1 73 75 62 12 84 37 33 15 29 72 45 85 48 10 3 7 21 77 35 84 55 83 69 59
2 54 22 63 41 73 63 95 7 87 29 95 22 16 80 49 14 98 49 88 34 43 14 2 71 68 17 52 83 78 11 3 60 72 45 12 46 92 85 26 38 74 43 96 18 23 15 37 7 14
88 59 98 57 6 61 93 33 2 38 44 37 81 99 86 47 20 73 12 33 26 80 82 66 58 22 72 80 10 41 53 53 30 41 74 19 55 15 25 8 64 23 76 12 94 29 92 68 16 73
2 3 73 67 33 85 38 75 21 77 46 55 55 99 17 41 24 29 51 37 83 40 1 97 28 82 1 35 85 10 81 34 45 31 84 27 60 30 26 25 67 22 24 93 40 24 18 4 9 51
8 88 59 7 94 13 51 28 15 2 58 94 80 89 58 60 60 42 71 41 21 67 91 83 99 48 58 93 3 89 43 81 13 45 65 62 2 39 4 70 85 48 87 84 12 67 86 29 51 73
34 81 98 64 20 39 87 35 11 93 59 98 91 27 40 96 95 90 5 77 9 86 74 86 29 56 64 30 21 33 69 19 75 70 39 83 64 70 34 61 99 91 83 27 5 75 85 3 79 93
66 31 75 62 59 77 8 73 94 58 28 99 4 92 23 24 36 6 16 43 82 57 37 95 68 54 11 57 44 76 76 89 19 47 38 8 35 18 19 57 90 97 91 4 77 13 71 48 62 69
25 32 72 22 94 88 92 20 29 83 2 55 90 3 32 45 74 97 23 10 48 82 46 71 85 38 97 67 98 89 46 34 41 85 32 62 14 44 84 2 46 3 83 94 66 7 54 28 92 41
81 66 4 46 48 84 19 9 97 31 62 95 51 81 5 16 31 96 57 50 17 7 74 79 19 94 69 94 49 24 53 7 58 62 42 12 80 35 35 49 66 10 36 58 85 78 9 63 25 23
8 42 19 88 80 15 16 94 31 99 91 97 15 19 30 8 88 78 98 3 80 39 39 25 48 54 16 41 72 91 58 81 21 31 10 84 6 88 48 37 86 7 39 39 3 87 41 51 88 26
22 54 66 35 84 44 80 21 74 93 9 73 55 48 28 11 41 13 61 62 70 95 20 56 59 54 92 68 85 61 73 5 84 39 84 32 34 79 8 76 86 55 90 69 58 85 6 70 90 74
9 12 14 98 85 41 87 85 10 78 74 81 31 87 7 20 69 28 28 2 9 43 16 2 20 5 79 76 76 76 70 52 62 3 43 32 86 54 77 29 93 40 95 1 55 65 26 86 65 46
51 47 10 1 88 84 13 60 77 90 59 38 82 89 57 35 97 1 28 84 35 85 67 27 96 76 34 5 63 72 30 51 36 89 46 94 56 43 95 49 73 30 75 26 25 96 81 5 89 15
57 92 86 25 44 91 81 82 19 72 39 57 74 35 61 65 61 63 12 58 12 90 94 13 77 96 54 75 64 89 64 26 41 64 50 7 41 87 57 40 78 8 57 89 70 67 77 88 77 60
14 41 71 62 30 77 92 54 54 46 21 26 53 45 64 18 42 66 85 47 43 92 74 23 62 9 94 67 25 57 86 78 94 5 46 41 55 79 44 54 25 12 56 2 26 20 11 57 77 92
22 6 57 69 39 34 58 27 71 28 53 2 4 75 40 51 84 70 52 22 31 36 52 31 1 43 16 49 70 76 28 89 17 64 65 39 58 79 22 34 54 92 97 74 45 21 95 51 45 43

Demandas:
0 0 0 0 0 0 1
0 0 1 0 0 0 0
0 0 0 0 0 1 0
0 0 0 0 1 0 0
1 0 0 0 0 0 0
0 0 0 0 0 0 1
0 0 0 0 1 0 0
1 0 0 0 0 0 0
0 0 0 0 0 1 0
0 0 1 0 0 0 0
0 1 0 0 0 0 0
0 1 0 0 0 0 0
0 0 0 0 0 1 0
0 0 0 0 0 0 1
0 0 1 0 0 0 0
0 1 0 0 0 0 0
0 0 0 0 1 0 0
0 0 0 1 0 0 0
0 0 1 0 0 0 0
0 1 0 0 0 0 0
0 1 0 0 0 0 0
0 0 0 0 0 1 0
0 0 0 1 0 0 0
1 0 0 0 0 0 0
0 1 0 0 0 0 0
0 0 0 1 0 0 0
0 1 0 0 0 0 0
0 0 0 1 0 0 0
0 0 1 0 0 0 0
0 0 0 0 0 0 1
0 0 0 0 0 1 0
0 0 0 0 1 0 0
0 0 0 0 0 1 0
0 1 0 0 0 0 0
0 0 0 0 0 1 0
0 0 0 0 0 1 0
0 1 0 0 0 0 0
0 0 0 0 0 1 0
0 0 0 0 0 1 0
0 0 0 0 0 1 0
0 0 0 0 0 1 0
0 0 0 0 0 1 0
0 0 1 0 0 0 0
0 0 1 0 0 0 0
1 0 0 0 0 0 0
0 0 0 0 0 0 1
0 1 0 0 0 0 0
0 0 0 1 0 0 0
0 1 0 0 0 0 0
0 0 1 0 0 0 0
1 0 0 0 0 0 0
1 0 0 0 0 0 0
0 0 0 0 0 0 1
0 0 0 0 0 0 1
0 0 0 0 0 0 1
0 0 0 0 1 0 0
0 1 0 0 0 0 0
0 0 0 1 0 0 0
1 0 0 0 0 0 0
0 0 1 0 0 0 0
0 1 0 0 0 0 0
0 0 0 1 0 0 0
0 0 0 1 0 0 0
0 0 0 0 0 0 1
0 0 0 0 1 0 0
0 0 1 0 0 0 0
0 0 0 0 1 0 0
0 0 1 0 0 0 0
1 0 0 0 0 0 0
1 0 0 0 0 0 0
0 0 0 0 0 0 1
0 0 0 0 1 0 0
0 0 0 0 0 1 0
0 1 0 0 0 0 0
0 0 0 0 1 0 0
0 0 0 0 1 0 0
0 0 0 0 1 0 0
0 0 0 0 0 0 1
0 0 0 0 1 0 0
0 0 0 1 0 0 0
0 0 0 1 0 0 0
0 0 1 0 0 0 0
1 0 0 0 0 0 0
1 0 0 0 0 0 0
0 0 0 1 0 0 0
0 0 0 0 0 1 0
0 0 0 1 0 0 0
0 0 0 1 0 0 0
1 0 0 0 0 0 0
0 0 0 0 0 0 1
1 0 0 0 0 0 0
0 0 0 0 0 1 0
0 0 0 0 0 0 1
0 0 0 0 0 0 1
1 0 0 0 0 0 0
0 0 0 1 0 0 0
0 0 1 0 0 0 0
0 0 0 0 1 0 0
0 0 1 0 0 0 0
0 0 0 0 0 1 0
0 0 0 0 0 1 0
1 0 0 0 0 0 0
0 0 0 0 1 0 0
0 0 0 0 0 0 1
0 0 1 0 0 0 0
1 0 0 0 0 0 0
1 0 0 0 0 0 0
0 0 0 0 0 0 1
0 1 0 0 0 0 0
0 0 0 1 0 0 0
0 0 1 0 0 0 0
0 0 1 0 0 0 0
0 0 0 0 1 0 0
0 0 0 1 0 0 0
0 0 0 0 0 1 0
1 0 0 0 0 0 0
1 0 0 0 0 0 0
0 0 0 0 0 1 0
0 0 0 0 1 0 0
0 0 0 0 0 0 1
0 0 0 0 0 1 0
0 1 0 0 0 0 0
0 0 0 1 0 0 0
0 0 0 1 0 0 0
0 0 0 1 0 0 0
0 0 1 0 0 0 0
0 0 0 0 0 1 0
0 0 0 0 0 1 0
0 0 0 1 0 0 0
0 1 0 0 0 0 0
1 0 0 0 0 0 0
0 1 0 0 0 0 0
0 0 1 0 0 0 0
0 0 1 0 0 0 0
1 0 0 0 0 0 0
0 1 0 0 0 0 0
0 1 0 0 0 0 0
0 1 0 0 0 0 0
0 0 0 0 1 0 0
0 0 0 0 0 1 0
0 0 0 0 0 0 1
0 1 0 0 0 0 0
0 0 0 1 0 0 0
0 1 0 0 0 0 0
0 0 0 0 0 1 0
0 0 0 0 1 0 0
0 0 0 0 0 0 1
0 1 0 0 0 0 0
0 0 0 0 0 0 1
1 0 0 0 0 0 0
1 0 0 0 0 0 0
0 0 0 0 0 0 1
0 0 0 0 0 0 1
0 0 0 0 0 1 0
0 0 0 1 0 0 0
0 0 0 1 0 0 0
0 1 0 0 0 0 0
0 0 1 0 0 0 0
0 0 0 1 0 0 0
0 0 0 1 0 0 0
0 0 0 1 0 0 0
0 0 1 0 0 0 0
1 0 0 0 0 0 0
0 0 0 0 0 1 0
1 0 0 0 0 0 0
0 0 0 0 0 0 1
0 0 1 0 0 0 0
0 1 0 0 0 0 0
0 0 0 0 0 0 1
0 0 0 0 1 0 0
0 0 0 0 0 0 1
0 0 0 0 0 0 1
1 0 0 0 0 0 0
1 0 0 0 0 0 0
1 0 0 0 0 0 0
0 0 0 1 0 0 0
0 0 1 0 0 0 0
0 0 0 1 0 0 0
0 0 0 0 1 0 0
1 0 0 0 0 0 0
0 1 0 0 0 0 0
0 1 0 0 0 0 0
0 0 0 0 1 0 0
0 0 0 1 0 0 0
0 0 0 1 0 0 0
0 0 0 0 0 0 1
0 0 0 1 0 0 0
1 0 0 0 0 0 0
0 0 0 1 0 0 0
0 1 0 0 0 0 0
1 0 0 0 0 0 0
0 0 1 0 0 0 0
0 0 0 0 1 0 0
0 1 0 0 0 0 0
0 0 0 0 0 1 0
0 0 0 0 1 0 0
0 0 0 0 0 0 1
0 0 0 0 0 1 0
0 0 0 0 0 0 1
0 0 0 1 0 0 0
0 0 1 0 0 0 0
0 0 0 1 0 0 0
0 0 0 0 0 0 1
0 0 1 0 0 0 0
0 0 0 0 0 1 0
1 0 0 0 0 0 0
0 0 0 0 1 0 0
0 1 0 0 0 0 0
0 1 0 0 0 0 0
0 0 0 1 0 0 0
0 0 0 0 0 1 0
0 1 0 0 0 0 0
0 0 0 0 0 1 0
0 1 0 0 0 0 0
0 0 1 0 0 0 0
1 0 0 0 0 0 0
0 0 1 0 0 0 0
0 0 0 0 0 1 0
0 0 0 0 0 1 0
0 0 0 0 1 0 0
0 0 0 1 0 0 0
0 0 0 0 0 0 1
0 0 0 0 0 0 1
0 0 1 0 0 0 0
0 0 0 0 1 0 0
0 0 0 0 0 0 1
0 0 0 1 0 0 0
0 1 0 0 0 0 0
0 0 0 0 1 0 0
1 0 0 0 0 0 0
1 0 0 0 0 0 0
0 0 1 0 0 0 0
0 0 0 0 0 0 1
0 0 0 1 0 0 0
0 0 0 1 0 0 0
0 0 0 0 0 1 0
0 1 0 0 0 0 0
0 0 1 0 0 0 0
0 0 0 0 0 0 1
0 0 0 0 0 1 0
0 0 0 0 0 0 1
0 0 0 1 0 0 0
0 0 0 1 0 0 0
0 0 0 0 0 1 0
0 0 0 0 0 0 1
0 0 0 0 0 0 1
0 0 0 1 0 0 0
0 0 0 0 0 0 1
0 1 0 0 0 0 0
0 0 0 0 0 1 0

Capacidades:
0 2 2 0 0 4 4
0 3 3 1 1 0 0
2 2 1 3 1 4 3
1 2 3 0 1 4 3
4 4 0 2 1 2 1
3 1 3 4 1 0 2
4 3 0 3 3 1 1
2 1 2 2 4 2 3
4 2 0 0 0 0 1
0 3 3 1 3 4 1
1 4 3 2 2 0 3
1 1 4 2 2 0 2
1 1 1 4 2 4 1
2 0 4 0 3 3 2
0 3 1 1 0 4 2
1 1 4 1 0 2 2
0 1 4 2 0 2 1
3 2 1 4 4 3 1
1 3 4 2 0 3 0
2 4 3 0 0 3 3
2 0 0 4 3 1 1
2 0 0 0 4 0 3
1 4 0 4 0 1 3
2 3 2 0 3 0 3
0 3 1 1 1 4 1
4 3 4 4 1 0 3
2 3 3 2 3 0 1
1 0 2 2 0 4 1
1 4 0 4 4 3 2
0 0 2 3 3 1 2
3 4 3 3 0 3 0
1 2 2 2 0 1 3
0 0 2 2 4 3 4
2 0 4 3 4 1 2
3 4 2 2 1 4 2
3 0 1 4 3 1 3
2 4 0 3 4 4 1
0 4 1 3 1 1 1
4 0 1 1 3 3 1
2 1 3 3 0 4 3
0 0 3 1 3 4 4
2 2 0 2 4 3 3
2 2 4 0 4 1 4
1 4 0 4 4 3 2
2 1 3 4 1 0 3
1 2 4 4 2 2 2
2 3 3 1 2 2 0
2 3 0 1 2 1 0
2 0 1 2 0 4 1
1 2 3 3 4 1 3
