m: 100
n: 30
k: 8

Distancias:
68 79 73 73 67 43 94 78 46 21 96 86 97 18 63 74 19 19 44 72 86 24 83 78 86 47 95 77 81 95
19 37 32 11 75 80 64 95 35 16 5 59 69 61 68 34 71 84 56 49 23 59 37 5 12 32 40 56 47 89
69 65 94 88 16 56 56 27 88 74 70 44 5 90 37 51 89 93 6 98 15 59 23 28 66 6 7 81 20 93
10 18 71 74 99 12 30 14 30 24 68 18 2 71 57 38 19 56 58 77 38 3 14 26 27 12 68 76 30 27
26 16 42 36 37 8 97 13 91 29 14 5 82 15 52 44 55 36 8 29 18 60 79 19 12 66 7 70 46 27
84 85 8 27 19 32 21 51 33 38 70 57 30 35 22 26 42 54 85 94 20 51 16 27 96 71 87 56 7 16
72 57 63 57 94 98 50 25 27 27 7 65 47 55 46 78 47 57 34 21 51 9 58 14 63 65 90 39 81 97
42 24 50 33 95 78 11 44 2 61 6 28 70 56 29 57 92 81 69 86 53 43 15 62 90 69 98 50 90 80
98 33 81 11 84 71 73 62 97 8 29 9 6 94 28 34 34 43 68 53 31 6 33 50 25 34 93 84 43 93
41 47 75 62 53 61 17 5 49 29 87 56 17 59 9 87 48 45 9 44 27 65 48 56 38 6 82 65 5 40
76 43 16 57 82 20 83 86 17 11 40 65 57 14 89 44 74 11 14 86 86 9 93 27 34 77 12 35 98 92
11 90 52 43 99 55 1 94 38 91 41 42 71 99 17 25 28 13 72 14 27 78 86 27 60 83 59 45 41 45
30 79 75 24 11 96 31 23 67 99 6 58 69 62 14 37 74 7 57 33 34 47 57 11 76 39 38 50 89 83
89 21 2 65 90 38 60 69 95 1 2 26 5 6 69 28 51 49 2 72 9 81 54 41 29 44 78 48 98 74
62 84 97 2 10 71 6 70 91 37 69 25 22 15 5 55 71 31 89 98 62 48 11 75 75 14 37 61 92 43
42 58 2 33 78 90 50 74 12 50 17 56 13 24 57 97 45 76 35 88 72 69 94 28 37 10 47 42 83 85
57 47 52 35 74 39 33 35 65 36 18 23 22 13 5 78 32 62 62 62 20 42 8 26 34 42 6 46 96 4
2 12 54 66 46 8 56 57 77 14 11 46 86 64 74 30 61 29 6 13 1 33 30 52 45 30 37 63 93 13
11 63 36 34 76 32 95 30 77 73 31 36 17 66 30 44 80 54 28 65 36 25 12 29 33 62 77 74 31 38
62 29 88 65 3 55 26 22 94 31 93 56 79 28 9 61 10 76 12 27 93 9 41 31 97 71 90 45 64 90
32 97 68 79 25 88 62 98 93 76 96 54 63 96 43 84 84 75 71 64 28 66 89 4 71 38 19 8 78 11
97 51 20 76 97 39 76 43 10 78 56 4 75 36 76 21 17 55 32 34 46 80 40 8 23 93 34 19 93 41
98 71 62 52 53 90 93 73 81 55 62 68 76 98 32 61 25 31 63 58 56 92 64 34 93 66 33 15 53 45
57 78 7 86 12 66 1 51 49 94 75 27 74 92 13 75 8 33 31 90 59 57 8 32 8 5 21 19 74 28
7 98 91 17 60 19 95 24 14 41 2 13 88 98 8 8 12 61 24 80 82 19 46 94 55 94 65 22 36 95
16 15 69 49 20 33 59 13 81 78 61 17 83 20 38 86 89 85 91 51 31 72 6 35 62 46 39 61 1 70
78 80 60 74 98 7 77 90 19 18 19 70 23 8 64 71 23 81 30 88 31 84 63 47 29 65 54 48 32 83
8 45 33 70 74 18 86 59 87 13 54 14 83 39 47 89 88 77 9 13 2 55 67 26 83 85 69 42 63 66
91 89 92 72 83 39 17 28 89 14 51 70 53 10 41 70 69 42 80 67 10 25 29 75 39 3 66 82 25 24
29 90 79 73 53 97 82 92 2 31 93 50 71 76 48 71 5 41 98 98 72 9 31 58 91 70 23 57 90 61
31 90 87 78 7 31 12 70 52 65 83 12 90 30 89 17 91 18 82 82 58 54 79 54 7 84 46 46 33 82
25 85 68 67 24 91 64 89 2 54 47 18 35 79 11 74 3 67 66 79 20 49 57 47 53 25 75 6 86 81
35 10 91 33 76 30 84 25 10 42 3 15 31 15 60 41 55 38 87 54 97 33 40 81 61 33 52 92 22 38
21 32 92 6 16 35 12 86 50 20 72 6 46 81 95 30 91 26 7 84 12 99 78 63 35 36 46 90 5 99
66 45 69 51 4 60 66 27 94 73 73 55 20 3 85 52 82 71 60 73 22 77 65 13 79 83 94 9 74 77
15 52 67 65 38 35 29 13 60 98 44 39 6 94 75 46 44 72 88 89 8 55 10 84 28 81 81 65 93 98
14 70 61 24 9 97 83 25 48 10 19 52 68 35 59 34 34 95 69 10 68 44 93 24 58 41 27 19 69 43
34 99 75 86 92 14 65 13 48 96 74 24 49 93 57 74 58 98 35 67 97 59 68 41 80 66 23 36 82 58
10 37 77 49 87 97 87 93 1 77 52 67 11 28 96 48 66 85 82 58 42 51 38 1 88 82 4 9 13 62
79 51 49 7 44 43 14 88 66 23 45 89 19 73 13 44 13 48 49 13 34 81 94 3 92 12 54 23 29 70
10 49 62 34 91 10 54 67 90 1 27 82 83 73 49 42 20 22 39 41 7 78 62 28 1 39 1 61 64 22
94 56 50 26 82 69 12 10 88 6 69 61 51 1 99 43 68 84 19 10 50 79 61 22 18 9 74 41 32 73
71 63 75 91 81 96 13 22 74 54 93 96 64 73 76 41 78 19 95 9 20 52 56 56 81 13 15 1 70 41
40 53 87 52 11 55 29 50 40 84 27 46 10 72 62 5 5 95 6 30 91 50 45 15 12 19 54 90 60 15
54 89 92 84 99 55 61 4 15 26 51 21 83 28 15 89 69 7 10 20 18 44 27 95 63 67 32 16 14 89
72 46 81 9 11 9 70 43 67 37 81 31 15 8 51 50 7 32 14 89 27 40 79 75 80 66 28 30 19 75
3 92 59 40 51 4 81 7 50 68 18 87 3 98 41 77 18 86 94 91 44 83 92 53 21 74 5 31 62 14
32 38 48 67 31 57 84 5 22 99 93 9 68 91 2 49 54 89 28 73 25 10 69 61 49 91 92 81 22 64
1 68 7 72 95 74 46 75 47 50 38 85 31 79 57 31 42 60 78 5 68 9 73 54 20 24 76 5 75 12
10 63 54 9 48 55 71 66 54 67 19 46 88 21 34 83 55 99 19 59 6 23 94 6 24 26 13 96 89 18
31 86 66 75 72 3 19 95 20 1 45 94 35 24 2 82 96 97 69 39 38 43 60 26 37 94 74 62 48 46
98 16 53 69 9 53 95 82 14 31 45 67 7 14 28 46 91 4 25 95 10 98 59 35 91 10 90 66 18 80
77 34 28 12 23 81 67 91 11 75 27 79 8 61 42 94 49 77 62 51 27 12 10 67 85 48 79 94 85 63
54 71 71 91 6 82 10 2 26 28 94 87 62 87 49 6 81 19 24 67 67 79 70 45 31 69 99 95 99 42
73 16 43 74 50 68 83 15 70 72 96 50 47 63 25 58 79 56 81 52 83 36 90 85 81 99 66 22 9 83
89 30 42 74 39 20 99 15 55 39 61 39 1 55 17 67 11 88 3 27 20 94 42 86 36 59 5 42 75 69
78 26 7 45 83 44 92 82 69 82 27 16 33 8 21 67 31 36 99 70 58 62 24 60 13 72 99 97 91 89
22 18 22 70 27 10 24 10 14 42 99 36 89 43 39 50 12 9 57 9 69 44 21 93 71 82 53 23 59 84
77 98 50 72 22 76 30 69 12 93 88 21 85 7 49 35 39 63 68 65 31 71 74 1 58 67 78 27 79 91
85 64 67 26 69 37 56 83 23 70 34 13 89 81 86 1 49 19 81 30 2 69 17 56 33 1 24 28 55 33
60 70 63 23 2 37 81 95 99 63 79 48 44 51 14 39 25 20 30 55 31 88 18 96 40 42 38 17 30 1
85 81 62 93 84 29 51 33 95 26 81 70 55 52 75 86 4 24 98 85 73 91 20 11 66 61 49 65 63 24
50 46 21 65 95 57 67 23 28 7 24 66 98 35 40 74 94 38 15 6 50 9 15 72 60 30 74 59 5 23
59 74 26 79 84 8 85 61 69 3 49 79 86 22 64 89 15 70 56 16 16 7 14 56 1 84 56 30 43 94
46 93 39 60 77 61 64 24 67 57 64 64 63 37 24 91 93 36 63 88 51 68 17 68 18 78 2 26 42 73
76 79 83 13 21 69 25 98 76 69 30 85 83 3 91 20 17 13 55 54 56 93 62 43 83 31 87 57 5 30
40 73 46 81 40 77 82 5 55 15 17 72 49 38 65 71 91 84 87 49 2 18 86 35 79 2 12 60 27 2
98 40 71 94 78 33 48 12 61 89 97 61 1 93 88 12 4 9 8 91 61 19 96 76 14 76 81 35 34 82
6 44 29 10 6 99 53 58 76 81 34 71 81 84 9 16 62 80 7 70 25 49 86 12 2 97 36 44 76 22
56 51 14 55 77 11 24 37 74 95 56 73 51 53 2 65 87 18 12 40 60 71 55 78 79 65 42 65 8 24
92 55 69 25 76 96 23 19 61 33 9 54 14 45 77 28 43 73 78 81 69 26 26 71 22 6 64 57 21 38
98 13 71 86 31 86 81 81 41 2 76 16 15 16 40 5 62 30 35 54 39 57 66 32 62 63 86 82 11 42
68 39 18 7 78 40 42 98 6 2 80 2 31 52 50 60 61 5 5 2 70 2 77 27 25 96 99 15 10 15
69 99 79 90 28 16 71 16 54 62 78 2 12 87 99 35 54 23 52 58 67 35 40 78 27 1 65 73 86 97
10 30 63 88 30 70 22 15 3 15 19 84 90 92 83 92 16 98 51 1 74 6 76 91 33 72 92 95 27 88
42 31 48 23 61 69 70 63 75 24 3 99 43 94 35 23 34 17 8 61 5 94 77 2 17 12 18 93 62 3
2 39 84 47 48 67 17 31 59 10 84 6 30 85 41 97 23 74 39 27 25 84 75 9 27 54 69 78 52 24
87 58 63 89 14 84 87 22 84 88 92 19 58 92 88 26 11 76 98 78 47 97 20 67 41 54 93 20 43 52
67 75 74 81 93 18 45 39 43 7 5 16 89 47 48 81 23 48 73 33 48 98 91 63 81 89 90 45 15 43
57 34 97 50 60 8 69 42 58 38 4 33 72 7 79 49 61 98 36 53 79 13 15 74 94 99 49 80 16 95
22 83 29 43 96 48 65 46 53 43 91 10 97 24 37 25 31 47 58 78 19 85 18 61 83 19 58 34 75 8
22 16 69 85 16 46 34 8 54 15 19 3 30 98 13 74 33 40 54 96 27 56 1 83 10 86 53 9 63 92
62 78 24 86 82 96 39 22 58 24 14 23 12 33 70 51 79 27 94 92 20 39 22 56 75 15 8 1 93 62
65 88 66 53 18 17 96 43 22 52 1 36 5 88 8 81 33 50 62 31 32 69 21 1 98 57 39 1 83 83
36 80 79 22 77 9 57 51 44 69 73 95 28 99 37 49 22 8 15 40 94 54 61 11 15 94 79 89 87 82
41 79 95 7 35 88 21 26 24 23 67 47 79 21 88 16 82 75 16 46 58 88 20 26 73 58 13 28 71 40
86 42 83 11 67 20 31 83 47 40 31 40 56 3 69 84 20 42 63 3 73 72 84 3 97 18 49 87 50 91
90 39 94 84 28 99 26 32 43 1 56 90 24 17 75 73 35 55 55 97 80 95 46 49 27 50 20 32 86 44
73 80 67 79 27 15 45 41 86 90 25 40 84 99 6 91 88 61 81 85 3 92 54 22 37 43 32 2 96 41
73 92 29 27 87 88 79 33 43 22 89 8 87 18 74 46 7 94 96 30 65 11 76 6 41 81 62 80 90 12
17 57 96 43 3 99 42 19 50 93 67 73 6 50 75 3 72 27 22 7 85 7 26 76 75 34 39 61 31 71
83 51 35 65 11 33 71 12 48 33 63 43 60 89 45 21 98 6 95 85 17 44 80 16 60 21 7 56 51 28
13 40 43 72 83 18 43 67 2 99 30 70 56 43 95 74 56 23 96 88 71 90 88 21 4 81 81 27 57 48
55 62 53 93 96 19 26 52 89 53 31 42 74 21 60 34 98 93 38 57 96 58 47 49 61 76 87 12 91 66
94 29 70 17 87 87 82 69 60 38 20 20 73 30 32 83 22 72 7 28 67 5 24 86 32 78 88 49 93 44
22 63 70 12 40 37 13 17 38 90 34 74 57 74 16 18 7 46 22 79 27 64 93 87 1 21 17 24 75 53
89 14 51 82 93 88 97 35 19 17 71 6 71 83 7 37 90 97 44 30 60 55 39 76 84 91 67 33 42 13
35 46 46 20 45 21 69 45 66 32 64 95 10 23 76 44 44 38 70 48 1 91 72 36 39 56 70 30 70 33
41 66 34 21 47 90 62 58 83 25 47 3 6 74 31 62 79 29 83 4 85 49 51 59 25 8 14 14 45 94
74 9 41 30 80 27 6 14 77 19 39 73 54 56 87 42 85 65 42 91 89 29 94 43 33 23 59 59 93 17

Demandas:
0 0 0 0 0 0 1 0
0 0 1 0 0 0 0 0
1 0 0 0 0 0 0 0
0 0 0 0 0 1 0 0
0 0 0 0 0 1 0 0
0 0 0 0 0 0 0 1
0 0 0 0 1 0 0 0
0 0 1 0 0 0 0 0
1 0 0 0 0 0 0 0
1 0 0 0 0 0 0 0
0 0 0 0 0 0 1 0
0 0 0 0 0 0 1 0
0 0 1 0 0 0 0 0
1 0 0 0 0 0 0 0
0 0 0 0 0 0 0 1
1 0 0 0 0 0 0 0
0 0 0 0 1 0 0 0
0 0 0 1 0 0 0 0
0 0 1 0 0 0 0 0
0 0 0 0 0 1 0 0
0 0 0 0 0 0 1 0
0 1 0 0 0 0 0 0
0 0 0 0 1 0 0 0
0 0 0 1 0 0 0 0
0 0 0 0 0 1 0 0
0 1 0 0 0 0 0 0
0 0 0 0 0 1 0 0
1 0 0 0 0 0 0 0
0 0 0 0 0 1 0 0
0 0 0 0 0 0 1 0
0 1 0 0 0 0 0 0
0 0 0 0 0 0 1 0
0 0 0 0 0 1 0 0
0 0 0 0 0 1 0 0
0 0 0 1 0 0 0 0
0 0 1 0 0 0 0 0
0 0 0 0 1 0 0 0
0 0 0 1 0 0 0 0
0 0 0 0 1 0 0 0
0 0 0 1 0 0 0 0
0 0 0 0 1 0 0 0
0 0 1 0 0 0 0 0
0 0 0 1 0 0 0 0
0 0 0 0 0 0 0 1
0 0 0 0 1 0 0 0
1 0 0 0 0 0 0 0
0 0 0 0 0 0 1 0
0 0 0 0 1 0 0 0
0 0 0 0 0 0 1 0
0 1 0 0 0 0 0 0
0 0 0 0 0 0 1 0
0 0 0 1 0 0 0 0
0 0 1 0 0 0 0 0
0 0 0 0 1 0 0 0
0 0 0 0 0 0 1 0
0 0 0 0 0 0 0 1
0 0 1 0 0 0 0 0
0 0 0 1 0 0 0 0
0 0 0 1 0 0 0 0
0 0 0 0 0 0 1 0
0 0 0 0 0 0 1 0
0 0 0 0 0 1 0 0
0 0 0 0 0 0 0 1
0 0 1 0 0 0 0 0
0 0 0 0 0 0 0 1
0 0 0 0 1 0 0 0
0 0 0 0 0 0 1 0
0 0 0 0 0 0 1 0
0 0 0 0 1 0 0 0
0 0 1 0 0 0 0 0
0 0 0 0 0 1 0 0
0 0 0 0 0 1 0 0
0 0 0 1 0 0 0 0
1 0 0 0 0 0 0 0
1 0 0 0 0 0 0 0
0 1 0 0 0 0 0 0
0 0 1 0 0 0 0 0
0 0 0 0 0 0 0 1
0 0 0 0 0 1 0 0
0 0 0 0 0 1 0 0
0 1 0 0 0 0 0 0
0 0 0 1 0 0 0 0
0 0 0 1 0 0 0 0
0 0 0 0 0 1 0 0
0 0 1 0 0 0 0 0
0 0 1 0 0 0 0 0
0 0 0 0 0 0 0 1
0 0 1 0 0 0 0 0
0 1 0 0 0 0 0 0
0 0 0 1 0 0 0 0
0 0 0 0 0 0 0 1
0 0 1 0 0 0 0 0
0 0 0 0 1 0 0 0
0 0 0 0 1 0 0 0
0 0 0 0 0 1 0 0
0 1 0 0 0 0 0 0
0 0 0 1 0 0 0 0
0 0 1 0 0 0 0 0
0 0 0 0 0 1 0 0
0 1 0 0 0 0 0 0

Capacidades:
0 1 2 4 3 3 3 2
0 4 3 1 2 4 4 0
2 4 4 1 2 1 0 4
2 1 3 4 4 4 1 1
1 3 1 2 1 3 0 2
0 1 2 2 4 0 4 1
0 4 0 3 1 3 0 3
2 3 2 0 0 0 0 3
1 4 4 2 3 1 4 1
0 1 2 3 0 1 2 0
0 1 1 4 2 0 0 3
2 0 0 3 2 0 2 2
3 1 3 0 4 4 4 2
1 0 1 3 3 3 2 3
3 2 0 2 4 1 3 2
2 2 1 2 2 3 4 2
3 3 3 1 0 4 2 4
0 2 1 2 0 4 4 4
4 3 0 0 2 1 1 4
0 2 1 1 2 2 0 1
4 0 1 0 0 2 4 1
1 0 2 4 0 1 1 1
2 2 0 2 0 1 1 4
4 1 2 2 0 3 2 2
2 3 3 4 4 3 4 0
0 4 1 4 1 3 2 2
1 3 3 1 3 3 1 4
3 2 4 1 2 4 0 4
4 3 0 2 0 0 2 2
3 2 0 0 2 0 3 0
