m: 100
n: 30
k: 6

Distancias:
7 69 64 13 92 44 73 85 84 86 9 55 14 44 12 30 53 68 9 93 30 25 9 14 3 5 89 92 61 94
49 12 27 57 15 59 19 88 39 65 98 85 27 30 70 87 75 9 75 90 42 17 31 22 55 79 29 13 64 62
51 49 48 65 89 71 31 91 30 79 79 90 39 88 6 60 18 69 45 91 17 68 46 7 26 24 2 18 85 11
96 4 29 89 97 79 19 79 36 3 60 52 1 74 1 88 28 13 28 89 30 55 85 54 22 40 24 12 25 33
17 75 4 28 5 29 8 73 63 78 8 59 3 44 74 44 49 18 36 47 61 60 54 29 26 5 66 80 5 29
37 80 18 98 83 3 36 16 77 63 63 33 35 49 24 72 94 28 36 60 7 59 15 70 73 99 6 85 80 21
92 98 95 66 81 10 29 60 31 16 29 70 73 25 42 8 14 45 56 7 78 3 87 57 99 41 16 94 23 88
4 81 4 36 64 67 86 77 56 45 26 10 92 57 10 64 63 84 12 58 43 49 16 23 83 24 61 2 87 9
14 95 43 86 55 1 54 50 44 80 81 14 97 84 94 50 70 82 77 49 26 4 90 44 89 80 97 97 88 93
60 88 73 82 44 38 70 51 27 94 1 44 11 92 44 45 5 11 54 42 80 66 37 48 6 2 67 52 88 68
31 21 75 26 40 82 45 69 87 21 41 33 21 83 40 88 54 38 33 3 66 87 96 38 78 61 80 60 84 83
27 31 10 8 82 90 49 43 31 26 42 82 62 87 68 33 89 56 28 55 4 90 4 23 48 49 37 48 94 64
9 55 75 59 74 43 26 81 91 28 82 70 27 54 65 22 58 87 64 10 75 72 96 37 83 6 59 14 68 74
24 6 22 97 92 37 43 5 44 55 55 69 69 72 92 26 95 87 6 65 52 29 85 75 76 4 58 8 70 81
87 24 50 1 54 63 97 37 39 42 6 33 87 73 47 48 60 90 65 67 65 91 26 51 10 78 57 31 70 1
67 80 38 8 92 16 5 57 16 99 68 74 2 26 47 39 62 84 94 57 21 68 10 68 49 71 43 27 5 29
32 20 51 91 93 27 97 98 19 32 79 18 93 30 22 91 83 92 86 11 71 38 7 57 72 99 14 5 16 20
51 32 74 15 16 96 53 73 13 57 83 72 89 23 14 74 64 15 77 44 53 54 61 67 41 56 54 53 80 97
13 6 7 73 22 42 1 58 52 3 17 81 3 44 19 17 40 9 78 15 45 89 38 23 14 66 51 76 79 50
51 29 94 80 90 92 6 15 71 84 44 36 27 76 74 81 24 84 16 27 43 12 18 5 17 32 76 3 90 68
37 39 9 57 80 48 66 82 18 93 67 36 91 20 9 21 28 17 50 60 16 38 75 7 51 27 64 7 41 89
89 12 58 91 29 1 15 9 57 51 39 93 72 88 85 80 7 48 35 92 74 46 88 82 39 78 83 47 53 44
96 31 25 8 97 22 13 17 69 15 19 94 64 76 92 9 61 5 18 7 18 50 96 87 97 30 53 74 2 51
90 57 70 98 48 91 10 66 6 80 73 83 20 70 34 61 77 86 55 21 43 9 80 53 50 51 96 87 16 30
15 8 4 84 42 25 28 50 48 48 16 46 34 57 31 46 72 14 69 9 64 43 49 51 21 25 43 54 56 70
98 39 5 87 35 38 32 72 79 39 93 12 57 19 34 5 7 24 76 45 21 90 90 51 60 80 54 9 67 57
63 29 32 15 72 54 1 61 97 25 75 15 93 66 17 89 37 22 5 66 52 91 39 52 85 48 62 12 82 45
2 31 96 75 33 12 99 41 61 37 84 29 11 57 8 22 85 56 76 2 26 13 94 90 89 68 81 65 53 60
21 84 62 41 26 22 27 73 4 15 98 47 50 15 76 5 48 71 67 59 45 73 81 5 43 88 67 33 79 9
56 18 18 18 88 60 77 16 25 14 99 20 28 1 99 68 12 52 23 7 92 21 72 24 61 32 97 28 29 66
28 98 16 28 43 58 62 58 90 73 41 7 59 57 88 47 94 54 16 59 37 57 94 43 52 67 82 15 40 25
2 84 29 59 54 33 59 77 19 76 88 76 82 40 15 41 57 41 83 44 95 58 29 62 56 66 93 60 21 45
26 65 9 20 2 64 99 71 86 17 18 48 6 22 50 87 83 19 56 50 5 94 41 85 59 7 9 41 69 2
74 37 38 41 88 82 72 28 32 75 42 52 34 77 3 83 12 82 91 2 64 30 66 13 86 82 77 94 43 71
2 69 83 61 71 69 56 9 30 36 52 91 41 91 72 23 55 99 40 35 55 94 72 42 51 8 3 7 23 40
54 81 10 55 99 86 12 87 60 21 83 92 28 20 62 89 53 66 59 37 8 48 2 66 58 60 64 72 1 43
39 76 44 93 78 15 41 63 2 27 59 80 30 68 27 45 74 48 34 6 18 39 10 24 8 36 82 54 97 4
40 95 26 4 99 99 86 92 45 49 89 91 21 52 43 28 47 10 77 33 57 95 39 25 75 26 59 63 68 99
67 64 94 79 22 26 77 9 29 38 33 15 59 2 93 99 6 12 10 29 46 40 52 36 30 72 95 93 53 72
23 1 38 62 21 60 29 74 4 67 91 39 55 10 33 87 58 46 21 35 78 72 57 64 15 11 32 63 46 38
85 75 8 78 20 46 5 14 97 14 61 70 60 52 35 61 62 30 11 50 21 61 1 26 9 34 47 93 81 45
61 94 94 49 37 54 42 29 71 70 73 98 90 50 22 49 97 18 27 30 3 11 69 87 38 44 34 57 94 51
66 48 81 89 40 43 18 5 31 31 20 13 72 30 99 82 54 81 3 13 71 19 60 41 4 27 83 97 40 80
27 92 52 93 41 45 25 23 79 98 95 21 90 17 93 85 17 21 35 70 74 6 81 77 19 10 44 97 46 10
72 11 79 94 6 74 9 64 23 54 70 20 60 47 22 25 10 10 91 55 47 69 85 36 1 60 59 53 40 80
72 62 52 70 99 69 75 86 12 46 50 91 67 82 83 58 34 16 98 65 37 27 73 54 58 98 70 47 78 3
57 14 77 15 20 87 5 65 15 90 81 22 30 52 48 92 88 19 77 6 73 36 76 92 72 2 11 40 73 98
7 90 6 10 47 32 75 55 52 13 22 16 58 55 46 77 89 79 83 35 51 84 89 94 9 80 66 81 26 17
46 79 72 78 83 63 66 51 87 88 44 59 98 36 49 90 14 35 26 32 12 78 44 39 87 15 17 53 53 55
11 24 58 43 71 51 64 85 42 76 13 31 60 69 85 62 41 41 49 28 35 88 61 99 17 51 56 15 8 43
29 46 40 90 22 30 8 99 1 6 39 68 66 84 11 35 21 80 69 79 64 89 30 40 92 10 9 35 40 89
90 56 77 85 93 56 33 84 72 45 20 69 89 76 2 63 89 64 60 91 76 18 43 22 40 45 26 15 9 76
80 89 35 32 16 89 40 44 6 89 85 89 6 98 10 18 72 97 18 23 56 53 26 88 54 12 92 93 8 58
26 3 69 58 48 84 34 5 41 93 40 66 55 4 90 90 82 70 74 84 88 22 60 43 25 16 37 12 94 63
63 38 20 75 12 52 58 91 19 1 66 8 69 11 53 81 31 53 91 86 21 96 12 88 2 96 45 85 93 62
68 37 39 85 9 29 89 97 6 68 64 12 44 78 62 93 84 76 65 10 74 17 44 47 11 10 32 15 71 49
5 6 77 47 41 23 23 66 20 93 96 81 13 73 18 8 91 6 11 26 99 68 77 57 81 85 75 13 8 29
44 71 80 55 65 81 59 47 3 81 77 36 80 10 91 30 37 11 59 70 97 94 92 62 13 14 56 83 88 2
77 62 79 50 51 28 95 23 18 38 95 4 29 93 15 14 97 15 40 67 41 38 86 56 12 40 7 33 88 48
94 13 53 65 60 47 88 18 72 80 92 63 10 51 76 64 52 52 3 21 81 26 8 96 85 82 89 14 11 93
68 68 50 89 82 44 4 68 25 35 19 58 95 75 35 93 75 90 6 19 12 88 51 41 87 93 95 12 95 91
72 61 26 5 6 99 33 14 4 89 53 87 10 57 87 70 71 3 41 13 83 43 43 49 45 70 6 71 1 41
36 36 70 45 6 91 49 80 22 73 10 3 14 95 95 63 79 55 56 73 89 17 32 79 76 37 70 92 62 39
80 73 1 26 4 40 7 29 94 61 60 65 22 53 92 69 74 58 5 19 18 80 2 25 55 1 47 77 48 12
23 62 61 58 94 50 55 67 81 82 88 3 77 30 80 57 8 51 18 4 5 49 93 85 84 9 2 58 59 96
53 79 86 49 10 32 5 93 79 97 82 84 41 41 75 71 80 18 63 16 8 7 38 56 43 21 43 79 24 91
84 11 61 39 76 59 96 25 27 81 66 97 38 15 67 56 98 60 8 13 98 71 89 11 75 56 21 39 49 99
53 69 45 33 80 99 72 79 90 34 42 99 77 30 85 62 89 54 57 1 5 49 70 79 85 57 67 68 70 5
59 99 94 96 38 44 93 93 8 32 35 29 27 40 75 74 96 41 24 11 66 63 21 1 76 68 36 6 85 27
73 74 83 69 34 91 60 34 9 3 56 40 82 6 93 24 88 85 49 9 87 87 37 48 47 12 20 62 91 80
14 97 85 38 81 33 76 98 17 28 78 29 71 79 91 7 12 85 6 8 52 8 21 55 80 53 6 31 66 75
19 53 95 68 89 16 36 50 26 1 74 11 34 65 46 38 3 57 42 94 8 88 52 32 65 33 38 10 20 26
11 77 82 68 95 84 82 78 4 5 35 50 58 20 37 85 59 26 30 44 98 19 6 12 88 20 42 16 72 67
53 19 59 10 47 64 22 26 41 32 55 96 79 48 5 26 36 9 8 44 24 17 36 48 53 78 23 57 17 24
64 59 1 10 75 80 10 25 20 62 20 25 82 78 18 72 26 22 94 16 66 19 88 19 95 30 49 38 13 17
96 39 62 12 61 16 1 43 54 20 46 67 66 85 34 12 97 74 67 4 32 60 62 9 28 99 51 2 75 93
52 2 34 95 17 63 25 27 78 91 6 66 68 15 65 90 58 43 62 71 8 19 19 22 54 28 38 63 31 77
64 61 15 4 28 4 46 11 79 2 29 14 33 13 44 80 85 82 61 81 41 86 9 78 33 31 12 40 16 68
67 27 31 73 80 41 18 25 6 20 90 45 63 69 86 80 26 8 46 9 59 54 12 47 79 40 92 52 26 40
65 30 25 57 98 14 96 64 66 61 64 22 76 43 60 59 60 7 88 43 58 38 27 89 8 96 77 61 26 36
57 22 39 88 39 83 22 86 6 98 95 21 93 83 74 78 25 48 57 80 20 28 11 11 97 69 53 50 83 66
87 44 71 90 78 26 25 83 40 61 36 9 6 52 39 86 68 69 3 37 82 23 3 60 24 40 75 26 11 84
56 3 39 40 89 93 67 35 2 32 48 59 9 63 38 23 76 64 58 66 56 95 65 34 57 49 68 59 28 2
21 69 83 9 2 7 58 78 43 35 24 37 85 48 99 5 71 4 57 80 82 11 91 45 37 21 16 86 21 46
65 13 85 9 39 26 29 53 89 26 17 84 56 4 4 84 87 65 58 93 26 84 60 69 18 28 40 84 18 83
89 5 1 71 22 43 84 75 48 90 63 72 19 30 4 10 92 57 24 63 34 7 28 55 17 65 34 55 18 23
26 79 67 8 79 16 90 39 12 15 10 86 88 77 66 12 92 65 15 32 1 80 86 85 58 58 94 84 23 46
45 76 71 90 6 88 97 80 90 5 91 1 54 66 18 70 97 11 55 47 86 68 23 70 36 7 32 55 14 64
54 25 23 95 5 55 97 61 78 54 36 42 91 67 71 8 32 32 17 97 20 5 70 61 48 11 24 35 19 95
10 68 40 13 99 99 76 51 42 34 97 75 33 83 26 25 80 95 29 90 60 67 43 2 38 10 87 79 69 17
60 11 94 41 54 68 93 99 63 65 29 41 18 11 33 61 16 69 61 39 63 30 49 25 87 14 47 60 49 34
24 90 4 3 61 34 10 70 86 32 63 94 99 39 42 24 25 30 73 52 68 97 71 8 66 81 29 97 1 2
14 35 65 79 68 37 69 37 35 44 59 87 86 6 49 81 19 80 44 4 18 34 69 76 31 23 18 11 59 45
33 42 20 2 9 64 16 44 40 16 57 59 27 84 94 60 31 17 84 48 52 80 75 19 58 66 7 73 65 33
19 36 79 62 99 52 7 19 82 64 7 60 32 81 45 54 74 38 20 86 40 74 65 33 80 56 78 18 92 3
17 51 97 94 39 84 43 64 52 40 3 50 44 61 21 49 19 94 48 69 78 34 63 33 68 87 4 43 49 72
88 96 36 30 98 2 3 9 8 75 63 79 90 32 43 18 93 19 80 44 8 63 97 10 20 38 33 85 58 66
21 20 5 59 44 73 61 89 15 90 13 28 61 66 1 98 19 47 3 48 81 94 18 23 72 53 69 63 75 47
70 9 39 52 91 92 35 61 32 50 39 26 73 93 94 34 8 78 9 14 30 76 47 94 74 57 74 64 60 75
2 61 16 28 52 11 80 99 51 32 30 69 94 35 30 92 56 52 5 79 19 80 81 88 20 78 64 59 21 29

Demandas:
0 0 0 1 0 0
0 0 0 1 0 0
1 0 0 0 0 0
0 0 0 1 0 0
0 0 0 0 1 0
0 0 0 1 0 0
0 0 0 1 0 0
0 1 0 0 0 0
0 0 0 0 0 1
0 0 0 1 0 0
0 0 0 0 0 1
0 0 0 1 0 0
0 0 0 1 0 0
0 0 0 0 1 0
0 0 0 1 0 0
1 0 0 0 0 0
1 0 0 0 0 0
0 0 0 0 1 0
0 0 1 0 0 0
0 0 1 0 0 0
0 0 0 0 0 1
0 0 0 0 0 1
0 1 0 0 0 0
1 0 0 0 0 0
0 0 1 0 0 0
0 0 0 1 0 0
0 0 0 0 0 1
0 0 0 0 0 1
0 0 0 0 1 0
1 0 0 0 0 0
0 0 0 0 1 0
0 0 0 1 0 0
0 0 0 0 0 1
0 0 0 0 1 0
0 0 0 0 0 1
0 0 0 0 1 0
0 0 0 1 0 0
0 1 0 0 0 0
0 0 1 0 0 0
0 0 0 0 0 1
0 0 1 0 0 0
0 0 1 0 0 0
0 0 1 0 0 0
1 0 0 0 0 0
0 0 1 0 0 0
1 0 0 0 0 0
1 0 0 0 0 0
0 0 0 0 1 0
0 1 0 0 0 0
0 1 0 0 0 0
0 1 0 0 0 0
0 0 0 0 0 1
0 0 0 1 0 0
0 0 0 0 1 0
0 0 1 0 0 0
0 0 0 1 0 0
0 0 0 1 0 0
0 0 0 1 0 0
0 0 0 0 1 0
0 0 0 1 0 0
0 0 0 0 0 1
0 0 0 0 1 0
0 0 0 0 1 0
0 0 0 0 0 1
0 0 0 0 1 0
0 0 1 0 0 0
0 0 0 0 1 0
1 0 0 0 0 0
0 0 0 0 1 0
0 0 0 0 1 0
0 0 0 0 0 1
0 1 0 0 0 0
0 1 0 0 0 0
0 0 0 0 1 0
0 0 0 0 1 0
0 0 0 0 0 1
0 0 0 1 0 0
0 0 0 1 0 0
1 0 0 0 0 0
0 0 1 0 0 0
0 0 0 0 1 0
1 0 0 0 0 0
0 1 0 0 0 0
0 1 0 0 0 0
0 0 0 0 0 1
0 0 1 0 0 0
0 1 0 0 0 0
0 0 0 1 0 0
0 0 1 0 0 0
0 0 0 0 1 0
1 0 0 0 0 0
0 0 1 0 0 0
0 1 0 0 0 0
1 0 0 0 0 0
0 1 0 0 0 0
0 0 0 0 0 1
1 0 0 0 0 0
0 0 0 0 1 0
1 0 0 0 0 0
0 1 0 0 0 0

Capacidades:
1 0 2 2 1 3
4 1 2 4 2 2
0 3 1 3 0 3
0 2 0 4 2 0
4 2 4 4 0 4
2 0 4 1 3 1
2 3 4 2 1 3
1 1 4 2 3 1
0 0 2 0 1 3
3 4 2 3 3 3
0 2 2 0 3 4
4 2 3 3 3 3
2 1 1 0 4 0
1 4 4 0 0 2
2 3 4 0 0 0
1 3 3 3 4 1
1 2 2 2 4 1
2 0 2 4 4 1
0 0 3 0 1 0
2 4 4 0 0 2
4 0 2 2 2 4
3 1 4 4 1 0
3 2 2 0 2 2
2 4 0 4 0 0
3 2 1 1 2 3
2 4 4 0 4 0
2 2 2 1 0 3
4 1 4 3 4 2
4 0 4 1 1 3
1 1 2 0 0 2
