m: 100
n: 20
k: 8

Distancias:
98 70 77 65 72 77 14 49 72 65 93 21 39 4 81 20 97 35 48 49
82 46 99 58 41 44 77 6 26 9 31 55 5 42 10 91 7 10 76 31
95 48 3 1 31 11 92 17 61 80 91 46 48 2 68 9 82 63 99 51
30 5 85 38 79 72 67 58 10 45 76 18 10 44 44 65 58 51 79 34
25 17 52 51 29 32 64 11 23 49 93 5 60 69 28 24 65 3 81 16
35 7 60 54 22 41 21 55 78 13 27 74 4 83 26 55 92 63 89 8
38 21 87 11 96 4 37 31 76 30 60 98 60 34 37 65 23 91 61 40
43 52 37 27 23 18 82 88 29 35 58 86 12 55 46 32 39 27 22 50
90 15 12 23 50 47 13 12 27 69 22 92 74 85 50 10 88 93 34 56
49 15 60 97 82 26 21 59 48 25 73 20 6 97 96 8 95 49 49 52
54 3 57 66 94 83 8 49 58 78 35 32 92 64 79 8 11 45 60 95
10 31 79 57 62 56 41 11 73 95 90 31 99 44 2 24 41 5 20 27
34 13 99 3 19 32 76 96 40 42 65 46 30 93 73 99 33 28 16 24
42 43 46 59 12 28 50 42 30 39 23 24 92 97 72 84 71 92 40 54
47 82 94 98 4 59 26 71 63 77 94 93 79 90 81 70 80 6 28 47
85 25 48 15 18 75 83 3 1 16 28 67 56 68 57 10 20 69 96 76
53 13 27 98 46 28 10 52 28 79 39 19 56 66 73 41 82 55 26 96
17 70 68 84 94 82 71 53 91 49 22 85 1 62 89 89 33 35 2 7
68 66 70 13 6 47 7 32 40 73 58 85 90 36 11 72 52 18 93 63
42 50 94 84 72 47 95 56 77 72 62 87 95 41 98 76 48 47 41 81
4 23 81 97 55 38 5 76 21 98 10 63 45 90 92 22 49 9 22 36
95 24 41 75 44 23 12 29 15 7 8 22 53 15 37 44 62 21 63 19
25 25 48 65 52 72 97 64 92 55 29 54 91 61 11 60 25 37 46 14
63 47 2 74 2 99 97 39 12 26 12 44 83 29 97 65 39 63 7 83
34 51 70 19 4 17 75 2 44 43 75 98 40 17 41 46 26 11 98 17
32 85 94 75 63 39 79 1 88 64 87 87 53 47 55 75 91 30 51 84
51 83 75 75 70 6 14 3 64 97 83 76 13 57 27 96 8 12 88 38
41 2 65 47 56 58 2 61 42 36 51 67 52 12 22 78 17 29 6 55
39 35 12 17 26 27 64 68 14 50 87 21 34 58 12 35 9 29 17 8
50 55 29 59 7 61 23 54 77 92 58 82 58 24 90 65 6 66 39 37
37 85 11 51 18 9 7 64 15 87 50 82 81 28 44 23 5 13 73 94
67 51 70 86 27 1 33 83 5 16 96 88 46 61 68 60 71 24 40 58
10 25 36 90 54 48 7 32 41 25 3 83 66 44 67 82 21 58 67 92
50 66 54 57 78 24 7 86 87 45 52 75 93 14 98 89 63 61 99 68
8 30 99 20 27 90 8 64 63 28 23 27 44 70 86 13 92 81 36 55
58 49 83 51 47 68 59 43 84 59 73 13 7 87 45 30 37 49 21 1
95 34 76 16 92 28 7 86 2 6 92 27 60 8 57 28 60 81 76 4
17 34 74 85 90 34 25 6 34 64 60 67 52 69 90 2 4 41 66 47
39 97 76 10 3 82 61 6 11 30 11 56 73 18 12 91 65 11 74 74
96 74 97 68 18 50 44 12 54 97 70 15 77 73 66 94 49 26 52 19
47 72 62 63 72 23 81 2 58 9 65 96 22 68 13 19 77 34 31 69
74 56 94 29 81 3 62 56 75 83 50 5 32 76 10 68 40 96 65 70
37 62 99 7 48 34 32 72 51 30 82 66 1 78 26 41 85 83 91 54
63 47 61 48 57 23 46 98 96 45 55 53 89 78 29 25 6 93 61 28
95 23 12 47 16 83 31 37 59 33 90 88 14 84 18 32 87 35 24 49
84 32 87 83 12 54 21 8 53 88 57 57 96 62 63 93 12 20 89 92
80 81 91 53 56 78 57 4 39 50 48 58 66 87 74 67 47 26 17 56
10 50 40 49 82 9 26 20 9 66 93 89 89 29 37 45 96 94 16 86
85 10 64 13 15 57 12 47 8 59 55 38 42 53 57 76 33 54 38 64
47 41 68 65 8 21 39 43 86 63 11 17 61 19 41 61 40 48 21 7
37 42 71 4 31 90 66 52 43 7 37 82 21 20 73 81 86 63 38 32
8 53 92 77 5 35 52 35 85 86 51 2 62 55 86 52 54 27 12 35
36 5 1 99 1 62 79 85 97 73 59 3 68 38 44 52 27 14 33 54
9 14 81 34 30 56 36 61 49 97 8 28 39 9 74 95 99 66 47 89
4 58 23 65 61 17 58 42 7 31 22 39 65 56 31 20 72 59 86 58
16 20 36 38 84 64 52 76 63 75 38 89 25 84 69 62 57 1 32 51
69 20 71 24 12 10 1 95 95 2 81 26 39 54 76 10 64 82 83 77
77 24 66 74 13 49 71 76 15 31 43 15 96 10 64 14 73 74 79 29
67 57 62 1 84 56 34 59 53 12 15 51 79 48 12 87 97 71 18 47
60 69 14 85 12 87 47 39 62 18 75 52 96 70 97 62 47 58 72 54
58 37 30 24 19 23 54 19 75 79 55 54 13 16 95 35 90 88 34 21
54 19 21 16 66 91 91 64 34 84 6 7 66 27 76 13 24 23 92 14
85 98 75 19 36 96 37 85 35 88 30 56 28 78 17 9 92 50 95 94
45 53 62 35 87 34 78 8 53 91 86 23 52 62 64 99 52 9 85 18
30 13 65 81 4 15 96 25 22 57 13 6 35 25 52 49 47 5 52 69
95 11 5 81 89 85 95 63 80 52 75 84 98 71 54 75 60 39 89 66
64 95 26 75 92 63 50 72 31 62 21 98 28 48 83 93 52 2 61 37
75 17 84 48 76 4 47 55 76 23 20 12 44 25 69 99 79 33 99 55
42 11 69 92 19 9 15 67 73 65 65 84 36 54 76 31 97 78 21 7
47 47 59 70 62 17 31 13 98 51 10 3 89 6 43 22 36 46 70 56
68 21 9 24 22 61 80 99 31 43 36 9 96 47 57 72 31 68 81 9
74 56 28 3 93 64 6 75 51 6 93 34 63 59 23 83 45 59 82 50
5 34 55 65 11 48 76 18 29 38 93 31 7 23 20 32 30 76 42 32
61 65 77 48 14 19 2 67 39 35 42 18 15 95 58 84 17 6 6 39
63 2 10 1 42 44 60 64 49 99 86 66 83 52 37 68 39 94 34 13
99 46 75 15 94 70 20 62 32 84 70 65 15 2 93 34 24 60 13 61
51 2 78 13 98 18 87 53 59 67 60 36 56 85 4 96 21 59 80 15
42 21 80 18 23 84 46 47 50 97 45 53 43 49 97 73 23 83 47 1
19 11 77 57 30 5 48 28 76 60 61 10 76 90 43 40 85 32 82 44
17 85 84 47 36 77 81 1 3 24 21 20 69 28 33 22 78 76 6 10
93 82 57 58 67 87 77 28 53 14 80 78 75 32 29 74 70 86 92 7
63 7 4 77 29 85 91 62 87 79 40 51 22 71 3 62 81 78 33 57
64 2 5 40 15 62 12 10 46 33 90 67 27 62 57 59 97 75 71 25
84 72 29 67 66 53 73 92 9 80 63 80 54 32 14 59 56 46 22 59
12 49 33 34 17 78 32 27 72 98 65 86 22 34 97 56 95 64 72 68
66 62 6 76 14 50 24 91 10 96 2 23 87 73 99 16 68 86 41 10
13 87 55 32 82 7 15 78 12 77 77 33 47 2 33 33 84 4 45 10
26 30 36 89 72 31 29 50 35 43 57 86 74 26 95 29 8 94 22 47
69 44 30 67 42 8 55 66 4 9 20 67 31 72 50 48 2 80 92 76
53 18 80 92 42 38 68 58 97 13 32 34 13 1 10 68 16 96 35 71
63 46 65 14 61 23 2 10 67 20 33 43 25 29 3 8 57 5 42 76
4 39 55 92 7 43 48 49 72 60 2 7 60 68 67 15 23 78 29 64
72 7 78 94 97 7 96 53 65 12 6 59 46 56 31 18 24 73 77 17
69 75 25 43 75 54 42 5 45 88 32 43 61 79 4 83 66 95 44 4
37 68 51 31 64 90 97 73 99 42 56 90 29 18 61 67 68 75 13 48
51 66 86 39 92 6 59 21 59 57 1 57 92 30 20 28 67 19 82 77
81 5 64 78 94 23 91 91 48 16 60 80 66 98 51 27 14 50 71 63
95 37 23 64 18 21 92 17 70 20 69 48 19 76 27 55 96 32 20 48
14 97 79 86 72 1 31 78 74 93 82 15 72 39 70 50 55 66 22 58
54 72 64 81 26 12 49 15 28 14 23 4 59 73 63 26 72 56 44 52

Demandas:
0 0 1 0 0 0 0 0
0 0 0 0 0 1 0 0
0 0 0 0 0 0 0 1
0 0 0 1 0 0 0 0
0 1 0 0 0 0 0 0
0 0 1 0 0 0 0 0
1 0 0 0 0 0 0 0
0 0 0 0 0 0 1 0
0 0 1 0 0 0 0 0
0 0 0 0 0 0 0 1
0 0 0 0 0 0 0 1
0 0 0 0 1 0 0 0
0 0 1 0 0 0 0 0
0 0 0 0 1 0 0 0
0 0 0 0 1 0 0 0
1 0 0 0 0 0 0 0
0 0 1 0 0 0 0 0
0 0 0 0 0 0 0 1
0 0 0 0 1 0 0 0
0 0 1 0 0 0 0 0
0 0 0 0 0 0 0 1
0 0 0 0 0 0 0 1
0 0 1 0 0 0 0 0
0 1 0 0 0 0 0 0
0 0 0 0 0 0 0 1
0 0 0 0 0 1 0 0
0 0 0 0 1 0 0 0
1 0 0 0 0 0 0 0
0 0 0 0 0 0 0 1
0 0 0 0 0 0 1 0
0 0 0 0 0 1 0 0
0 0 0 0 0 0 0 1
0 0 0 1 0 0 0 0
0 0 1 0 0 0 0 0
0 0 0 1 0 0 0 0
0 0 0 1 0 0 0 0
0 0 0 0 0 0 0 1
0 0 0 0 1 0 0 0
0 0 0 0 0 1 0 0
1 0 0 0 0 0 0 0
0 0 0 0 0 1 0 0
0 0 1 0 0 0 0 0
0 0 0 0 0 1 0 0
0 0 0 0 0 0 0 1
0 1 0 0 0 0 0 0
0 0 0 0 0 0 1 0
0 0 0 0 0 0 1 0
0 0 0 0 0 1 0 0
0 0 0 1 0 0 0 0
0 0 1 0 0 0 0 0
1 0 0 0 0 0 0 0
0 0 0 1 0 0 0 0
0 0 0 0 1 0 0 0
0 0 0 1 0 0 0 0
0 0 0 1 0 0 0 0
0 0 0 0 0 1 0 0
0 0 0 0 0 0 1 0
0 0 0 0 0 1 0 0
1 0 0 0 0 0 0 0
0 0 0 0 0 0 1 0
0 0 1 0 0 0 0 0
0 0 0 0 0 1 0 0
0 1 0 0 0 0 0 0
0 0 0 0 0 0 0 1
0 0 0 0 0 0 0 1
0 0 0 0 0 0 0 1
0 0 1 0 0 0 0 0
0 1 0 0 0 0 0 0
0 1 0 0 0 0 0 0
0 0 1 0 0 0 0 0
0 0 1 0 0 0 0 0
0 0 0 0 0 0 0 1
0 0 0 0 0 0 0 1
0 0 0 0 0 0 0 1
0 0 0 1 0 0 0 0
0 1 0 0 0 0 0 0
0 0 0 0 1 0 0 0
0 0 0 1 0 0 0 0
0 0 0 1 0 0 0 0
0 0 1 0 0 0 0 0
0 0 0 0 0 0 1 0
0 0 0 0 1 0 0 0
0 0 0 0 1 0 0 0
1 0 0 0 0 0 0 0
0 0 1 0 0 0 0 0
0 0 1 0 0 0 0 0
0 1 0 0 0 0 0 0
0 0 0 0 0 0 0 1
0 0 0 0 1 0 0 0
0 0 0 0 1 0 0 0
0 0 0 0 0 1 0 0
0 0 0 0 0 0 0 1
0 1 0 0 0 0 0 0
0 0 0 0 1 0 0 0
0 0 0 1 0 0 0 0
0 0 0 0 1 0 0 0
0 1 0 0 0 0 0 0
1 0 0 0 0 0 0 0
0 0 0 0 0 0 0 1
0 0 0 0 0 0 1 0

Capacidades:
4 2 3 4 2 0 4 4
2 3 0 0 3 3 1 1
0 0 3 4 4 1 4 2
3 3 1 3 1 2 1 2
1 3 0 4 3 1 3 1
3 4 1 1 3 3 2 0
1 2 1 3 3 4 3 1
3 2 3 1 0 3 4 0
2 0 1 2 3 0 4 1
3 4 2 2 2 3 2 1
1 0 4 3 1 2 0 1
2 3 4 3 2 1 4 4
1 0 3 1 1 4 2 3
1 4 3 3 0 4 3 3
0 2 2 4 0 4 2 4
0 1 4 0 1 1 1 2
0 2 0 4 3 4 0 3
0 3 2 3 1 1 0 1
2 3 3 4 3 1 1 0
3 2 1 4 1 3 1 3
